  87.665   17.875
  97.811   17.866
 101.754   17.421
  91.387   17.032
  91.950   17.517
  92.093   17.488
  79.168   18.417
 101.351   16.091
 100.911   16.128
  91.462   17.168
  99.471   14.384
  90.434   17.042
  86.598   17.058
  84.886   17.447
  95.622   17.319
  97.767   17.022
  89.411   16.293
  97.171   17.559
  99.925   16.622
  97.903   16.772
  96.846   17.178
 108.636   14.132
  98.727   16.576
  88.082   16.679
 102.629   15.539
  80.660   16.328
  90.219   16.835
  96.083   16.517
  97.981   16.827
  94.751   16.689
  92.326   16.273
  95.298   16.416
  97.500   17.526
  96.882   17.763
 102.557   15.656
 100.710   15.119
 101.045   17.445
  91.818   16.920
  90.368   16.711
 100.917   17.762
 113.208   18.182
 108.216   18.534
  95.928   17.040
  91.822   16.882
 101.859   17.377
 103.963   16.788
  88.273   16.527
 117.462   15.448
 105.639   14.972
 103.989   16.327
  95.362   17.106
  87.244   17.389
  93.896   16.648
  90.096   16.621
 108.046   16.992
  96.472   16.505
  86.002   16.670
  96.357   17.571
  94.746   15.404
  92.408   17.393
 101.047   15.893
  92.950   15.406
  93.652   15.962
  93.679   17.814
  92.883   17.774
  92.568   17.120
 100.302   15.818
  98.328   17.202
  99.939   16.538
  97.247   15.064
  96.696   16.659
  90.452   15.969
 100.668   16.686
  95.363   16.851
  97.227   14.700
  87.849   15.810
 113.376   12.786
  88.134   16.559
  94.330   17.040
 106.440   15.031
  95.273   16.435
 108.810   13.307
  88.416   16.932
  96.118   16.922
 100.818   16.876
 107.553   17.506
  98.778   17.474
 104.632   14.077
  99.459   16.024
 110.891   12.773
 105.921   14.389
  94.673   15.284
 108.468   12.794
 102.383   14.942
  98.652   14.547
  99.701   15.257
  85.015   17.348
  92.848   16.914
  87.399   16.820
 100.641   14.085
 107.751   14.317
 107.913   13.254
  94.271   15.669
 108.259   12.813
 105.126   14.240
 113.441   13.001
 103.851   13.868
 113.282   13.992
 105.182   14.631
  91.945   17.416
  85.041   17.072
  85.877   17.134
 103.010   12.115
  94.865   15.520
 100.402   17.106
 112.894   16.414
 121.206   17.716
 105.961   16.424
 103.990   16.001
 112.734   13.793
 113.821   14.080
 118.463   12.256
 105.314   14.734
 108.310   13.313
 117.728   13.629
 115.689   13.063
 120.891   13.732
 104.103   13.214
 110.307   13.157
 121.012   12.763
 114.556   12.548
 102.825   13.684
 115.908   13.469
 111.479   12.882
 108.177   13.724
 118.887   13.621
 102.315   14.425
 106.713   12.883
  96.084   15.482
 101.962   15.313
  97.606   15.073
  87.226   16.728
  91.025   14.295
 104.993   14.926
 100.977   15.993
  91.982   15.726
  88.389   16.929
  79.346   17.543
  87.587   16.928
  83.151   17.221
 104.428   13.508
 115.284   13.488
  98.127   16.844
 115.065   13.096
 103.533   13.229
 108.916   13.359
 100.259   12.948
  76.689   15.620
  90.768   17.754
  88.928   16.223
   9.849    8.577
  94.299   15.048
 112.433   13.707
  92.903   16.160
  99.872   13.862
 109.972   13.348
 113.536   12.807
 115.604   13.515
 123.724   12.886
 108.328   13.204
 100.886   13.526
 106.890   13.461
 110.473   14.304
 115.330   13.274
 105.366   13.318
 114.037   13.272
 109.695   13.360
 126.820   13.950
 126.127   12.382
 119.877   12.807
 123.852   13.676
 108.653   13.417
 108.551   13.394
 115.907   12.635
 109.245   13.999
 110.373   13.703
 117.401   13.985
 107.982   13.626
 118.954   13.515
 111.335   13.378
 124.221   13.851
  98.053   13.759
 114.864   13.829
 112.881   14.040
  98.316   13.421
 110.578   13.833
 120.117   13.685
 113.960   13.521
 113.233   13.345
 113.946   13.550
  99.618   13.939
 118.653   13.454
 108.097   13.092
 115.534   13.326
 111.048   13.601
 121.405   13.803
  98.488   13.402
 113.159   12.225
 115.011   13.470
 117.661   13.467
 110.997   13.601
 112.816   13.539
 124.592   12.622
 115.763   12.553
 125.903   12.544
 123.353   12.341
 118.790   13.504
 116.021   13.709
 103.950   13.276
 120.178   13.615
 115.995   13.247
 108.836   13.552
 108.604   13.041
  93.834   17.679
 103.523   12.870
 118.183   12.991
 116.951   13.485
 113.731   13.777
 117.900   13.890
 117.043   12.690
 111.426   13.573
  94.639   15.036
 117.521   13.846
 110.189   12.318
 115.565   13.381
 127.337   12.610
 119.403   13.655
 112.847   13.170
  87.228   16.491
 112.689   12.833
  98.713   15.671
  95.739   14.739
 111.983   13.316
 112.802   14.198
  90.385   16.395
 118.753   13.759
 114.158   13.548
 102.699   14.385
 111.892   13.423
 117.050   13.550
  96.677   15.096
  91.157   14.716
 119.235   13.453
 112.794   12.679
 110.323   13.787
 110.858   13.511
 110.716   13.397
 110.629   13.563
 113.581   13.773
 112.675   13.703
 116.733   12.583
 123.233   12.839
 109.616   12.886
 115.212   13.848
 105.483   13.627
 116.434   13.477
  23.590    7.668
 122.899   14.029
 121.390   13.647
  93.538   15.950
  97.427   14.279
 109.540   12.854
 107.139   14.052
 112.023   14.000
 107.254   13.974
 104.043   13.609
 106.613   13.280
 106.433   13.435
 121.439   13.957
 122.008   13.282
 103.690   13.808
 121.069   13.719
 108.170   12.735
 104.773   13.914
 113.231   13.752
 122.208   12.622
 118.136   13.380
 119.275   13.248
 117.214   12.286
 107.238   13.581
 107.543   13.584
 112.481   13.523
 120.609   13.694
 115.472   13.405
 108.997   13.862
 125.481   12.476
  98.467   13.262
 106.441   12.882
 111.812   13.555
  85.248   16.533
  86.524   15.223
 100.017   15.649
 109.817   13.441
 114.207   12.567
 104.790   13.400
 102.920   13.861
 117.322   13.709
 118.184   13.643
  85.865   15.499
 106.694   13.175
 112.494   13.698
 104.527   13.179
 114.753   12.973
 104.366   12.704
 112.836   13.472
 105.772   14.145
 113.071   13.835
 102.057   15.647
 110.466   13.117
  99.427   13.616
 108.478   13.634
 111.507   13.584
 119.843   13.563
 105.310   13.496
 112.898   14.035
 109.207   13.403
 117.734   13.014
 124.040   13.626
 116.453   13.602
 107.295   14.300
 107.526   14.211
 115.466   13.768
 114.148   14.651
 118.577   13.180
 113.527   14.062
 117.184   13.600
 116.021   12.768
 110.990   13.828
 119.550   14.306
 116.533   14.060
 113.089   13.696
 118.118   12.827
 113.158   13.694
 104.354   14.118
 112.982   14.407
 103.481   15.803
 106.031   14.715
 105.731   13.764
 112.872   13.868
 114.211   13.896
 101.062   13.690
 111.198   14.401
 112.007   13.325
 105.792   13.933
 117.672   13.940
 109.335   13.560
 111.904   13.467
 105.026   13.257
 110.474   13.793
 119.100   13.799
 103.024   15.264
 108.227   13.697
 106.565   13.980
 107.790   15.092
 101.299   14.080
 108.059   13.771
 109.705   13.480
 121.067   13.534
 103.107   13.351
 123.122   12.981
 120.539   12.166
 107.376   13.344
 107.553   13.351
 126.040   13.032
 108.647   13.093
 126.705   13.386
 104.129   13.501
 112.164   13.268
 102.674   13.571
 104.909   13.213
 118.350   13.820
 107.692   13.041
 117.062   13.103
 129.035   13.532
 115.982   12.585
 121.568   13.462
 128.388   12.848
 107.376   14.988
 104.095   13.641
 114.813   14.018
 102.612   13.438
 105.600   12.359
 106.743   13.602
 109.984   12.697
 100.594   13.789
  95.961   15.585
 113.061   13.503
 115.137   13.561
 117.739   13.583
 113.006   13.723
 109.708   13.817
  94.872   13.601
 103.884   13.665
 105.402   13.580
  93.460   16.126
 118.488   13.536
 112.715   14.581
 113.646   13.407
 104.648   13.599
 103.654   13.628
 116.239   13.573
 115.700   13.865
 102.341   15.707
 106.246   13.595
 116.093   13.354
 118.705   13.720
 115.565   13.525
   8.728    7.164
 112.750   13.665
 117.744   13.530
 119.475   13.158
 116.849   13.002
 116.793   13.557
 107.919   13.840
 123.868   12.935
 104.019   15.310
 123.735   13.330
 100.345   15.332
 117.501   12.640
 119.122   13.562
 118.460   13.857
 111.820   12.818
 114.690   13.488
 113.953   14.608
 110.952   14.178
 124.930   12.913
 115.933   13.561
 111.096   13.744
 114.684   13.093
 125.426   12.901
 111.860   14.115
  93.599   15.079
 111.589   12.612
 117.016   14.130
 128.737   12.690
 110.878   13.549
 108.336   14.072
 114.884   14.133
 104.811   14.402
 107.590   14.299
 105.801   15.171
 112.377   13.325
 105.383   14.898
 110.185   13.506
 106.866   13.726
  98.497   17.011
  92.376   16.809
  91.280   17.239
 102.853   17.342
  99.628   16.296
 101.300   16.776
 117.096   12.664
 101.346   15.757
 116.666   13.985
 123.183   12.538
 115.270   13.263
 119.640   12.736
 112.512   13.215
 113.502   12.924
 116.769   13.105
 110.580   13.132
 115.023   14.764
 121.367   13.156
 110.231   13.251
 110.672   14.485
 110.163   14.529
 102.550   14.854
 121.797   13.233
 110.002   14.555
 105.986   15.192
 117.531   14.458
 110.408   14.853
 129.523   13.485
 108.465   14.707
 102.087   13.309
 111.254   13.129
 124.148   12.408
 105.724   14.366
 114.492   14.617
 125.693   13.105
 124.697   12.508
 117.926   13.371
 122.789   12.633
 105.456   12.822
 111.058   13.483
 117.529   13.725
 103.034   13.663
 102.243   13.926
  98.069   14.847
 114.624   12.891
 106.736   14.919
 105.115   13.120
 111.919   13.024
 122.189   12.468
 115.029   13.132
 108.774   13.267
 112.372   15.072
 109.843   12.598
 114.409   12.485
 115.238   12.360
 106.130   13.354
 113.739   13.566
 112.648   12.620
 122.536   13.260
 121.421   12.764
 125.730   13.721
 112.838   13.000
 118.754   12.701
 115.169   14.101
  96.892   15.961
 103.152   15.682
 105.610   14.355
 107.671   14.196
  95.367   15.910
  97.650   14.883
 106.792   13.567
 105.781   16.150
 109.443   14.119
  97.189   16.052
  99.992   16.183
 105.315   15.510
 108.242   15.914
 107.764   15.622
 115.982   14.241
 116.369   13.859
 113.380   13.103
 108.239   15.584
 122.970   12.998
 117.305   14.145
 121.300   13.315
 117.888   13.404
 108.056   14.930
  94.731   14.025
 105.870   12.426
 107.824   13.744
 118.450   12.774
 116.967   12.917
 116.385   14.116
 111.356   14.330
 109.577   16.185
 108.483   14.354
 103.936   15.727
 104.871   15.142
 100.932   15.471
 121.349   13.912
 110.843   14.648
 111.661   12.791
 127.938   13.644
 113.168   14.282
 105.589   14.589
 103.250   14.600
 112.543   13.889
 116.562   13.378
 106.918   13.139
 117.304   13.130
 115.775   13.562
 106.666   12.916
 115.990   13.396
 111.405   12.994
 109.521   13.473
 121.651   14.323
 104.031   14.245
 102.229   13.912
 114.886   13.914
  99.868   14.477
 114.616   14.472
 109.483   14.175
 106.269   14.348
 108.467   14.120
  94.972   13.862
 103.282   13.490
 111.992   13.279
 110.084   14.194
 110.005   14.087
 115.590   14.512
 113.835   14.297
 107.178   14.267
 115.678   14.377
 117.049   14.200
 109.659   13.092
 115.264   14.278
 116.276   13.794
 126.803   14.301
 109.160   14.453
 118.303   13.684
 120.572   14.537
 116.807   14.229
 116.582   14.152
 117.123   14.325
 108.584   14.453
 120.036   12.808
 129.787   13.090
 117.490   13.045
 120.806   13.928
 107.623   13.805
 117.155   12.750
 118.058   13.739
 117.309   13.603
 117.637   13.600
 116.003   14.246
 115.794   13.704
 134.651   12.853
 111.809   13.544
 105.181   13.913
 121.341   14.314
 120.175   13.106
 112.249   13.326
 117.640   13.537
 120.738   13.946
 113.519   12.814
 121.931   14.094
 115.563   14.734
 119.328   15.114
 127.349   13.956
 119.682   13.735
 120.331   12.393
 109.699   12.700
 114.214   13.588
 126.380   12.554
 127.850   12.925
 112.261   13.255
 110.771   11.909
 118.667   12.837
 119.866   14.427
 105.325   14.947
 122.439   12.847
 103.370   14.633
 120.846   13.215
 108.484   14.626
 105.574   15.059
 100.565   14.560
  96.318   15.090
  95.629   15.808
 112.696   14.339
 115.112   12.092
 115.453   14.506
 106.266   14.652
 114.527   14.214
 103.158   14.349
 107.465   13.953
  93.856   14.658
  99.409   14.706
 100.633   14.272
  95.470   14.829
 103.075   15.136
 100.225   14.735
 107.493   14.137
 108.115   13.434
 111.792   12.576
 105.732   14.583
 113.735   13.609
 111.233   12.627
 115.800   12.639
 105.190   12.780
 112.286   12.318
 120.062   14.478
 113.321   12.910
 107.320   13.997
 119.811   14.256
 111.691   13.891
 113.050   12.681
 112.236   13.686
  93.477   15.218
  98.197   16.727
  89.825   16.542
 112.021   13.335
 123.422   13.090
 103.276   16.864
  93.222   17.134
 103.137   14.600
 112.331   14.603
 100.563   16.607
 108.693   14.860
 102.422   15.488
 105.170   13.253
 104.802   15.618
 109.979   14.518
 101.782   16.113
 100.027   15.094
 111.523   14.732
  99.982   15.073
 101.280   15.036
  95.240   16.336
  97.531   15.328
  92.834   14.915
  97.083   15.201
 112.482   14.672
  94.329   15.531
 104.912   15.357
 115.309   12.336
 108.916   15.658
  94.048   15.558
 104.876   15.122
 102.929   13.491
  98.139   15.467
 112.887   12.440
  95.264   16.659
 104.036   14.381
 102.384   14.245
 111.100   12.758
 119.982   13.483
 107.478   15.056
 122.610   14.043
 123.490   13.720
 108.878   12.680
 104.425   15.781
 125.529   13.074
 119.601   14.128
 108.706   13.023
 112.685   13.996
 121.284   13.051
  98.573   15.684
  91.320   15.236
 102.695   15.092
 115.549   12.881
 109.142   14.466
 106.594   14.471
 103.236   16.187
  95.119   14.470
 106.455   15.630
  99.651   15.619
  90.746   15.036
 105.232   15.993
 101.964   15.901
  95.144   16.555
  97.974   15.701
 108.286   15.265
 104.603   16.618
 109.780   16.659
 101.169   16.543
  99.727   16.257
  99.136   15.717
 102.211   16.823
 103.628   17.020
 100.928   16.672
 103.998   15.829
 101.045   16.907
 103.298   16.098
 103.062   16.160
 105.709   16.767
  96.603   16.639
  94.504   16.282
 105.241   16.946
  99.002   16.580
 103.994   15.818
 100.518   15.819
 105.747   15.082
 111.411   13.679
 110.715   13.005
 101.356   13.099
 121.783   12.734
 122.379   12.720
 110.045   14.796
 103.217   14.574
 119.175   12.624
 105.436   14.091
 108.792   13.799
 100.941   15.524
 114.007   13.972
 101.871   15.739
  93.401   15.738
 109.664   14.793
 114.725   13.149
 106.340   12.469
 100.003   15.276
 116.682   14.123
 100.631   13.786
 109.588   12.897
 104.053   15.691
 100.832   14.197
  90.955   15.839
  92.991   15.704
 112.022   12.203
  98.684   13.398
 114.345   13.096
 104.327   12.702
  95.105   14.889
 110.052   12.937
 111.231   11.726
 112.162   13.177
 106.665   12.183
 111.126   13.224
 109.637   13.401
  16.864    6.798
 111.592   15.512
 115.111   14.241
 113.987   13.984
 117.025   13.901
 113.527   13.636
 116.865   14.159
 128.411   14.769
 116.907   12.786
 105.315   13.244
 113.320   13.038
 108.808   15.620
 120.621   13.947
 104.213   14.057
 109.394   14.096
 114.277   12.894
 111.260   13.837
 104.537   15.655
  99.301   15.721
 106.379   15.381
 112.001   14.123
 110.135   13.908
 121.048   12.644
 110.292   14.891
 113.039   14.149
 109.673   12.936
 100.111   15.339
 119.797   13.986
 108.541   13.631
 115.319   13.931
 114.547   13.889
 109.752   14.218
 114.777   14.179
 122.327   12.854
 120.272   13.996
 117.906   13.270
 117.262   13.462
 120.931   13.649
 125.685   12.261
 118.596   13.553
 122.587   13.779
 121.100   13.864
 111.798   13.255
 106.952   15.573
 110.060   13.492
 118.428   14.001
 115.120   13.671
 118.731   13.814
 114.393   13.898
 108.507   14.107
 108.261   13.857
 114.288   14.041
 118.317   13.584
 114.415   14.040
 117.379   13.684
 109.365   14.328
 120.095   13.811
 107.505   14.621
  97.756   14.758
 102.461   13.759
 103.501   14.393
 111.984   13.998
 113.322   13.911
 104.029   15.739
 105.392   14.362
 114.051   12.425
 119.220   13.887
 110.415   15.412
 115.145   13.965
 108.621   15.492
 118.962   12.333
 113.941   12.276
 114.372   11.934
 125.596   12.510
 110.099   13.458
 110.628   13.727
 109.684   14.018
 114.334   14.397
 101.566   14.091
 109.504   14.316
 115.538   14.067
 110.358   14.278
  99.716   13.058
 106.605   14.300
 120.195   13.849
 112.823   13.596
 113.797   13.084
 110.930   13.613
 107.815   13.343
 116.754   12.511
 119.767   13.568
 108.929   12.507
 108.982   13.625
 114.394   11.820
 121.002   12.037
 108.456   15.019
 118.108   13.234
 124.241   12.640
  97.481   13.948
  97.217   12.629
 114.306   14.141
 124.959   13.867
 113.673   13.999
 113.388   13.796
 102.624   13.998
 114.766   12.507
 116.825   13.812
 115.241   13.874
 117.063   12.439
 118.419   12.904
 108.222   14.058
 125.975   14.145
 105.005   15.622
 100.430   14.594
  94.920   15.669
  84.329   15.558
 114.611   13.897
 116.420   13.793
  84.811   15.829
  89.468   15.759
 101.492   15.757
 111.622   13.259
 120.700   13.120
 108.967   13.890
  87.944   15.601
 106.303   12.705
 116.548   12.094
 122.892   12.434
 112.638   13.541
 118.198   13.873
 110.221   11.791
 114.540   12.463
 115.012   13.416
 109.245   13.786
 112.148   13.456
 112.525   13.724
 101.077   15.307
 114.758   13.810
 111.020   12.269
 120.044   13.126
 115.522   13.598
 120.026   13.483
  97.672   14.803
 122.177   13.615
 117.587   13.775
 115.791   13.501
 104.072   13.621
 114.880   13.658
 116.615   13.477
  98.585   14.235
 101.214   14.979
 119.019   13.402
 103.650   12.936
 122.509   12.783
 103.785   15.028
 118.118   12.938
 125.343   12.396
 115.890   13.313
 116.645   13.998
 116.186   13.592
 115.440   12.265
 112.864   13.209
 111.237   13.382
  99.791   14.042
 113.573   13.662
 116.274   11.887
 102.246   12.572
 115.932   13.282
 115.968   13.664
 115.014   13.343
 108.315   11.751
 124.189   11.855
 109.112   12.142
 110.005   11.768
 118.924   12.672
 109.507   13.660
 113.490   13.783
 115.546   13.633
 113.888   13.168
 101.635   12.590
 108.091   13.115
 124.453   12.760
 105.191   13.608
 116.378   12.249
 100.552   12.513
 121.345   13.308
 100.406   12.051
 102.204   14.331
 115.046   12.021
 112.616   12.872
 111.864   12.690
 105.670   15.761
 121.775   13.949
 104.342   15.373
 114.873   13.214
 113.806   13.501
 125.081   12.786
 117.061   13.584
 114.981   13.545
 126.734   13.685
 121.136   13.503
  93.555   14.166
 122.217   12.374
 119.714   12.527
 121.355   12.337
 110.890   13.280
 120.823   12.490
 127.500   13.667
 106.288   15.347
  96.009   15.784
 102.044   15.412
 114.052   13.782
 112.734   13.853
 123.061   12.449
 125.977   13.496
 112.570   14.866
 114.490   13.052
 127.063   12.765
 125.506   17.268
  98.638   15.956
 118.894   13.125
 130.134   14.535
 128.568   12.314
 113.940   13.356
 121.301   13.195
 115.893   12.506
 124.145   13.733
 121.084   13.497
 115.040   13.431
 115.130   13.516
 119.181   13.144
 119.786   13.554
 114.374   13.507
 115.440   13.395
 116.610   12.625
 125.268   13.604
 123.979   12.620
 124.985   12.138
 131.521   13.574
 133.891   12.144
 119.278   13.490
 130.223   12.305
 121.685   12.128
 115.304   13.075
  97.725   14.931
 108.018   13.404
 105.059   14.855
  95.603   14.572
  95.642   15.282
 102.184   14.899
 101.850   14.731
 103.779   14.428
 108.356   14.589
 107.179   14.454
 117.611   14.464
 116.075   14.647
 103.381   15.668
  98.313   15.350
 103.263   15.615
 122.274   13.924
 125.546   13.620
 125.936   12.794
 127.295   12.477
 111.178   12.997
  99.645   13.632
 105.626   13.507
 113.197   13.337
 104.687   15.072
 110.078   13.827
 120.295   12.599
 126.404   12.267
 111.629   13.043
 125.778   12.215
 120.943   13.196
 112.285   15.114
 121.273   13.818
 128.281   12.633
 106.076   14.494
 114.763   13.665
 130.794   12.604
 105.437   12.388
 119.696   13.953
 116.001   12.616
 117.014   14.081
 109.732   15.204
  89.125   15.641
 101.895   14.826
  98.361   14.622
  95.359   16.177
  93.669   16.037
  90.461   15.929
 101.489   14.605
  99.321   13.948
 111.317   14.739
 104.395   14.932
 125.842   14.020
 122.158   12.675
 112.968   13.896
 118.752   12.730
 122.335   12.693
 118.870   12.514
 126.003   13.922
 118.324   13.518
 119.503   12.444
  22.169    8.546
 115.818   13.793
 105.877   14.636
  86.603   14.876
 104.809   13.602
 122.716   13.638
 110.802   13.613
 110.931   13.563
 116.033   12.584
  90.243   14.914
 100.721   14.954
 109.215   12.411
 121.464   13.111
 115.950   12.644
 109.593   13.685
 111.790   13.886
 110.297   12.370
 111.500   13.236
 116.978   12.108
 123.725   13.254
 112.214   13.646
 108.077   14.999
 116.533   13.390
 116.758   13.190
 115.583   13.905
 116.882   13.616
 113.356   14.578
  97.154   14.764
 105.649   14.078
 110.770   14.039
 123.562   13.536
 114.420   14.377
 107.715   15.324
 110.253   15.438
 101.393   14.994
 114.601   14.624
 100.332   14.597
 106.429   15.272
  99.939   15.580
 107.624   15.189
 102.124   15.426
 101.925   14.480
 103.682   15.319
 104.534   14.950
 107.498   14.156
 102.337   15.080
  93.421   14.572
 106.507   15.029
 107.113   14.276
 111.559   15.516
 120.756   14.665
 126.122   13.598
 123.041   14.022
 115.038   15.248
 126.619   12.556
 101.147   16.001
 102.705   14.376
 115.280   14.741
 131.654   13.569
 123.666   12.714
 118.754   13.686
 108.688   14.883
 120.291   12.952
 125.396   12.511
 116.990   13.038
  97.320   14.943
 113.917   13.130
 130.002   12.988
 121.647   12.421
 108.361   13.194
 116.062   13.425
 108.061   13.310
 120.365   13.251
 114.527   13.133
 110.009   13.604
 113.459   14.873
 127.985   13.268
  99.227   15.644
 113.195   12.794
 118.814   12.148
  99.501   15.698
 106.004   15.173
 114.809   15.024
 111.408   15.030
  92.455   14.652
  92.734   15.209
 112.088   15.035
  90.946   15.639
 125.600   13.709
 109.921   13.948
 128.156   13.622
 125.833   12.400
 112.264   13.664
 114.108   14.091
 123.568   12.626
 120.388   12.921
 127.562   13.943
 124.357   14.030
 120.818   12.427
 125.715   12.347
 117.508   12.270
 116.393   12.607
 114.001   14.212
 120.381   13.626
 123.781   13.481
 121.664   13.923
 126.271   13.969
 100.460   13.553
 112.368   13.685
 117.599   13.659
 123.401   13.853
 112.140   14.374
 115.913   14.062
 120.990   14.147
 120.649   13.677
 109.841   14.753
 123.449   13.645
 121.687   11.980
 123.604   12.328
 118.358   12.689
 125.363   12.763
 126.650   12.527
  90.741   15.122
 103.028   15.342
 107.751   15.814
 114.650   14.410
 112.358   15.975
 116.727   14.976
 130.588   13.063
 116.052   14.179
 120.479   13.611
  98.804   15.140
 128.438   14.144
 119.904   15.045
 117.525   13.997
 124.664   13.888
 117.710   14.496
 124.883   13.927
 118.660   13.559
 102.990   15.114
 108.569   14.741
 104.527   15.693
  99.357   15.836
 103.952   15.389
 106.440   14.999
  98.995   15.610
 102.315   14.761
 118.420   13.601
 111.142   15.267
  99.981   15.663
 105.610   16.113
 103.481   15.041
 124.515   14.132
 111.886   14.046
 101.870   14.448
 126.929   13.409
 126.899   13.748
 112.922   14.921
 121.806   13.412
  86.757   15.349
 101.055   13.615
 108.352   13.221
  99.227   14.858
  89.900   15.314
  96.291   14.475
 103.625   15.485
 109.101   14.676
 103.295   15.189
 100.291   14.949
 112.223   14.559
 110.600   15.532
  99.645   15.562
  96.000   15.176
 104.864   14.998
  85.304   16.505
 108.780   15.001
 106.678   14.560
 110.490   14.619
 106.704   14.976
 112.993   11.796
  96.878   14.424
 100.649   13.940
 125.126   12.357
 101.230   14.221
 124.086   13.540
 122.062   14.790
 105.490   13.779
  97.655   15.659
  94.638   15.200
  97.047   15.026
 104.308   14.870
  99.822   13.773
 113.538   14.866
  99.910   14.445
 104.050   15.756
  89.872   15.803
  17.822    7.183
 108.745   14.921
 108.170   10.196
 113.986   12.670
  95.808   13.926
  14.088    7.220
 112.360   13.656
 115.744   13.043
 113.042   13.568
 100.879   16.060
  99.296   15.639
  94.841   16.385
  94.994   16.137
  96.182   15.540
 111.235   14.201
  89.372   18.123
 113.764   13.380
 125.562   12.504
 102.985   13.859
 123.719   12.435
  89.459   15.779
  82.047   16.423
  96.625   14.484
  90.487   15.686
  98.747   15.144
 120.395   12.690
 104.482   15.150
 106.294   14.680
 107.482   15.234
 100.751   15.739
  94.849   14.793
  95.134   14.908
  92.001   15.948
 105.965   15.298
 102.206   13.982
 103.064   15.531
 103.128   15.051
  92.126   15.655
  98.091   15.040
 118.038   13.188
 101.507   16.047
  99.336   16.028
  98.991   15.118
  96.777   16.564
 108.613   15.076
  96.965   14.928
  91.047   16.068
 105.450   13.363
 100.096   14.461
 132.299   12.462
 123.714   12.126
 110.597   12.241
 116.730   13.084
 106.484   11.928
 112.836   13.103
  29.193    8.451
 114.442   11.693
 109.303   12.355
 110.097   12.748
 103.451   14.541
  99.805   13.855
 125.079   12.228
 109.158   12.395
 119.752   13.284
 123.421   13.219
 114.526   12.651
 104.508   12.856
  94.267   15.047
 100.283   15.023
 106.049   14.570
  82.267   16.197
 104.903   13.679
 104.429   13.233
  86.879   15.526
 118.533   12.991
 100.989   12.630
  13.962    8.512
 114.878   12.823
 111.322   14.884
 126.644   11.761
 107.922   13.203
 128.125   12.333
 107.031   13.468
 114.456   12.544
 125.448   13.945
 100.566   14.158
 109.330   13.355
 123.766   12.343
 110.365   14.697
 123.422   12.897
 120.427   12.363
 131.879   12.764
 117.524   12.444
 126.369   12.383
 125.229   12.790
 108.852   13.701
 110.738   13.465
 116.804   13.985
 117.422   14.108
  20.021    7.369
  99.569   14.724
  99.750   14.853
 112.630   14.667
 104.207   14.986
 116.134   12.937
 120.227   12.762
 117.686   13.973
 125.188   12.668
  14.553    7.194
 121.017   12.950
 121.084   13.059
 122.922   12.925
 121.982   12.723
 113.702   12.513
 116.127   12.583
 128.982   13.825
 127.680   11.839
 128.753   12.678
  18.557    7.260
 128.401   12.704
  13.058    7.229
 116.380   13.242
 123.827   10.968
 124.158   12.531
  25.493    7.273
  10.539    7.644
 120.601   12.496
 120.044   12.710
  17.973    7.135
 122.094   12.463
 112.057   14.998
  13.513    7.435
 127.468   13.665
 132.896   12.651
 123.376   12.498
 120.216   13.626
 122.608   14.020
 129.603   12.731
 121.725   12.701
 119.573   13.393
 122.188   12.563
 112.025   14.095
 128.597   12.744
 116.149   12.598
  13.852    7.212
 126.682   13.941
 119.084   12.279
 118.062   13.817
 128.878   12.917
 112.228   12.563
 125.775   12.405
 112.111   12.106
 121.837   12.746
 126.271   12.797
 127.240   13.708
 123.575   12.401
 118.655   12.302
 123.523   13.424
 130.285   14.063
 131.143   12.482
 119.160   12.959
 122.767   13.035
 117.802   13.431
 135.344   12.973
 120.920   14.461
 132.430   12.910
 114.030   13.914
 112.362   13.664
 119.277   12.855
 127.128   13.242
 121.581   12.931
 125.210   12.497
 126.044   13.092
 117.197   14.163
 128.365   13.104
 122.361   12.688
 123.006   13.262
  99.807   16.164
 122.598   13.438
 124.994   12.464
  12.478    7.180
 105.812   12.965
 126.728   14.003
 128.844   13.154
 120.836   13.624
 124.015   12.625
 127.991   13.363
 110.169   11.972
 120.847   12.924
 111.715   12.763
 113.021   12.576
  19.982    7.390
  16.651    7.166
 126.700   12.301
 116.529   12.726
 119.390   13.030
 125.897   13.154
 123.540   12.983
 120.277   13.375
 121.920   13.644
 125.150   12.698
  15.274    7.693
 118.671   13.123
 120.827   13.669
 132.479   12.183
 107.466   12.605
 111.605   13.161
 122.731   13.914
  12.617    7.203
 117.111   13.908
 105.897   14.026
 112.757   13.411
 137.321   12.808
 127.366   13.751
 111.818   13.787
 111.800   12.747
 112.755   14.130
 108.543   12.774
 120.370   12.984
 114.290   12.483
 120.408   12.697
 133.356   12.374
 117.526   13.733
 102.671   14.805
  98.451   17.855
 112.855   12.080
 113.555   13.725
 133.945   12.858
 114.350   12.573
 124.197   12.910
 125.517   12.358
 108.192   12.799
 115.101   13.709
 115.519   12.667
 127.006   12.543
 112.246   13.832
 112.320   13.322
 122.531   13.851
 116.682   13.931
 127.421   13.826
 126.888   12.610
 128.052   12.937
 120.477   13.917
 107.388   13.501
 124.992   13.066
 118.779   13.983
 119.954   13.689
 120.017   13.544
 125.086   13.281
 115.842   13.737
 109.746   13.290
 119.696   12.767
 121.606   12.525
 124.276   13.246
 119.501   13.791
 110.930   13.518
 116.203   13.460
 118.647   13.451
 127.284   12.690
 124.376   12.389
 120.202   12.588
  16.763    7.143
  12.299    7.159
 115.192   12.798
 125.750   12.792
 127.641   12.392
 124.344   12.796
 122.396   13.657
 130.675   13.108
 132.801   12.345
 127.198   12.283
 115.790   13.055
 120.564   12.659
 117.756   12.462
 124.989   12.483
 115.059   12.224
 121.205   12.788
 115.739   12.087
 130.293   13.216
 113.851   13.791
 122.725   12.153
 121.605   12.475
 130.465   12.512
 124.814   13.229
 113.557   13.210
 128.565   12.574
 114.698   13.279
 121.403   12.981
 135.614   12.078
 123.373   12.713
 121.764   12.545
 123.886   12.335
 124.426   12.796
 117.240   12.713
 128.711   12.547
 112.557   12.592
 129.302   12.499
 120.939   13.365
 126.524   12.523
 135.319   12.831
 128.005   13.634
 118.552   13.483
 100.904   12.072
 104.799   13.783
 120.257   13.735
 115.327   12.466
 134.047   12.829
 110.050   13.695
 107.759   13.764
 128.229   12.502
 121.020   13.143
 118.001   12.430
 114.453   12.271
 108.584   12.507
 121.859   12.114
 121.085   13.183
 121.494   12.450
  20.803    6.862
 121.254   12.987
 130.001   12.552
 127.525   12.572
 113.731   12.678
 122.051   13.431
 108.059   13.669
 115.418   12.843
 110.680   13.924
  12.767    7.268
 112.273   13.804
 117.874   12.412
 113.776   12.724
 122.520   12.435
 121.808   13.515
 113.743   13.569
 114.263   12.132
 116.642   13.851
 126.412   12.677
 116.880   13.574
 118.707   12.302
 132.617   12.758
 124.339   12.069
 120.304   12.651
 127.831   12.395
 139.165   12.668
 127.451   12.793
 117.436   12.969
 119.589   13.653
 122.911   13.823
 109.197   13.847
 116.809   13.792
  99.600   13.192
 114.537   13.359
 125.549   13.775
 101.611   13.471
 110.628   12.438
 114.334   12.059
 118.800   13.905
 111.208   14.000
 123.037   12.517
 130.007   12.615
 124.304   12.796
 116.760   13.992
 125.744   12.689
 120.885   12.935
 119.739   14.010
 113.525   13.029
 122.668   13.068
 126.526   13.225
 123.609   13.014
 117.250   12.967
  18.802    7.249
  23.835    7.209
  23.292    6.868
 117.373   12.709
 117.836   13.098
 125.307   12.489
  18.826    7.102
 115.559   13.102
 116.663   12.866
 107.477   13.982
 103.525   13.869
 112.567   14.189
 118.334   14.212
 111.467   14.102
 115.783   14.186
 104.412   14.348
 118.664   12.938
 108.589   14.069
 110.438   13.825
 114.339   14.433
 110.179   13.552
 112.130   13.758
 115.982   14.329
 122.426   14.175
 113.196   14.262
 115.435   13.867
 117.999   13.494
 113.029   13.572
 117.934   13.549
 112.974   13.893
 109.692   14.224
 120.532   14.260
 117.565   13.953
 111.523   13.162
 120.625   13.553
 113.419   13.398
 113.076   12.912
 121.461   14.434
 111.015   13.812
 104.355   13.764
 106.615   13.350
 122.871   13.599
 122.500   13.671
 115.610   14.153
 122.468   14.408
 115.969   12.451
 104.569   13.689
 108.370   12.720
 115.467   14.364
 124.158   13.725
 119.402   14.041
 116.778   12.646
 124.470   13.386
 122.487   13.753
 116.451   13.267
 109.659   14.877
 113.095   12.373
 121.488   12.947
 111.074   14.205
 109.774   13.887
 110.854   12.508
 114.313   13.098
 117.951   13.224
 115.851   14.297
 110.175   14.354
 116.560   13.425
 127.072   12.853
 134.644   13.220
 121.214   12.887
 114.801   13.832
 120.485   12.824
 121.433   12.827
 125.226   12.557
 112.152   12.751
 111.450   13.539
 107.227   13.573
 106.428   13.375
 124.759   12.556
 106.792   13.780
 116.357   12.900
 123.765   12.838
 127.910   12.932
 120.501   13.603
 113.348   13.532
 111.607   14.241
 120.957   13.863
 121.312   13.570
 125.813   13.598
 112.777   12.629
 122.358   13.719
 123.251   12.345
 126.166   12.709
 121.091   12.303
 122.783   13.222
 116.340   13.543
 106.443   13.690
 119.704   12.652
 122.988   13.851
 137.730   12.651
 110.041   13.639
 110.911   13.891
 114.033   13.542
 104.767   13.612
 105.050   13.621
 118.682   13.157
 112.165   14.113
 114.041   12.887
 124.408   12.898
 109.261   14.031
 103.832   13.606
 116.726   13.788
  15.136    7.129
  17.215    7.067
  19.097    7.175
  15.175    6.873
  16.011    7.146
 116.094   14.204
 128.421   13.049
 129.198   10.869
  12.304    7.193
 116.049   13.534
 126.794   12.957
 128.520   12.977
 114.624   13.278
 124.368   12.413
 114.149   13.095
 114.162   12.946
  16.669    6.818
 120.706   14.513
  21.896    6.882
 107.573   12.957
 116.246   12.543
 100.022   14.656
 123.516   13.874
 119.708   13.148
 121.303   13.538
 110.349   14.534
 112.793   13.674
 116.768   13.828
 118.457   13.749
 114.229   14.010
 118.942   12.692
 115.858   12.635
 119.724   13.694
 114.615   14.110
 120.084   13.801
 104.258   14.245
 106.306   14.411
 119.765   13.914
  20.499    7.142
  18.028    7.440
  20.335    7.257
  18.949    7.550
  12.407    7.367
  14.749    8.583
  12.890    7.651
  20.261    7.170
  22.341    7.635
  15.908    7.482
  14.131    7.160
  19.809    7.317
 100.440   16.200
 116.208   14.142
 107.935   14.266
 115.919   13.654
 128.140   13.081
 107.490   13.601
 118.687   13.567
 107.032   13.995
 116.097   14.031
 103.670   13.681
 111.748   12.956
 116.653   13.260
 120.055   14.272
 112.323   13.937
 119.982   12.904
 106.158   15.612
 110.521   13.096
 120.603   13.252
 116.667   12.552
 123.015   13.675
 118.908   13.039
 111.733   14.095
 117.448   14.187
 123.382   13.225
 115.669   14.061
 116.708   13.278
 116.113   14.138
 123.901   13.079
 114.330   12.897
 124.106   13.520
 111.393   14.393
 109.075   14.371
 120.259   12.775
 121.101   13.103
 120.594   12.613
 125.863   13.110
 120.047   13.027
 116.890   13.041
 132.343   12.820
 106.878   13.702
 109.473   13.086
 112.686   12.972
 104.762   13.158
 139.200   13.186
 109.036   13.621
 105.450   14.165
 112.670   14.026
 114.326   13.174
 113.346   13.092
 108.126   13.176
 121.684   12.731
 117.158   13.487
 121.403   12.768
 128.177   12.750
 122.432   12.971
 110.450   13.826
 106.444   13.234
 103.596   14.233
 118.206   13.096
 111.957   12.970
 104.100   13.242
 111.784   14.190
 104.900   14.556
 112.369   13.472
 113.612   13.128
 124.250   13.011
 119.281   13.172
 106.486   12.871
 110.345   14.209
 118.466   13.760
 119.907   14.094
 118.292   13.758
 122.071   13.262
 104.355   13.104
 114.022   13.289
 126.416   12.933
 110.917   13.280
 107.683   14.442
 101.073   14.052
 108.782   13.884
 112.450   13.104
 100.711   14.290
 108.731   14.781
 118.280   13.714
 113.971   13.246
 114.240   14.188
 107.391   14.044
 111.497   13.454
 117.814   12.709
 114.099   13.216
 128.073   12.782
 115.102   12.705
 107.643   13.191
 104.492   12.621
 113.231   13.975
 103.058   12.960
 109.217   12.705
  91.566   15.780
  92.096   16.854
 104.721   14.037
 117.819   13.194
 117.126   12.862
 104.007   12.936
 108.665   13.180
 112.466   12.955
 114.704   13.331
 118.830   13.254
 122.094   13.022
 106.399   13.213
 128.559   13.282
 122.004   13.507
 119.405   13.139
 117.955   13.326
 120.009   12.904
 122.989   13.221
 121.826   13.249
 113.728   13.892
 111.010   13.933
 103.956   14.082
 120.078   12.797
 113.740   14.267
 106.532   13.656
 119.321   14.295
 119.703   14.273
  99.776   13.900
 119.542   14.223
 116.066   14.188
 112.484   14.122
 102.829   14.643
 109.407   14.353
 124.479   14.582
 120.927   14.097
 110.092   14.272
 113.497   14.130
 103.799   14.068
 118.831   14.376
 114.400   13.358
 115.812   14.105
 127.086   13.360
 120.069   14.012
 105.352   12.815
 115.477   12.962
 108.857   15.836
 125.616   13.757
 123.409   13.337
 125.575   13.023
 125.373   13.055
 108.896   14.399
 117.700   13.953
 115.299   13.049
 111.952   13.629
 103.267   12.646
 114.133   12.889
 111.419   14.021
 114.860   13.260
 109.849   13.381
 126.270   12.795
 120.120   14.056
 106.560   13.993
 124.114   13.215
 119.952   14.066
 114.995   13.296
 113.427   13.993
 113.998   14.279
 111.287   12.945
 122.897   13.156
 101.862   15.790
 122.709   13.437
 111.921   13.002
 119.566   14.298
 116.729   14.279
 114.288   13.248
 101.071   15.827
 108.332   14.353
 110.395   14.446
 108.604   14.137
 107.087   14.404
 113.767   14.724
 117.814   12.863
 118.479   13.099
 119.963   13.879
 112.414   13.596
 123.564   12.700
 114.882   13.314
 123.186   13.432
 115.293   14.838
 121.664   13.127
 115.609   14.048
 112.949   13.211
 110.277   13.212
 115.614   14.510
 113.892   13.330
 121.119   13.843
 113.511   14.331
 128.636   13.016
 112.598   14.309
 114.255   14.178
 116.964   13.754
 106.137   13.594
 119.720   12.701
 116.689   12.533
 116.356   13.035
 128.451   13.408
 121.545   12.634
 119.693   12.600
 119.625   12.429
 114.747   12.650
 108.796   12.319
 110.605   13.647
 118.531   13.329
 111.858   12.929
 122.563   12.859
 121.339   12.752
 123.230   12.700
 116.128   12.259
 113.579   12.538
 114.535   12.803
 101.645   11.979
 112.949   12.455
 115.212   13.627
 125.850   12.697
 117.818   13.973
 111.955   13.953
 122.636   12.222
 120.945   12.521
 124.033   13.829
 118.549   13.091
 114.977   12.829
 117.265   12.930
 109.664   12.674
 114.812   12.788
 117.541   13.334
 111.584   12.748
 118.779   12.998
 122.802   12.907
 114.111   12.826
 116.520   12.843
 102.775   12.759
  10.685    7.150
 113.193   13.688
 116.614   12.613
 112.338   12.502
 121.354   13.834
 120.819   12.732
 107.789   13.859
 115.380   13.637
 108.276   12.274
 102.913   13.790
 104.021   13.770
 105.705   12.713
 118.035   12.702
 112.572   12.411
 116.647   13.043
 108.083   13.528
 110.954   12.882
 124.836   12.806
 130.109   12.964
 129.071   13.041
 115.839   12.691
 127.386   12.542
 110.821   12.482
 108.566   11.834
 115.647   12.270
 106.494   12.456
 115.733   12.718
 118.304   13.507
 113.767   12.271
  99.034   12.796
 112.306   12.439
 112.904   12.170
 121.894   12.499
 109.249   12.588
 124.554   13.726
 108.920   12.589
 116.683   12.679
 115.517   14.260
 108.176   12.750
 112.874   13.735
 107.522   13.678
 113.045   14.128
 116.874   12.807
 109.398   12.810
 115.479   14.206
 108.831   13.759
 113.493   12.475
 106.106   13.319
 120.042   13.699
 114.180   12.811
 101.645   12.700
 119.415   12.888
  96.319   14.101
 125.605   12.915
 113.235   12.562
 104.982   13.561
 115.005   13.962
 123.651   13.553
 117.198   12.482
 110.404   12.306
 111.253   12.490
 128.013   12.674
 121.726   12.622
 112.133   12.895
 116.666   12.516
 120.826   12.360
 108.876   13.631
 106.341   13.921
 104.769   13.923
 108.962   12.520
  18.982    6.764
 119.985   14.193
 103.440   14.333
 107.396   12.759
 110.047   13.749
 112.470   12.643
 110.534   12.452
 101.699   12.181
 108.438   13.244
 105.828   12.890
  94.406   13.336
 111.643   13.722
 117.865   12.109
 117.184   13.483
 114.073   12.460
 108.698   13.551
 111.376   12.800
 124.926   13.611
 124.837   13.499
 116.666   12.570
 117.754   12.470
 111.962   13.943
 114.386   14.252
 114.569   12.542
 104.538   13.632
 104.280   13.648
 122.901   13.357
 123.390   14.006
 106.086   13.478
 111.499   14.153
 120.741   13.647
 103.720   13.695
 123.119   12.747
  79.790   16.738
 110.617   13.274
 115.567   13.369
 118.488   13.067
 112.886   12.745
 119.360   12.348
 121.147   12.131
 113.819   12.754
 120.538   13.718
 103.985   13.827
 115.588   13.312
 113.540   12.462
 126.073   12.550
 111.856   13.596
 121.240   13.510
 111.196   13.837
 115.422   13.303
 115.701   13.622
 109.043   13.694
 114.485   13.914
 110.115   13.714
 122.152   13.877
 110.460   13.363
 110.211   13.401
 118.056   14.064
 113.258   12.951
 110.872   13.547
 101.510   13.537
 120.326   13.781
 113.766   13.808
 101.693   13.385
  98.884   13.662
 106.133   13.172
 120.037   13.453
 111.906   13.550
 109.923   13.796
 107.702   13.654
 112.668   12.582
 112.102   13.881
 123.700   14.133
 111.442   13.388
 120.799   13.868
 122.297   12.245
 111.415   13.742
 116.199   12.502
 117.390   12.527
