   1   0.320512   0.320512 
   2  -0.349308  -0.349308 
   3  -0.058434  -0.058434 
   4  -0.087972  -0.087972 
   5   0.035312   0.035312 
   6   0.080181   0.080181 
   7  -0.014638  -0.014638 
   8   0.018833   0.018833 
   9  -0.022826  -0.022826 
  10  -0.032319  -0.032319 
  11   0.061575   0.061575 
  12   0.028664   0.028664 
  13   0.060423   0.060423 
  14   0.328108   0.328108 
  15   0.073024   0.073024 
  16  -0.065583  -0.065583 
  17   0.137957   0.137957 
  18  -0.076282  -0.076282 
  19   0.218992   0.218992 
  20   0.161258   0.161258 
  21   0.150471   0.150471 
  22  -0.335926  -0.335926 
  23  -0.325831  -0.325831 
  24   0.235106   0.235106 
  25  -0.100845  -0.100845 
  26  -0.335058  -0.335058 
  27  -0.179401  -0.179401 
  28   0.091157   0.091157 
  29  -0.242920  -0.242920 
  30  -0.105166  -0.105166 

