                                                                                

    1 MET   1  180.0000  2  117.1563  3  178.2243  4 -135.9940  5  106.1139  6  174.8437  7  180.0000
    2 ASN   1 -118.7011  2  162.8946  3 -179.0568  4   85.9945  5   52.4109  6  180.0000
    3 ILE   1  -47.8366  2  -46.0230  3 -179.8388  4 -145.8699  5  106.8040  6  180.0000  7  180.0000
    4 PHE   1  -54.5848  2  -48.0215  3 -179.2803  4 -170.9709  5  -90.4917
    5 GLU   1  -61.8881  2  -40.4969  3 -179.4314  4  -35.0137  5  120.2990  6   51.2276  7  180.0000
    6 ILE   1  -62.3280  2  -56.0517  3 -174.8708  4  -45.5071  5  -82.7543  6  180.0000  7  180.0000
    7 LEU   1  -61.9434  2  -30.3119  3  178.6990  4  -70.8290  5  158.5076  6  180.0000  7  180.0000
    8 ARG   1  -72.3415  2  -36.5125  3  173.9467  4  129.8158  5  158.6700  6 -126.3947  7 -179.4412  8  180.0000  9  180.0000 10  180.0000
    9 ILE   1  -59.7745  2  -50.3008  3 -175.4315  4  -79.9738  5  147.8613  6  180.0000  7  180.0000
   10 ASP   1  -72.5372  2  -39.6962  3 -171.9254  4  -72.0821  5  -27.4168  6  180.0000
   11 GLU   1  -97.4644  2  -29.9315  3 -178.2224  4  -60.4341  5  -95.8522  6   25.9855  7  180.0000
   12 GLY   1   94.4434  2  171.2173  3 -179.8832
   13 LEU   1 -134.3624  2  119.3020  3 -178.4919  4 -176.8989  5   17.3312  6  180.0000  7  180.0000
   14 ARG   1 -132.9647  2  125.7302  3 -177.4184  4  -48.1539  5 -139.6628  6   36.7567  7 -153.6549  8  180.0000  9  180.0000 10  180.0000
   15 LEU   1  -88.1083  2   -2.3951  3  175.5926  4  -31.3536  5  165.1496  6  180.0000  7  180.0000
   16 LYS   1 -132.0142  2  151.9251  3 -178.3989  4   61.8399  5 -160.5247  6   34.7046  7 -159.2437  8  180.0000
   17 ILE   1  -49.6006  2  135.4562  3  179.8860  4  -66.4452  5  157.1120  6  180.0000  7  180.0000
   18 TYR   1 -149.0727  2  157.1464  3  178.2266  4   81.8344  5  -84.9144  6  180.0000
   19 LYS   1  -88.2265  2  126.6308  3 -178.9446  4  -90.0152  5 -172.6606  6 -152.4024  7  -67.3535  8  180.0000
   20 ASP   1  -84.7102  2 -164.7711  3  179.3259  4   71.2137  5   -8.4295  6  180.0000
   21 THR   1  -58.7771  2  -26.2765  3 -178.9474  4   31.4055  5  180.0000  6  180.0000
   22 GLU   1  -99.3083  2    5.3735  3  177.3583  4  -60.0924  5 -156.6828  6  -42.4099  7  180.0000
   23 GLY   1   87.7276  2   13.0077  3 -177.9666
   24 TYR   1  -96.8151  2  139.0036  3  179.8493  4  -62.0609  5  -39.0595  6  180.0000
   25 TYR   1  -73.4299  2  126.4451  3  179.7467  4  -74.8460  5  -78.8480  6  180.0000
   26 THR   1 -134.2478  2  173.5219  3 -179.6618  4  -55.0857  5  180.0000  6  180.0000
   27 ILE   1 -161.4901  2  138.7234  3  174.4948  4 -154.2644  5  174.5536  6  180.0000  7  180.0000
   28 GLY   1   84.3580  2 -132.0247  3  177.7953
   29 ILE   1 -109.3048  2   86.8850  3  175.1247  4  -60.0592  5  173.0728  6  180.0000  7  180.0000
   30 GLY   1   70.3165  2   13.4863  3  178.4404
   31 HIS   1  -77.4533  2  117.4516  3  177.9556  4 -165.2095  5   73.5212
   32 LEU   1  -78.6425  2  123.0737  3 -177.0323  4  168.7221  5   98.7999  6  180.0000  7  180.0000
   33 LEU   1  -89.6241  2  -47.9360  3  177.4357  4  -75.4115  5  170.8019  6  180.0000  7  180.0000
   34 THR   1 -164.2095  2  158.8223  3  177.0119  4  165.9829  5  180.0000  6  180.0000
   35 LYS   1  -99.0817  2    4.9063  3 -175.7893  4  -58.5942  5 -156.8118  6 -161.2408  7   95.6268  8  180.0000
   36 SER   1  -84.0037  2  143.5561  3  175.2456  4  -92.2478  5  180.0000
   37 PRO   1  -75.0000  2   72.5327  3 -178.3179
   38 SER   1 -158.0823  2  108.0342  3  177.6861  4  127.7116  5  180.0000
   39 LEU   1  -59.5943  2  -31.9694  3  179.4294  4 -127.4669  5 -161.9885  6  180.0000  7  180.0000
   40 ASN   1  -60.0761  2  -57.7299  3  178.9585  4  -52.6103  5  -38.7504  6  180.0000
   41 ALA   1  -54.7210  2  -46.2105  3  176.5798  4  180.0000
   42 ALA   1  -52.0991  2  -52.4223  3 -176.6431  4  180.0000
   43 LYS   1  -62.2496  2  -33.7631  3  178.2029  4  -48.5230  5 -173.9740  6  167.7039  7 -140.2909  8  180.0000
   44 SER   1  -76.4406  2  -33.8619  3  175.8486  4   68.2767  5  180.0000
   45 GLU   1  -63.5895  2  -43.9872  3  176.9249  4  -86.4551  5  -62.5043  6    3.4180  7  180.0000
   46 LEU   1  -58.2825  2  -44.4529  3 -179.1766  4  170.0696  5   66.3719  6  180.0000  7  180.0000
   47 ASP   1  -60.6494  2  -47.5754  3  177.8385  4  -75.9225  5    7.8175  6  180.0000
   48 LYS   1  -59.8524  2  -31.2491  3 -178.0191  4  -54.0168  5  171.9061  6  175.8400  7 -150.9537  8  180.0000
   49 ALA   1  -72.6869  2  -56.1049  3 -178.9541  4  180.0000
   50 ILE   1  -67.7743  2  -57.5575  3  179.9108  4  -55.8810  5  -71.0553  6  180.0000  7  180.0000
   51 GLY   1  120.1751  2   -5.4336  3  179.6659
   52 ARG   1 -122.3953  2  175.6235  3  178.5571  4  100.6756  5 -153.2685  6 -152.2269  7 -157.3349  8  180.0000  9  180.0000 10  180.0000
   53 ASN   1  -96.9448  2  108.4247  3 -173.0871  4   95.1027  5  123.7693  6  180.0000
   54 CYS   1 -107.7483  2  -16.7473  3  179.5222  4  -26.6872  5  180.0000
   55 ASN   1   54.1848  2   52.3236  3  174.9921  4 -146.4012  5   59.0458  6  180.0000
   56 GLY   1   63.6704  2   24.3128  3  177.0281
   57 VAL   1 -138.5147  2  132.8352  3 -179.3130  4  162.0105  5  180.0000  6  180.0000
   58 ILE   1 -129.4627  2  168.2522  3  178.0594  4   68.0229  5  172.9450  6  180.0000  7  180.0000
   59 THR   1 -107.6576  2  165.8990  3  179.5498  4   19.6291  5  180.0000  6  180.0000
   60 LYS   1  -55.6160  2  -31.1919  3 -178.8894  4 -116.2187  5 -116.2806  6   71.6776  7  138.8590  8  180.0000
   61 ASP   1  -66.8258  2  -57.9909  3 -178.5962  4 -133.8258  5   35.6445  6  180.0000
   62 GLU   1  -59.1860  2  -43.0395  3  177.2868  4   -2.6582  5 -101.5880  6   -7.2626  7  180.0000
   63 ALA   1  -54.5413  2  -35.4055  3 -179.3687  4  180.0000
   64 GLU   1  -76.5469  2  -36.7570  3  178.4875  4 -123.6553  5  178.0480  6  -84.0612  7  180.0000
   65 LYS   1  -62.4543  2  -46.3716  3 -178.2489  4 -151.0015  5 -153.1378  6 -104.7447  7 -132.8254  8  180.0000
   66 LEU   1  -58.0051  2  -51.3521  3  179.3227  4  -87.2282  5  175.6118  6  180.0000  7  180.0000
   67 PHE   1  -52.7609  2  -44.5343  3 -177.7400  4  169.6242  5   72.8896
   68 ASN   1  -62.2570  2  -40.2741  3  178.1419  4  -70.3733  5  162.4147  6  180.0000
   69 GLN   1  -68.3672  2  -33.5041  3 -178.4416  4  -83.4615  5  141.2984  6   53.5599  7  180.0000
   70 ASP   1  -63.0535  2  -46.9341  3 -177.1960  4  -75.3618  5   -8.6207  6  180.0000
   71 VAL   1  -73.3201  2  -31.5305  3  175.2241  4  175.6486  5  180.0000  6  180.0000
   72 ASP   1  -63.1956  2  -41.8791  3 -179.4188  4  -72.6485  5  -11.3715  6  180.0000
   73 ALA   1  -65.5776  2  -43.1074  3  174.3873  4  180.0000
   74 ALA   1  -56.2609  2  -64.9092  3  177.1030  4  180.0000
   75 VAL   1  -48.7789  2  -45.3047  3  178.4242  4  163.8516  5  180.0000  6  180.0000
   76 ARG   1  -67.6292  2  -26.4678  3  177.9570  4  -84.8085  5  162.3474  6  -12.4134  7 -137.0817  8  180.0000  9  180.0000 10  180.0000
   77 GLY   1  -61.4264  2  -62.4251  3  177.3601
   78 ILE   1  -47.6458  2  -48.7033  3 -178.9150  4  -70.4684  5  148.8010  6  180.0000  7  180.0000
   79 LEU   1  -61.2159  2  -33.8523  3  176.6162  4  -69.6546  5 -179.2493  6  180.0000  7  180.0000
   80 ARG   1  -81.8195  2  -16.7904  3 -178.1493  4   97.7040  5  177.0501  6   30.3588  7  120.0395  8  180.0000  9  180.0000 10  180.0000
   81 ASN   1  -92.6642  2  125.8386  3 -176.5100  4  177.6812  5  -64.9421  6  180.0000
   82 ALA   1  -61.4530  2  -31.2275  3 -178.8755  4  180.0000
   83 LYS   1  -90.2633  2  -31.3568  3 -174.2081  4  -54.7780  5  166.4798  6   90.9586  7  152.9116  8  180.0000
   84 LEU   1  -78.6553  2  -44.2511  3 -178.4333  4  -57.3481  5 -168.2607  6  180.0000  7  180.0000
   85 LYS   1  -43.6714  2  -57.7724  3  178.3236  4 -173.3581  5  110.2300  6  176.8376  7  -21.3755  8  180.0000
   86 PRO   1  -75.0000  2  -38.4025  3  179.3403
   87 VAL   1  -68.4432  2  -55.8207  3  179.1864  4 -163.3829  5  180.0000  6  180.0000
   88 TYR   1  -51.2340  2  -46.9554  3 -177.7685  4  176.8548  5   78.1415  6  180.0000
   89 ASP   1  -61.9651  2  -22.4230  3 -177.3708  4  -97.0495  5  -15.4695  6  180.0000
   90 SER   1  -98.9600  2  -19.6990  3 -177.3004  4   71.9032  5  180.0000
   91 LEU   1  -75.6838  2  169.4981  3  177.8349  4  -68.0968  5  148.0343  6  180.0000  7  180.0000
   92 ASP   1  -90.1540  2 -178.3680  3 -176.8385  4   50.4649  5  -88.7570  6  180.0000
   93 ALA   1  -63.5577  2  -30.6234  3 -179.1672  4  180.0000
   94 VAL   1  -77.8116  2  -43.0412  3  179.2851  4  168.7199  5  180.0000  6  180.0000
   95 ARG   1  -66.6668  2  -33.0868  3  178.7751  4  -72.0730  5 -168.7058  6  179.4645  7   85.9544  8  180.0000  9  180.0000 10  180.0000
   96 ARG   1  -66.2943  2  -31.8914  3  179.9226  4 -109.9935  5  168.7179  6 -154.2006  7 -171.1695  8  180.0000  9  180.0000 10  180.0000
   97 CYS   1  -67.4175  2  -38.8740  3  176.9425  4  -96.0446  5  180.0000
   98 ALA   1  -62.7397  2  -34.2682  3 -179.7750  4  180.0000
   99 LEU   1  -68.7028  2  -48.5478  3  176.2041  4 -170.9017  5   67.8290  6  180.0000  7  180.0000
  100 ILE   1  -55.0979  2  -35.0084  3  179.5743  4  -83.1810  5 -179.0936  6  180.0000  7  180.0000
  101 ASN   1  -63.8139  2  -46.7534  3  177.9525  4 -170.1451  5  -34.9559  6  180.0000
  102 MET   1  -61.5894  2  -39.8325  3 -178.6623  4  -45.8793  5  179.8223  6   75.9156  7  180.0000
  103 VAL   1  -64.7244  2  -43.0081  3  176.6552  4  169.6007  5  180.0000  6  180.0000
  104 PHE   1  -56.6406  2  -47.5266  3 -179.5451  4 -164.7202  5  -90.7355
  105 GLN   1  -74.0629  2  -52.1113  3 -172.1951  4  171.8918  5 -174.8652  6   11.0791  7  180.0000
  106 MET   1 -104.6987  2    1.2354  3 -179.5517  4   70.1376  5 -158.9872  6   83.5026  7  180.0000
  107 GLY   1   84.4549  2  155.0609  3 -178.1962
  108 GLU   1  -51.2256  2  -36.6895  3 -178.0204  4  110.2052  5  160.8665  6    9.0101  7  180.0000
  109 THR   1  -80.8955  2  -30.8312  3 -179.1304  4  -84.9347  5  180.0000  6  180.0000
  110 GLY   1  -73.0828  2  -33.8967  3 -179.6405
  111 VAL   1  -75.9431  2  -39.3312  3 -179.2544  4 -166.5031  5  180.0000  6  180.0000
  112 ALA   1  -57.5289  2  -24.6834  3 -178.2072  4  180.0000
  113 GLY   1  -86.4851  2   12.5433  3 -179.0682
  114 PHE   1 -102.6826  2   45.7908  3 -174.7601  4  -75.5163  5   81.4088
  115 THR   1  -31.5606  2  -57.8445  3  179.9494  4  -65.3060  5  180.0000  6  180.0000
  116 ASN   1  -63.5523  2  -57.0812  3  178.1224  4   -5.5942  5 -139.5318  6  180.0000
  117 SER   1  -43.6865  2  -49.3243  3 -179.4656  4  -88.9014  5  180.0000
  118 LEU   1  -64.7780  2  -37.6777  3  178.1719  4  -70.8957  5 -149.1185  6  180.0000  7  180.0000
  119 ARG   1  -62.2436  2  -52.3722  3 -179.6865  4  -91.7722  5 -177.2610  6 -129.7815  7  111.0369  8  180.0000  9  180.0000 10  180.0000
  120 MET   1  -61.7763  2  -34.0438  3  177.8296  4  -86.3885  5  151.0656  6 -147.4731  7  180.0000
  121 LEU   1  -58.2800  2  -45.7861  3  178.4915  4  -75.7353  5  167.0642  6  180.0000  7  180.0000
  122 GLN   1  -53.9792  2  -51.3500  3 -179.8136  4 -139.4764  5  158.2046  6  -26.6774  7  180.0000
  123 GLN   1  -75.5543  2   39.8958  3 -179.5933  4  -74.1062  5  172.4752  6  138.8756  7  180.0000
  124 LYS   1   32.8782  2   28.0250  3 -177.9175  4  -89.7163  5  106.5901  6 -128.6736  7  -54.9909  8  180.0000
  125 ARG   1  -97.7612  2   65.8106  3 -175.4894  4  -70.0843  5  145.7156  6   71.2311  7  164.3952  8  180.0000  9  180.0000 10  180.0000
  126 TRP   1  -45.3399  2  -48.5314  3 -178.0493  4  -31.1566  5  113.4145
  127 ASP   1  -70.4889  2  -31.1138  3  172.4903  4  -50.0279  5  -26.6292  6  180.0000
  128 GLU   1  -63.1326  2  -48.9091  3  176.9301  4  -39.3814  5 -133.9855  6    4.1106  7  180.0000
  129 ALA   1  -55.6954  2  -59.8032  3 -178.8005  4  180.0000
  130 ALA   1  -42.7749  2  -52.7972  3 -177.6868  4  180.0000
  131 VAL   1  -63.2984  2  -32.3329  3 -179.1211  4  175.3167  5  180.0000  6  180.0000
  132 ASN   1  -76.4514  2  -45.2586  3  179.6355  4  -89.1428  5 -107.4244  6  180.0000
  133 LEU   1  -49.1207  2  -42.0941  3 -178.5899  4  -65.1243  5  161.0816  6  180.0000  7  180.0000
  134 ALA   1  -61.8071  2  -42.3944  3  178.0927  4  180.0000
  135 LYS   1  -62.8641  2   12.8620  3 -178.6233  4  -85.1744  5  173.3521  6  122.5100  7 -127.0785  8  180.0000
  136 SER   1  -93.7323  2  173.2925  3  177.1922  4   75.4413  5  180.0000
  137 ARG   1  -73.7131  2  -40.5140  3 -177.8500  4  180.0000  5  180.0000  6  180.0000  7  180.0000  8  180.0000  9  180.0000 10  180.0000
  138 TRP   1  -55.2223  2  -38.0874  3 -177.6241  4  162.0530  5   68.9653
  139 TYR   1  -73.2074  2  -42.1986  3  175.7212  4 -179.0354  5   84.7095  6  180.0000
  140 ASN   1  -62.4634  2  -33.8836  3 -176.7491  4  -78.0373  5  109.8434  6  180.0000
  141 GLN   1  -86.9816  2  -27.7831  3 -179.9635  4 -137.6164  5  165.5821  6  129.7002  7  180.0000
  142 THR   1 -146.7402  2   62.2035  3 -173.1867  4   58.5631  5  180.0000  6  180.0000
  143 PRO   1  -75.0000  2  -39.2568  3 -179.6994
  144 ASN   1  -67.1950  2  -42.1042  3  177.0373  4  -84.7714  5  172.4119  6  180.0000
  145 ARG   1  -69.9223  2  -51.2001  3 -176.4094  4 -145.3922  5 -119.5614  6 -109.3234  7 -126.6668  8  180.0000  9  180.0000 10  180.0000
  146 ALA   1  -52.2627  2  -47.9605  3  179.7884  4  180.0000
  147 LYS   1  -62.6996  2  -35.5826  3  177.9808  4  -79.2327  5  -89.3378  6  139.9360  7 -168.0531  8  180.0000
  148 ARG   1  -59.5545  2  -60.8949  3  173.9503  4  -87.0515  5 -172.7074  6  -53.8185  7  -85.3137  8  180.0000  9  180.0000 10  180.0000
  149 VAL   1  -46.9617  2  -56.0176  3 -179.7179  4  161.5815  5  180.0000  6  180.0000
  150 ILE   1  -54.5286  2  -38.3008  3  175.0028  4  -81.3768  5  136.3649  6  180.0000  7  180.0000
  151 THR   1  -70.1880  2  -28.2227  3  176.4784  4  -67.3881  5  180.0000  6  180.0000
  152 THR   1  -63.5319  2  -51.0002  3  179.1327  4  -66.0916  5  180.0000  6  180.0000
  153 PHE   1  -61.2884  2  -47.3452  3 -176.7741  4  -80.3664  5  -43.2488
  154 ARG   1  -58.4190  2  -46.1833  3 -177.1610  4  166.8204  5 -179.6146  6   72.6923  7   75.4370  8  180.0000  9  180.0000 10  180.0000
  155 THR   1  -94.9940  2  -29.3409  3 -179.3182  4   89.5911  5  180.0000  6  180.0000
  156 GLY   1   74.9513  2   18.5595  3  178.0235
  157 THR   1 -129.4121  2 -177.5987  3  177.2248  4   67.0200  5  180.0000  6  180.0000
  158 TRP   1  -97.3581  2   18.4231  3 -179.4959  4  -74.1620  5  119.6393
  159 ASP   1  -45.5029  2  -46.0185  3 -178.8023  4  -90.7859  5  -45.4253  6  180.0000
  160 ALA   1  -66.1759  2  -22.2136  3 -178.9234  4  180.0000
  161 TYR   1 -108.9610  2   -1.4514  3 -175.2993  4  -63.5542  5   86.0210  6  180.0000
  162 LYS   1  -77.7994  2  -39.2741  3 -178.2587  4  -66.1241  5  -87.1026  6  158.0004  7 -169.5311  8  180.0000
  163 ASN   1 -119.6681  2  101.8205  3  178.8518  4  -83.6161  5  164.4631  6  180.0000
  164 LEU   1 -122.6891  2  180.0000  3  180.0000  4  -85.4609  5  168.2699  6  180.0000  7  180.0000
