
 180.000 117.156 178.224-135.994 106.114 174.844 180.000   0.000   0.000   0.000
-118.701 162.895-179.057  85.994  52.411 180.000   0.000   0.000   0.000   0.000
 -47.837 -46.023-179.839-145.870 106.804 180.000 180.000   0.000   0.000   0.000
 -54.585 -48.022-179.280-170.971 -90.492   0.000   0.000   0.000   0.000   0.000
 -61.888 -40.497-179.431 -35.014 120.299  51.228 180.000   0.000   0.000   0.000
 -62.328 -56.052-174.871 -45.507 -82.754 180.000 180.000   0.000   0.000   0.000
 -61.943 -30.312 178.699 -70.829 158.508 180.000 180.000   0.000   0.000   0.000
 -72.341 -36.513 173.947 129.816 158.670-126.395-179.441 180.000 180.000 180.000
 -59.774 -50.301-175.431 -79.974 147.861 180.000 180.000   0.000   0.000   0.000
 -72.537 -39.696-171.925 -72.082 -27.417 180.000   0.000   0.000   0.000   0.000
 -97.464 -29.932-178.222 -60.434 -95.852  25.986 180.000   0.000   0.000   0.000
  94.443 171.217-179.883   0.000   0.000   0.000   0.000   0.000   0.000   0.000
-134.362 119.302-178.492-176.899  17.331 180.000 180.000   0.000   0.000   0.000
-132.965 125.730-177.418 -48.154-139.663  36.757-153.655 180.000 180.000 180.000
 -88.108  -2.395 175.593 -31.354 165.150 180.000 180.000   0.000   0.000   0.000
-132.014 151.925-178.399  61.840-160.525  34.705-159.244 180.000   0.000   0.000
 -49.601 135.456 179.886 -66.445 157.112 180.000 180.000   0.000   0.000   0.000
-149.073 157.146 178.227  81.834 -84.914 180.000   0.000   0.000   0.000   0.000
 -88.227 126.631-178.945 -90.015-172.661-152.402 -67.354 180.000   0.000   0.000
 -84.710-164.771 179.326  71.214  -8.430 180.000   0.000   0.000   0.000   0.000
 -58.777 -26.277-178.947  31.405 180.000 180.000   0.000   0.000   0.000   0.000
 -99.308   5.374 177.358 -60.092-156.683 -42.410 180.000   0.000   0.000   0.000
  87.728  13.008-177.967   0.000   0.000   0.000   0.000   0.000   0.000   0.000
 -96.815 139.004 179.849 -62.061 -39.060 180.000   0.000   0.000   0.000   0.000
 -73.430 126.445 179.747 -74.846 -78.848 180.000   0.000   0.000   0.000   0.000
-134.248 173.522-179.662 -55.086 180.000 180.000   0.000   0.000   0.000   0.000
-161.490 138.723 174.495-154.264 174.554 180.000 180.000   0.000   0.000   0.000
  84.358-132.025 177.795   0.000   0.000   0.000   0.000   0.000   0.000   0.000
-109.305  86.885 175.125 -60.059 173.073 180.000 180.000   0.000   0.000   0.000
  70.316  13.486 178.440   0.000   0.000   0.000   0.000   0.000   0.000   0.000
 -77.453 117.452 177.956-165.209  73.521   0.000   0.000   0.000   0.000   0.000
 -78.642 123.074-177.032 168.722  98.800 180.000 180.000   0.000   0.000   0.000
 -89.624 -47.936 177.436 -75.412 170.802 180.000 180.000   0.000   0.000   0.000
-164.209 158.822 177.012 165.983 180.000 180.000   0.000   0.000   0.000   0.000
 -99.082   4.906-175.789 -58.594-156.812-161.241  95.627 180.000   0.000   0.000
 -84.004 143.556 175.246 -92.248 180.000   0.000   0.000   0.000   0.000   0.000
 -75.000  72.533-178.318   0.000   0.000   0.000   0.000   0.000   0.000   0.000
-158.082 108.034 177.686 127.712 180.000   0.000   0.000   0.000   0.000   0.000
 -59.594 -31.969 179.429-127.467-161.989 180.000 180.000   0.000   0.000   0.000
 -60.076 -57.730 178.958 -52.610 -38.750 180.000   0.000   0.000   0.000   0.000
 -54.721 -46.210 176.580 180.000   0.000   0.000   0.000   0.000   0.000   0.000
 -52.099 -52.422-176.643 180.000   0.000   0.000   0.000   0.000   0.000   0.000
 -62.250 -33.763 178.203 -48.523-173.974 167.704-140.291 180.000   0.000   0.000
 -76.441 -33.862 175.849  68.277 180.000   0.000   0.000   0.000   0.000   0.000
 -63.590 -43.987 176.925 -86.455 -62.504   3.418 180.000   0.000   0.000   0.000
 -58.283 -44.453-179.177 170.070  66.372 180.000 180.000   0.000   0.000   0.000
 -60.649 -47.575 177.838 -75.923   7.817 180.000   0.000   0.000   0.000   0.000
 -59.852 -31.249-178.019 -54.017 171.906 175.840-150.954 180.000   0.000   0.000
 -72.687 -56.105-178.954 180.000   0.000   0.000   0.000   0.000   0.000   0.000
 -67.774 -57.557 179.911 -55.881 -71.055 180.000 180.000   0.000   0.000   0.000
 120.175  -5.434 179.666   0.000   0.000   0.000   0.000   0.000   0.000   0.000
-122.395 175.623 178.557 100.676-153.269-152.227-157.335 180.000 180.000 180.000
 -96.945 108.425-173.087  95.103 123.769 180.000   0.000   0.000   0.000   0.000
-107.748 -16.747 179.522 -26.687 180.000   0.000   0.000   0.000   0.000   0.000
  54.185  52.324 174.992-146.401  59.046 180.000   0.000   0.000   0.000   0.000
  63.670  24.313 177.028   0.000   0.000   0.000   0.000   0.000   0.000   0.000
-138.515 132.835-179.313 162.011 180.000 180.000   0.000   0.000   0.000   0.000
-129.463 168.252 178.059  68.023 172.945 180.000 180.000   0.000   0.000   0.000
-107.658 165.899 179.550  19.629 180.000 180.000   0.000   0.000   0.000   0.000
 -55.616 -31.192-178.889-116.219-116.281  71.678 138.859 180.000   0.000   0.000
 -66.826 -57.991-178.596-133.826  35.645 180.000   0.000   0.000   0.000   0.000
 -59.186 -43.040 177.287  -2.658-101.588  -7.263 180.000   0.000   0.000   0.000
 -54.541 -35.406-179.369 180.000   0.000   0.000   0.000   0.000   0.000   0.000
 -76.547 -36.757 178.488-123.655 178.048 -84.061 180.000   0.000   0.000   0.000
 -62.454 -46.372-178.249-151.002-153.138-104.745-132.825 180.000   0.000   0.000
 -58.005 -51.352 179.323 -87.228 175.612 180.000 180.000   0.000   0.000   0.000
 -52.761 -44.534-177.740 169.624  72.890   0.000   0.000   0.000   0.000   0.000
 -62.257 -40.274 178.142 -70.373 162.415 180.000   0.000   0.000   0.000   0.000
 -68.367 -33.504-178.442 -83.461 141.298  53.560 180.000   0.000   0.000   0.000
 -63.053 -46.934-177.196 -75.362  -8.621 180.000   0.000   0.000   0.000   0.000
 -73.320 -31.530 175.224 175.649 180.000 180.000   0.000   0.000   0.000   0.000
 -63.196 -41.879-179.419 -72.648 -11.372 180.000   0.000   0.000   0.000   0.000
 -65.578 -43.107 174.387 180.000   0.000   0.000   0.000   0.000   0.000   0.000
 -56.261 -64.909 177.103 180.000   0.000   0.000   0.000   0.000   0.000   0.000
 -48.779 -45.305 178.424 163.852 180.000 180.000   0.000   0.000   0.000   0.000
 -67.629 -26.468 177.957 -84.809 162.347 -12.413-137.082 180.000 180.000 180.000
 -61.426 -62.425 177.360   0.000   0.000   0.000   0.000   0.000   0.000   0.000
 -47.646 -48.703-178.915 -70.468 148.801 180.000 180.000   0.000   0.000   0.000
 -61.216 -33.852 176.616 -69.655-179.249 180.000 180.000   0.000   0.000   0.000
 -81.820 -16.790-178.149  97.704 177.050  30.359 120.039 180.000 180.000 180.000
 -92.664 125.839-176.510 177.681 -64.942 180.000   0.000   0.000   0.000   0.000
 -61.453 -31.227-178.876 180.000   0.000   0.000   0.000   0.000   0.000   0.000
 -90.263 -31.357-174.208 -54.778 166.480  90.959 152.912 180.000   0.000   0.000
 -78.655 -44.251-178.433 -57.348-168.261 180.000 180.000   0.000   0.000   0.000
 -43.671 -57.772 178.324-173.358 110.230 176.838 -21.375 180.000   0.000   0.000
 -75.000 -38.402 179.340   0.000   0.000   0.000   0.000   0.000   0.000   0.000
 -68.443 -55.821 179.186-163.383 180.000 180.000   0.000   0.000   0.000   0.000
 -51.234 -46.955-177.769 176.855  78.142 180.000   0.000   0.000   0.000   0.000
 -61.965 -22.423-177.371 -97.050 -15.469 180.000   0.000   0.000   0.000   0.000
 -98.960 -19.699-177.300  71.903 180.000   0.000   0.000   0.000   0.000   0.000
 -75.684 169.498 177.835 -68.097 148.034 180.000 180.000   0.000   0.000   0.000
 -90.154-178.368-176.838  50.465 -88.757 180.000   0.000   0.000   0.000   0.000
 -63.558 -30.623-179.167 180.000   0.000   0.000   0.000   0.000   0.000   0.000
 -77.812 -43.041 179.285 168.720 180.000 180.000   0.000   0.000   0.000   0.000
 -66.667 -33.087 178.775 -72.073-168.706 179.465  85.954 180.000 180.000 180.000
 -66.294 -31.891 179.923-109.994 168.718-154.201-171.169 180.000 180.000 180.000
 -67.418 -38.874 176.943 -96.045 180.000   0.000   0.000   0.000   0.000   0.000
 -62.740 -34.268-179.775 180.000   0.000   0.000   0.000   0.000   0.000   0.000
 -68.703 -48.548 176.204-170.902  67.829 180.000 180.000   0.000   0.000   0.000
 -55.098 -35.008 179.574 -83.181-179.094 180.000 180.000   0.000   0.000   0.000
 -63.814 -46.753 177.953-170.145 -34.956 180.000   0.000   0.000   0.000   0.000
 -61.589 -39.832-178.662 -45.879 179.822  75.916 180.000   0.000   0.000   0.000
 -64.724 -43.008 176.655 169.601 180.000 180.000   0.000   0.000   0.000   0.000
 -56.641 -47.527-179.545-164.720 -90.735   0.000   0.000   0.000   0.000   0.000
 -74.063 -52.111-172.195 171.892-174.865  11.079 180.000   0.000   0.000   0.000
-104.699   1.235-179.552  70.138-158.987  83.503 180.000   0.000   0.000   0.000
  84.455 155.061-178.196   0.000   0.000   0.000   0.000   0.000   0.000   0.000
 -51.226 -36.689-178.020 110.205 160.867   9.010 180.000   0.000   0.000   0.000
 -80.896 -30.831-179.130 -84.935 180.000 180.000   0.000   0.000   0.000   0.000
 -73.083 -33.897-179.641   0.000   0.000   0.000   0.000   0.000   0.000   0.000
 -75.943 -39.331-179.254-166.503 180.000 180.000   0.000   0.000   0.000   0.000
 -57.529 -24.683-178.207 180.000   0.000   0.000   0.000   0.000   0.000   0.000
 -86.485  12.543-179.068   0.000   0.000   0.000   0.000   0.000   0.000   0.000
-102.683  45.791-174.760 -75.516  81.409   0.000   0.000   0.000   0.000   0.000
 -31.561 -57.844 179.949 -65.306 180.000 180.000   0.000   0.000   0.000   0.000
 -63.552 -57.081 178.122  -5.594-139.532 180.000   0.000   0.000   0.000   0.000
 -43.687 -49.324-179.466 -88.901 180.000   0.000   0.000   0.000   0.000   0.000
 -64.778 -37.678 178.172 -70.896-149.118 180.000 180.000   0.000   0.000   0.000
 -62.244 -52.372-179.686 -91.772-177.261-129.782 111.037 180.000 180.000 180.000
 -61.776 -34.044 177.830 -86.389 151.066-147.473 180.000   0.000   0.000   0.000
 -58.280 -45.786 178.492 -75.735 167.064 180.000 180.000   0.000   0.000   0.000
 -53.979 -51.350-179.814-139.476 158.205 -26.677 180.000   0.000   0.000   0.000
 -75.554  39.896-179.593 -74.106 172.475 138.876 180.000   0.000   0.000   0.000
  32.878  28.025-177.917 -89.716 106.590-128.674 -54.991 180.000   0.000   0.000
 -97.761  65.811-175.489 -70.084 145.716  71.231 164.395 180.000 180.000 180.000
 -45.340 -48.531-178.049 -31.157 113.414   0.000   0.000   0.000   0.000   0.000
 -70.489 -31.114 172.490 -50.028 -26.629 180.000   0.000   0.000   0.000   0.000
 -63.133 -48.909 176.930 -39.381-133.985   4.111 180.000   0.000   0.000   0.000
 -55.695 -59.803-178.801 180.000   0.000   0.000   0.000   0.000   0.000   0.000
 -42.775 -52.797-177.687 180.000   0.000   0.000   0.000   0.000   0.000   0.000
 -63.298 -32.333-179.121 175.317 180.000 180.000   0.000   0.000   0.000   0.000
 -76.451 -45.259 179.636 -89.143-107.424 180.000   0.000   0.000   0.000   0.000
 -49.121 -42.094-178.590 -65.124 161.082 180.000 180.000   0.000   0.000   0.000
 -61.807 -42.394 178.093 180.000   0.000   0.000   0.000   0.000   0.000   0.000
 -62.864  12.862-178.623 -85.174 173.352 122.510-127.079 180.000   0.000   0.000
 -93.732 173.292 177.192  75.441 180.000   0.000   0.000   0.000   0.000   0.000
 -73.713 -40.514-177.850 180.000 180.000 180.000 180.000 180.000 180.000 180.000
 -55.222 -38.087-177.624 162.053  68.965   0.000   0.000   0.000   0.000   0.000
 -73.207 -42.199 175.721-179.035  84.709 180.000   0.000   0.000   0.000   0.000
 -62.463 -33.884-176.749 -78.037 109.843 180.000   0.000   0.000   0.000   0.000
 -86.982 -27.783-179.963-137.616 165.582 129.700 180.000   0.000   0.000   0.000
-146.740  62.204-173.187  58.563 180.000 180.000   0.000   0.000   0.000   0.000
 -75.000 -39.257-179.699   0.000   0.000   0.000   0.000   0.000   0.000   0.000
 -67.195 -42.104 177.037 -84.771 172.412 180.000   0.000   0.000   0.000   0.000
 -69.922 -51.200-176.409-145.392-119.561-109.323-126.667 180.000 180.000 180.000
 -52.263 -47.960 179.788 180.000   0.000   0.000   0.000   0.000   0.000   0.000
 -62.700 -35.583 177.981 -79.233 -89.338 139.936-168.053 180.000   0.000   0.000
 -59.554 -60.895 173.950 -87.052-172.707 -53.819 -85.314 180.000 180.000 180.000
 -46.962 -56.018-179.718 161.582 180.000 180.000   0.000   0.000   0.000   0.000
 -54.529 -38.301 175.003 -81.377 136.365 180.000 180.000   0.000   0.000   0.000
 -70.188 -28.223 176.478 -67.388 180.000 180.000   0.000   0.000   0.000   0.000
 -63.532 -51.000 179.133 -66.092 180.000 180.000   0.000   0.000   0.000   0.000
 -61.288 -47.345-176.774 -80.366 -43.249   0.000   0.000   0.000   0.000   0.000
 -58.419 -46.183-177.161 166.820-179.615  72.692  75.437 180.000 180.000 180.000
 -94.994 -29.341-179.318  89.591 180.000 180.000   0.000   0.000   0.000   0.000
  74.951  18.559 178.024   0.000   0.000   0.000   0.000   0.000   0.000   0.000
-129.412-177.599 177.225  67.020 180.000 180.000   0.000   0.000   0.000   0.000
 -97.358  18.423-179.496 -74.162 119.639   0.000   0.000   0.000   0.000   0.000
 -45.503 -46.018-178.802 -90.786 -45.425 180.000   0.000   0.000   0.000   0.000
 -66.176 -22.214-178.923 180.000   0.000   0.000   0.000   0.000   0.000   0.000
-108.961  -1.451-175.299 -63.554  86.021 180.000   0.000   0.000   0.000   0.000
 -77.799 -39.274-178.259 -66.124 -87.103 158.000-169.531 180.000   0.000   0.000
-119.668 101.820 178.852 -83.616 164.463 180.000   0.000   0.000   0.000   0.000
-122.689 180.000 180.000 -85.461 168.270 180.000 180.000   0.000   0.000   0.000

