  0.036674  0.047174  0.036299  0.040255  0.036299  0.033044  0.067858  0.056716
  0.033044  0.056716  0.067858  0.0       0.058609  0.058609  0.058609  0.0
  0.080291  0.052946  0.052946  0.078815  0.078815  0.0       0.0       0.0
  0.059833  0.057869  0.062672  0.072759
  8.526400  7.840000  8.555625  8.265625  8.555625 12.390400 11.088900 10.956100
 12.390400 10.956100 11.088900  0.0      10.336225 10.336225 10.336225  0.0
  9.120400  9.486400  9.486400 12.496225 12.496225  0.0       0.0       0.0
 12.673590 14.707225 13.579219 12.852225
  0.047174  0.061354  0.046672  0.051990  0.046672  0.040689  0.084574  0.070783
  0.040689  0.070783  0.084574  0.0      -0.127311 -0.127311  0.073636  0.0
 -0.258316 -0.719493 -0.719493  0.096962  0.096962  0.0       0.0       0.0
  0.073500  0.070030  0.076444  0.089248
  7.840000  7.182400  7.868025  7.590025  7.868025 11.560000 10.304100 10.176100
 11.560000 10.176100 10.304100  0.0       7.980835  7.980835  9.579025  0.0
  5.999003  4.489329  4.489329 11.662225 11.662225  0.0       0.0       0.0
 11.833590 13.801225 12.709220 12.006225
  0.036299  0.046672  0.035929  0.039838  0.035929  0.032764  0.067250  0.056204
  0.032764  0.056204  0.067250  0.0       0.058065  0.058065  0.058065  0.0
  0.079498  0.052433  0.052433  0.078150  0.078150  0.0       0.0       0.0
  0.059331  0.057418  0.062164  0.072153
  8.555625  7.868025  8.584900  8.294400  8.584900 12.425625 11.122225 10.989225
 12.425625 10.989225 11.122225  0.0      10.368400 10.368400 10.368400  0.0
  9.150625  9.517225  9.517225 12.531600 12.531600  0.0       0.0       0.0
 12.709215 14.745600 13.616094 12.888100
  0.040255  0.051990  0.039838  0.044252  0.039838  0.035696  0.073630  0.061570
  0.035696  0.061570  0.073630  0.0      -0.127311 -0.127311  0.063782  0.0
 -1.381367 -0.843454 -0.843454  0.085113  0.085113  0.0       0.0       0.0
  0.064578  0.062116  0.067467  0.078487
  8.265625  7.590025  8.294400  8.008900  8.294400 12.075625 10.791225 10.660225
 12.075625 10.660225 10.791225  0.0       7.980835  7.980835 10.048900  0.0
  4.614906  4.867679  4.867679 12.180100 12.180100  0.0       0.0       0.0
 12.355215 14.364100 13.249594 12.531600
  0.036299  0.046672  0.035929  0.039838  0.035929  0.032764  0.067250  0.056204
  0.032764  0.056204  0.067250  0.0       0.058065  0.058065  0.058065  0.0
  0.079498  0.052433  0.052433  0.078150  0.078150  0.0       0.0       0.0
  0.059331  0.057418  0.062164  0.072153
  8.555625  7.868025  8.584900  8.294400  8.584900 12.425625 11.122225 10.989225
 12.425625 10.989225 11.122225  0.0      10.368400 10.368400 10.368400  0.0
  9.150625  9.517225  9.517225 12.531600 12.531600  0.0       0.0       0.0
 12.709215 14.745600 13.616094 12.888100
  0.033044  0.040689  0.032764  0.035696  0.032764  0.037880  0.071801  0.060713
  0.037880  0.060713  0.071801  0.0       0.062490  0.062490  0.062490  0.0
  0.081753  0.056120  0.056120  0.091727  0.091727  0.0       0.0       0.0
  0.066563  0.066225  0.071126  0.081572
 12.390400 11.560000 12.425625 12.075625 12.425625 16.974400 15.444900 15.288100
 16.974400 15.288100 15.444900  0.0      14.554225 14.554225 14.554225  0.0
 13.104400 13.542400 13.542400 17.098225 17.098225  0.0       0.0       0.0
 17.305588 19.669225 18.361218 17.514225
  0.067858  0.084574  0.067250  0.073630  0.067250  0.071801  0.140057  0.117642
  0.071801  0.117642  0.140057  0.0       0.120653  0.120653  0.120653  0.0
  0.159407  0.107725  0.107725  0.172720  0.172720  0.0       0.0       0.0
  0.128243  0.127370  0.136504  0.156764
 11.088900 10.304100 11.122225 10.791225 11.122225 15.444900 13.987600 13.838400
 15.444900 13.838400 13.987600  0.0      13.140625 13.140625 13.140625  0.0
 11.764900 12.180100 12.180100 15.563025 15.563025  0.0       0.0       0.0
 15.760889 18.020025 16.769019 15.960025
  0.056716  0.070783  0.056204  0.061570  0.056204  0.060713  0.117642  0.099290
  0.060713  0.099290  0.117642  0.0       0.102560  0.102560  0.102560  0.0
  0.136300  0.092580  0.092580  0.146486  0.146486  0.0       0.0       0.0
  0.090826  0.088598  0.096154  0.111095
 10.956100 10.176100 10.989225 10.660225 10.989225 15.288100 13.838400 13.690000
 15.288100 13.690000 13.838400  0.0      12.996025 12.996025 12.996025  0.0
 11.628100 12.040900 12.040900 15.405625 15.405625  0.0       0.0       0.0
 15.602489 17.850625 16.605619 15.800625
  0.033044  0.040689  0.032764  0.035696  0.032764  0.037880  0.071801  0.060713
  0.037880  0.060713  0.071801  0.0       0.062490  0.062490  0.062490  0.0
  0.081753  0.056120  0.056120  0.091727  0.091727  0.0       0.0       0.0
  0.066563  0.066225  0.071126  0.081572
 12.390400 11.560000 12.425625 12.075625 12.425625 16.974400 15.444900 15.288100
 16.974400 15.288100 15.444900  0.0      14.554225 14.554225 14.554225  0.0
 13.104400 13.542400 13.542400 17.098225 17.098225  0.0       0.0       0.0
 17.305588 19.669225 18.361218 17.514225
  0.056716  0.070783  0.056204  0.061570  0.056204  0.060713  0.117642  0.099290
  0.060713  0.099290  0.117642  0.0       0.102560  0.102560  0.102560  0.0
  0.136300  0.092580  0.092580  0.146486  0.146486  0.0       0.0       0.0
  0.090826  0.088598  0.096154  0.111095
 10.956100 10.176100 10.989225 10.660225 10.989225 15.288100 13.838400 13.690000
 15.288100 13.690000 13.838400  0.0      12.996025 12.996025 12.996025  0.0
 11.628100 12.040900 12.040900 15.405625 15.405625  0.0       0.0       0.0
 15.602489 17.850625 16.605619 15.800625
  0.067858  0.084574  0.067250  0.073630  0.067250  0.071801  0.140057  0.117642
  0.071801  0.117642  0.140057  0.0       0.120653  0.120653  0.120653  0.0
  0.159407  0.107725  0.107725  0.172720  0.172720  0.0       0.0       0.0
  0.128243  0.127370  0.136504  0.156764
 11.088900 10.304100 11.122225 10.791225 11.122225 15.444900 13.987600 13.838400
 15.444900 13.838400 13.987600  0.0      13.140625 13.140625 13.140625  0.0
 11.764900 12.180100 12.180100 15.563025 15.563025  0.0       0.0       0.0
 15.760889 18.020025 16.769019 15.960025
  0.0       0.0       0.0       0.0       0.0       0.0       0.0       0.0
  0.0       0.0       0.0       0.0       0.0       0.0       0.0       0.0
  0.0       0.0       0.0       0.0       0.0       0.0       0.0       0.0
  0.0       0.0       0.0       0.0
  0.0       0.0       0.0       0.0       0.0       0.0       0.0       0.0
  0.0       0.0       0.0       0.0       0.0       0.0       0.0       0.0
  0.0       0.0       0.0       0.0       0.0       0.0       0.0       0.0
  0.0       0.0       0.0       0.0
  0.058609 -0.127311  0.058065 -0.127311  0.058065  0.062490  0.120653  0.102560
  0.062490  0.102560  0.120653  0.0       0.107303  0.107303  0.107303  0.0
  0.144733  0.098806  0.098806  0.151336  0.151336  0.0       0.0       0.0
  0.102974  0.098769  0.108300  0.125883
 10.336225  7.980835 10.368400  7.980835 10.368400 14.554225 13.140625 12.996025
 14.554225 12.996025 13.140625  0.0      12.320100 12.320100 12.320100  0.0
 10.989225 11.390625 11.390625 14.668900 14.668900  0.0       0.0       0.0
 14.861014 17.056900 15.840394 15.054400
  0.058609 -0.127311  0.058065 -0.127311  0.058065  0.062490  0.120653  0.102560
  0.062490  0.102560  0.120653  0.0       0.107303  0.107303  0.107303  0.0
  0.144733  0.098806  0.098806  0.151336  0.151336  0.0       0.0       0.0
  0.108623  0.104408  0.114310  0.132775
 10.336225  7.980835 10.368400  7.980835 10.368400 14.554225 13.140625 12.996025
 14.554225 12.996025 13.140625  0.0      12.320100 12.320100 12.320100  0.0
 10.989225 11.390625 11.390625 14.668900 14.668900  0.0       0.0       0.0
 14.861014 17.056900 15.840394 15.054400
  0.058609  0.073636  0.058065  0.063782  0.058065  0.062490  0.120653  0.102560
  0.062490  0.102560  0.120653  0.0       0.107303  0.107303  0.107303  0.0
  0.144733  0.098806  0.098806  0.151336  0.151336  0.0       0.0       0.0
  0.102974  0.098769  0.108300  0.125883
 10.336225  9.579025 10.368400 10.048900 10.368400 14.554225 13.140625 12.996025
 14.554225 12.996025 13.140625  0.0      12.320100 12.320100 12.320100  0.0
 10.989225 11.390625 11.390625 14.668900 14.668900  0.0       0.0       0.0
 14.861014 17.056900 15.840394 15.054400
  0.0       0.0       0.0       0.0       0.0       0.0       0.0       0.0
  0.0       0.0       0.0       0.0       0.0       0.0       0.0       0.0
  0.0       0.0       0.0       0.0       0.0       0.0       0.0       0.0
  0.0       0.0       0.0       0.0
  0.0       0.0       0.0       0.0       0.0       0.0       0.0       0.0
  0.0       0.0       0.0       0.0       0.0       0.0       0.0       0.0
  0.0       0.0       0.0       0.0       0.0       0.0       0.0       0.0
  0.0       0.0       0.0       0.0
  0.080291 -0.258316  0.079498 -1.381367  0.079498  0.081753  0.159407  0.136300
  0.081753  0.136300  0.159407  0.0       0.144733  0.144733  0.144733  0.0
  0.200036  0.136367  0.136367  0.198283  0.198283  0.0       0.0       0.0
  0.140329  0.131064  0.145892  0.171243
  9.120400  5.999003  9.150625  4.614906  9.150625 13.104400 11.764900 11.628100
 13.104400 11.628100 11.764900  0.0      10.989225 10.989225 10.989225  0.0
  9.734400 10.112400 10.112400 13.213225 13.213225  0.0       0.0       0.0
 13.395590 15.484225 14.326219 13.579225
  0.052946 -0.719493  0.052433 -0.843454  0.052433  0.056120  0.107725  0.092580
  0.056120  0.092580  0.107725  0.0       0.098806  0.098806  0.098806  0.0
  0.136367  0.093891  0.093891  0.136717  0.136717  0.0       0.0       0.0
  0.095162  0.088546  0.098954  0.116266
  9.486400  4.489329  9.517225  4.867679  9.517225 13.542400 12.180100 12.040900
 13.542400 12.040900 12.180100  0.0      11.390625 11.390625 11.390625  0.0
 10.112400 10.497600 10.497600 13.653025 13.653025  0.0       0.0       0.0
 13.838390 15.960025 14.784019 14.025025
  0.052946 -0.719493  0.052433 -0.843454  0.052433  0.056120  0.107725  0.092580
  0.056120  0.092580  0.107725  0.0       0.098806  0.098806  0.098806  0.0
  0.136367  0.093891  0.093891  0.136717  0.136717  0.0       0.0       0.0
  0.095162  0.088546  0.098954  0.116266
  9.486400  4.489329  9.517225  4.867679  9.517225 13.542400 12.180100 12.040900
 13.542400 12.040900 12.180100  0.0      11.390625 11.390625 11.390625  0.0
 10.112400 10.497600 10.497600 13.653025 13.653025  0.0       0.0       0.0
 13.838390 15.960025 14.784019 14.025025
  0.078815  0.096962  0.078150  0.085113  0.078150  0.091727  0.172720  0.146486
  0.091727  0.146486  0.172720  0.0       0.151336  0.151336  0.151336  0.0
  0.198283  0.136717  0.136717  0.222609  0.222609  0.0       0.0       0.0
  0.046304  0.044023  0.048851  0.056892
 12.496225 11.662225 12.531600 12.180100 12.531600 17.098225 15.563025 15.405625
 17.098225 15.405625 15.563025  0.0      14.668900 14.668900 14.668900  0.0
 13.213225 13.653025 13.653025 17.222500 17.222500  0.0       0.0       0.0
 17.430613 19.802500 18.489993 17.640000
  0.078815  0.096962  0.078150  0.085113  0.078150  0.091727  0.172720  0.146486
  0.091727  0.146486  0.172720  0.0       0.151336  0.151336  0.151336  0.0
  0.198283  0.136717  0.136717  0.222609  0.222609  0.0       0.0       0.0
  0.046304  0.044023  0.048851  0.056892
 12.496225 11.662225 12.531600 12.180100 12.531600 17.098225 15.563025 15.405625
 17.098225 15.405625 15.563025  0.0      14.668900 14.668900 14.668900  0.0
 13.213225 13.653025 13.653025 17.222500 17.222500  0.0       0.0       0.0
 17.430613 19.802500 18.489993 17.640000
  0.0       0.0       0.0       0.0       0.0       0.0       0.0       0.0
  0.0       0.0       0.0       0.0       0.0       0.0       0.0       0.0
  0.0       0.0       0.0       0.0       0.0       0.0       0.0       0.0
  0.0       0.0       0.0       0.0
  0.0       0.0       0.0       0.0       0.0       0.0       0.0       0.0
  0.0       0.0       0.0       0.0       0.0       0.0       0.0       0.0
  0.0       0.0       0.0       0.0       0.0       0.0       0.0       0.0
  0.0       0.0       0.0       0.0
  0.0       0.0       0.0       0.0       0.0       0.0       0.0       0.0
  0.0       0.0       0.0       0.0       0.0       0.0       0.0       0.0
  0.0       0.0       0.0       0.0       0.0       0.0       0.0       0.0
  0.0       0.0       0.0       0.0
  0.0       0.0       0.0       0.0       0.0       0.0       0.0       0.0
  0.0       0.0       0.0       0.0       0.0       0.0       0.0       0.0
  0.0       0.0       0.0       0.0       0.0       0.0       0.0       0.0
  0.0       0.0       0.0       0.0
  0.0       0.0       0.0       0.0       0.0       0.0       0.0       0.0
  0.0       0.0       0.0       0.0       0.0       0.0       0.0       0.0
  0.0       0.0       0.0       0.0       0.0       0.0       0.0       0.0
  0.0       0.0       0.0       0.0
  0.0       0.0       0.0       0.0       0.0       0.0       0.0       0.0
  0.0       0.0       0.0       0.0       0.0       0.0       0.0       0.0
  0.0       0.0       0.0       0.0       0.0       0.0       0.0       0.0
  0.0       0.0       0.0       0.0
  0.059833  0.073500  0.059331  0.064578  0.059331  0.066563  0.128243  0.090826
  0.066563  0.090826  0.128243  0.0       0.102974  0.108623  0.102974  0.0
  0.140329  0.095162  0.095162  0.046304  0.046304  0.0       0.0       0.0
  0.119985  0.122348  0.129182  0.146935
 12.673590 11.833590 12.709215 12.355215 12.709215 17.305588 15.760889 15.602489
 17.305588 15.602489 15.760889  0.0      14.861014 14.861014 14.861014  0.0
 13.395590 13.838390 13.838390 17.430613 17.430613  0.0       0.0       0.0
 17.639977 20.025612 18.705606 17.850613
  0.057869  0.070030  0.057418  0.062116  0.057418  0.066225  0.127370  0.088598
  0.066225  0.088598  0.127370  0.0       0.098769  0.104408  0.098769  0.0
  0.131064  0.088546  0.088546  0.044023  0.044023  0.0       0.0       0.0
  0.122348  0.130012  0.133821  0.150018
 14.707225 13.801225 14.745600 14.364100 14.745600 19.669225 18.020025 17.850625
 19.669225 17.850625 18.020025  0.0      17.056900 17.056900 17.056900  0.0
 15.484225 15.960025 15.960025 19.802500 19.802500  0.0       0.0       0.0
 20.025612 22.562500 21.159993 20.250000
  0.062672  0.076444  0.062164  0.067467  0.062164  0.071126  0.136504  0.096154
  0.071126  0.096154  0.136504  0.0       0.108300  0.114310  0.108300  0.0
  0.145892  0.098954  0.098954  0.048851  0.048851  0.0       0.0       0.0
  0.129182  0.133821  0.139982  0.158320
 13.579219 12.709220 13.616094 13.249594 13.616094 18.361218 16.769019 16.605619
 18.361218 16.605619 16.769019  0.0      15.840394 15.840394 15.840394  0.0
 14.326219 14.784019 14.784019 18.489993 18.489993  0.0       0.0       0.0
 18.705606 21.159993 19.802486 18.922493
  0.072759  0.089248  0.072153  0.078487  0.072153  0.081572  0.156764  0.111095
  0.081572  0.111095  0.156764  0.0       0.125883  0.132775  0.125883  0.0
  0.171243  0.116266  0.116266  0.056892  0.056892  0.0       0.0       0.0
  0.146935  0.150018  0.158320  0.179984
 12.852225 12.006225 12.888100 12.531600 12.888100 17.514225 15.960025 15.800625
 17.514225 15.800625 15.960025  0.0      15.054400 15.054400 15.054400  0.0
 13.579225 14.025025 14.025025 17.640000 17.640000  0.0       0.0       0.0
 17.850613 20.250000 18.922493 18.062500
  2.04    3.052   3.052   3.855
   20.0    20.0    20.0    2.0
  1.40494871328474977D  1 -3.02633557544833138D  2  2.70261569447627193D  322800
 -1.28139463054633252D  4  3.40398990186287638D  4 -4.80681160192799161D  4
  2.82085863608563459D  4  4.4475988          D  0  4.02892521665999084D  1
