ALANINE
   10    1-0.9437972 0.3305252-0.0993245 0.9950551
  -1   1
  1.35        3    1    4
      0.333790-0.520653-0.785815       3  5  3         8
                                     N  14     -4.59    0    7 10
   -0.4226    0.9063    0.0          HN  2      2.27    7    4  6
    1.4530    0.0       0.0          CA  9      0.82    0    0  0
    1.7849   -0.4925    0.9140       HA  1      0.26    0    7 10
    1.9637   -0.7966   -1.2023       CB  6     -1.17    0    0  0
    1.9587    1.4440    0.0          C   7      5.80    0    8 10
    1.1648    2.3835    0.0          O  17     -4.95    8    0  0
    1.6006   -1.8224   -1.1392      1HB  1      0.52    0    0  0
    1.6006   -0.3386   -2.1223      2HB  1      0.52    0    0  0
    3.0537   -0.7963   -1.2019      3HB  1      0.52    0    0  0
    3.2771    1.5756    0.0
ASPARTIC ACID
   13    3-0.9437972 0.3305252-0.0993245 0.9950551
  -2   2
   1.35       3    1    4
  4.00        2   -1    6
      0.360012-0.453479-0.815321       3  5  3         8
      0.997682-0.033073-0.059480       5 10  2        11
      0.483317 0.425489 0.765090      10 11  1        13
                                     N  14     -4.59   11    7 10
   -0.4226    0.9063    0.0          HN  2      2.27    7    4  6
    1.4530    0.0       0.0          CA  9      0.82   13   11 12
    1.7394   -0.5422    0.9011       HA  1      0.26   11    7 10
    2.0038   -0.6938   -1.2474       CB  6     -1.29    0   13 13
    1.9587    1.4440    0.0          C   7      5.80   11    8 10
    1.1648    2.3835    0.0          O  17     -4.95    8    0  0
    1.6190   -1.7132   -1.2776      1HB  1      0.78   13   11 12
    1.6190   -0.1818   -2.1294      2HB  1      0.78   13   11 12
    3.5302   -0.7444   -1.3384       CG  7      6.44    0    0  0
    4.1537   -0.1955   -0.3514       OD218     -4.51    0    0  0
    4.0951   -1.2810   -2.3031       OD117     -4.64    0   13 13
    5.1416   -0.2707   -0.4866       HD2 4      2.83    0    0  0
    3.2771    1.5756    0.0
CYSTINE
   10    1-0.9494258 0.3139916-0.1166749 0.9931702
  -3   3
  1.35        3    1    4
  0.75        3    1    5
 10.0         2    1    6
      0.369731-0.515152-0.773251       3  5  3         8
                                     N  14     -4.59    0    7 10
   -0.4226    0.9063    0.0          HN  2      2.27    7    4  6
    1.4530    0.0       0.0          CA  9      0.82    0    0  0
    1.7661   -0.5112    0.9103       HA  1      0.26    0    7 10
    2.0187   -0.7882   -1.1831       CB  6     -1.16    0    0  0
    1.9334    1.4526    0.0          C   7      5.80    0    8 10
    1.1232    2.3781    0.0          O  17     -4.95    8    0  0
    1.6404   -1.8093   -1.1355      1HB  1      0.71    0    0  0
    1.6404   -0.3509   -2.1071      2HB  1      0.71    0    0  0
    3.8460   -0.8430   -1.2654       SG 21      0.13    0    0  0
    3.2494    1.6072    0.0
GLUTAMIC ACID
   16    4-0.9378933 0.3469239-0.0818840 0.9966419
  -4   3
   1.35       3    1    4
  1.35        3    1    5
   4.00       2   -1    7
      0.358376-0.514654-0.778909       3  5  3         8
      1.000000 0.0      0.0            5 10  3        11
      0.358345-0.514676-0.778908      10 13  2        14
     -0.694671-0.397220-0.599707      13 14  1        16
                                     N  14     -4.59   11    7 10
   -0.4226    0.9063    0.0          HN  2      2.27    7    4  6
    1.4530    0.0       0.0          CA  9      0.82   14   11 13
    1.7427   -0.5017    0.9233       HA  1      0.26   11    7 10
    2.0013   -0.7874   -1.1917       CB  6     -0.39   16   14 15
    1.9838    1.4350    0.0          C   7      5.80   11    8 10
    1.2064    2.3882    0.0          O  17     -4.95    8    0  0
    1.6341   -1.8130   -1.1545      1HB  1      0.39   14   11 13
    1.6341   -0.3510   -2.1206      2HB  1      0.39   14   11 13
    3.5313   -0.7874   -1.1917       CG  6     -1.42    0   16 16
    3.8985    0.2382   -1.2290      1HG  1      0.71   16   14 15
    3.8985   -1.2239   -0.2629      2HG  1      0.71   16   14 15
    4.0796   -1.5749   -2.3835       CD  7      6.44    0    0  0
    3.1835   -2.0873   -3.1571       OE218     -4.51    0    0  0
    5.3043   -1.6818   -2.5453       OE117     -4.64    0   16 16
    3.6219   -2.5827   -3.9070       HE2 4      2.71    0    0  0
    3.3044    1.5435    0.0
PHENYLALANINE
   20    2-0.9335824 0.3583627-0.0697349 0.9975656
  -5   1
   1.35       3    1    4
      0.292360-0.460991-0.837862       3  5  3         8
      0.992548-0.058693-0.106797       5 10 10        11
                                     N  14     -4.59   11    7 10
   -0.4226    0.9063    0.0          HN  2      2.27    7    4  6
    1.4530    0.0       0.0          CA  9      0.82    0   11 20
    1.7765   -0.5114    0.9066       HA  1      0.26   11    7 10
    1.9003   -0.7053   -1.2819       CB  6     -0.52    0    0  0
    2.0013    1.4284    0.0          C   7      5.80   11    8 10
    1.2356    2.3910    0.0          O  17     -4.95    8    0  0
    1.4836   -1.7124   -1.2948      1HB  1      0.32    0   11 20
    1.4836   -0.1770   -2.1395      2HB  1      0.32    0   11 20
    3.4189   -0.7951   -1.4453       CG 10      0.26    0    0  0
    3.9503   -1.3986   -2.5422       CD1 8     -0.19    0    0  0
    4.2374   -0.2716   -0.4937       CD2 8     -0.19    0    0  0
    3.2943   -1.8182   -3.3049       HD1 3      0.13    0    0  0
    5.3597   -1.4820   -2.6938       CE1 8     -0.19    0    0  0
    5.6468   -0.3550   -0.6453       CE2 8     -0.19    0    0  0
    3.8115    0.2120    0.3854       HD2 3      0.13    0    0  0
    5.7856   -1.9656   -3.5729       HE1 3      0.13    0    0  0
    6.1782   -0.9585   -1.7422       CZ  8      0.19    0    0  0
    6.3028    0.0646    0.1174       HE2 3      0.13    0    0  0
    7.2601   -1.0225   -1.8585       HZ  3      0.06    0    0  0
    3.3231    1.5208    0.0
GLYCINE
    7    0-0.9335824 0.3583627-0.0697349 0.9975656
   6
                                     N  14     -4.43    0    7  7
   -0.4226    0.9063    0.0          HN  2      2.27    7    4  6
    1.4530    0.0       0.0          CA  9     -0.11    0    0  0
    1.8202   -0.5343    0.8762      1HA  1      0.71    0    7  7
    1.8202   -0.5343   -0.8762      2HA  1      0.71    0    0  0
    2.0013    1.4284    0.0          C   7      5.80    0    0  0
    1.2356    2.3910    0.0          O  17     -4.95    0    0  0
    3.3231    1.5208    0.0
HISTIDINE
   17    2-0.9420621 0.3354387-0.0941078 0.9955620
  -7   1
   1.35       3    1    4
      0.355103-0.537785-0.764650       3  5  3         8
      0.998443-0.032118-0.045627       5 10  7        11
                                     N  14     -4.59   11    7 10
   -0.4226    0.9063    0.0          HN  2      2.27    7    4  6
    1.4530    0.0       0.0          CA  9      0.82    0   11 17
    1.7658   -0.4880    0.9231       HA  1      0.26   11    7 10
    1.9963   -0.8228   -1.1699       CB  6     -0.51    0    0  0
    1.9662    1.4413    0.0          C   7      5.80   11    8 10
    1.1773    2.3850    0.0          O  17     -4.95    8    0  0
    1.6134   -1.8405   -1.0938      1HB  1      0.19    0   11 17
    1.6134   -0.4071   -2.1019      2HB  1      0.19    0   11 17
    3.5040   -0.8713   -1.2388       CG 10      0.71    0    0  0
    4.1876   -1.5636   -2.2231       ND114     -3.22    0    0  0
    4.4515   -0.3061   -0.4368       CD2 8      1.03    0    0  0
    3.7713   -2.0867   -2.9668       HD1 2      1.93    0    0  0
    5.4873   -1.4156   -2.0126       CE1 8      2.45    0    0  0
    5.6488   -0.6364   -0.9048       NE214     -3.09    0    0  0
    4.2578    0.3120    0.4399       HD2 3      0.45    0    0  0
    6.2871   -1.8416   -2.6184       HE1 3      0.26    0    0  0
    3.2854    1.5660    0.0
ISOLEUCINE
   19    4-0.9437972 0.3305252-0.0993245 0.9950551
  -8   4
   1.35       3    1    4
  1.35        3    1    5
  1.35        3    1    6
  1.35        3    1    7
      0.350197-0.548499-0.759283       3  5  3         8
     -0.379217 0.310917-0.871508       5  9  3        14
      0.999962-0.005163-0.007059       5 10  3        11
      0.350197-0.548498-0.759284      10 16  3        17
                                     N  14     -4.59   11    7 10
   -0.4226    0.9063    0.0          HN  2      2.27    7    4  6
    1.4530    0.0       0.0          CA  9      0.82   17   11 16
    1.7797   -0.4805    0.9222       HA  1      0.26   11    7 10
    1.9888   -0.8392   -1.1617       CB  9     -0.06    0   17 19
    1.9587    1.4440    0.0          C   7      5.80   11    8 10
    1.1648    2.3835    0.0          O  17     -4.95    8    0  0
    1.6625   -1.8692   -1.0179       HB  1      0.32   17   11 16
    1.4086   -0.3635   -2.4951       CG2 6     -0.96   17   14 16
    3.5188   -0.8471   -1.1725       CG1 6     -0.25    0   11 13
    0.3225   -0.4528   -2.4713      1HG2 1      0.32   14    0  0
    1.6840    0.6781   -2.6602      2HG2 1      0.32   14    0  0
    1.8059   -0.9770   -3.3037      3HG2 1      0.32   14    0  0
    3.8906    0.1742   -1.2551      1HG1 1      0.19    0   17 19
    3.8906   -1.2463   -0.2289      2HG1 1      0.19    0   17 19
    4.0546   -1.6863   -2.3342       CD1 6     -0.96    0    0  0
    3.7005   -2.7124   -2.2348      1HD1 1      0.32    0    0  0
    3.7005   -1.2695   -3.2771      2HD1 1      0.32    0    0  0
    5.1444   -1.6749   -2.3183      3HD1 1      0.32    0    0  0
    3.2771    1.5756    0.0
LYSINE
   21    5-0.9437972 0.3305252-0.0993245 0.9950551
  -9   5
   1.35       3    1    4
   1.35       3    1    5
   1.35       3    1    6
   1.35       3    1    7
  0.90        3    1    8
      0.350197-0.548499-0.759283       3  5  3         8
      0.999962-0.005163-0.007059       5 10  3        11
      0.350197-0.548498-0.759284      10 13  3        14
      0.999963-0.005098-0.007059      13 16  3        17
      0.342023-0.550331-0.761680      16 19  2        20
                                     N  14     -4.59   11    7 10
   -0.4226    0.9063    0.0          HN  2      2.27    7    4  6
    1.4530    0.0       0.0          CA  9      0.82   14   11 13
    1.7797   -0.4805    0.9222       HA  1      0.26   11    7 10
    1.9888   -0.8392   -1.1617       CB  6     -0.39   17   14 16
    1.9587    1.4440    0.0          C   7      5.80   11    8 10
    1.1648    2.3835    0.0          O  17     -4.95    8    0  0
    1.6169   -1.8605   -1.0798      1HB  1      0.19   14   11 13
    1.6169   -0.4400   -2.1053      2HB  1      0.19   14   11 13
    3.5188   -0.8471   -1.1725       CG  6     -0.32   20   17 19
    3.8906    0.1742   -1.2551      1HG  1      0.26   17   14 16
    3.8906   -1.2463   -0.2289      2HG  1      0.26   17   14 16
    4.0546   -1.6863   -2.3342       CD  6     -0.39    0   20 21
    3.6827   -2.7076   -2.2516      1HD  1      0.26   20   17 19
    3.6827   -1.2871   -3.2778      2HD  1      0.26   20   17 19
    5.5845   -1.6941   -2.3450       CE  6      1.42    0    0  0
    5.9587   -0.6738   -2.4289      1HE  1     -0.06    0   20 21
    5.9587   -2.0943   -1.4027      2HE  1     -0.06    0   20 21
    6.0907   -2.5086   -3.4723       NZ 14     -5.09    0    0  0
    5.7789   -3.4718   -3.4151      1HZ  2      1.93    0    0  0
    7.1041   -2.5293   -3.5010      2HZ  2      1.93    0    0  0
    3.2771    1.5756    0.0
LEUCINE
   19    4-0.9437972 0.3305252-0.0993245 0.9950551
 -10   4
   1.35       3    1    4
   1.35       3    1    5
   1.35       3    1    6
   1.35       3    1    7
      0.350197-0.548499-0.759283       3  5  3         8
      0.995394-0.056142-0.077710       5 10  3        11
      0.267203-0.564276-0.781150      10 12  3        14
      0.408367 0.911964-0.039477      10 13  3        17
                                     N  14     -4.59   11    7 10
   -0.4226    0.9063    0.0          HN  2      2.27    7    4  6
    1.4530    0.0       0.0          CA  9      0.82   14   11 13
    1.7797   -0.4805    0.9222       HA  1      0.26   11    7 10
    1.9888   -0.8392   -1.1617       CB  6     -0.38    0   14 19
    1.9587    1.4440    0.0          C   7      5.80   11    8 10
    1.1648    2.3835    0.0          O  17     -4.95    8    0  0
    1.5941   -1.8507   -1.0656      1HB  1      0.28   14   11 13
    1.5941   -0.4301   -2.0917      2HB  1      0.28   14   11 13
    3.5118   -0.9251   -1.2806       CG  9     -0.13    0    0  0
    3.8975   -1.4120   -0.3849       HG  1      0.32    0   14 19
    3.9206   -1.7884   -2.4757       CD1 6     -0.95    0   17 19
    4.1366    0.4702   -1.3410       CD2 6     -0.95    0   14 16
    3.5225   -2.7953   -2.3497      1HD1 1      0.32   17    0  0
    3.5225   -1.3524   -3.3920      2HD1 1      0.32   17    0  0
    5.0080   -1.8326   -2.5369      3HD1 1      0.32   17    0  0
    3.7480    1.0051   -2.2076      1HD2 1      0.32    0    0  0
    3.8873    1.0195   -0.4331      2HD2 1      0.32    0    0  0
    5.2196    0.3800   -1.4253      3HD2 1      0.32    0    0  0
    3.2771    1.5756    0.0
METHIONINE
   17    4-0.9335824 0.3583627-0.0697349 0.9975656
 -11   4
  1.35        3    1    4
  1.35        3    1    5
  1.00        3    1    6
  1.00        3    1    7
      0.333787-0.485681-0.807899       3  5  3         8
      0.999658-0.013464-0.022418       5 10  3        11
      0.317319-0.488639-0.812737      10 13  1        14
      0.989015 0.076190 0.126666      13 14  3        15
                                     N  14     -4.59   11    7 10
   -0.4226    0.9063    0.0          HN  2      2.27    7    4  6
    1.4530    0.0       0.0          CA  9      0.82   14   11 13
    1.7457   -0.5091    0.9183       HA  1      0.26   11    7 10
    1.9637   -0.7431   -1.2361       CB  6     -0.13   15   14 14
    2.0013    1.4284    0.0          C   7      5.80   11    8 10
    1.2356    2.3910    0.0          O  17     -4.95    8    0  0
    1.5826   -1.7643   -1.2341      1HB  1      0.39   14   11 13
    1.5826   -0.2624   -2.1371      2HB  1      0.39   14   11 13
    3.4932   -0.7637   -1.2704       CG  6     -1.55    0   15 17
    3.8789    0.2557   -1.2752      1HG  1      0.58   15   14 14
    3.8789   -1.2461   -0.3722      2HG  1      0.58   15   14 14
    4.0596   -1.6359   -2.7211       SD 20      0.45    0    0  0
    5.8250   -1.4999   -2.4950       CE  6     -2.45    0    0  0
    6.1084   -0.4476   -2.4720      1HE  1      0.71    0    0  0
    6.1084   -1.9731   -1.5549      2HE  1      0.71    0    0  0
    6.3363   -1.9959   -3.3200      3HE  1      0.71    0    0  0
    3.3231    1.5208    0.0
ASPARAGINE
   14    3-0.9437972 0.3305252-0.0993245 0.9950551
 -12   2
  1.35        3    1    4
   7.50       2   -1    6
      0.360012-0.453479-0.815321       3  5  3         8
      0.999999 0.000850 0.001503       5 10  2        11
      0.405136 0.444386 0.798991      10 11  2        13
                                     N  14     -4.59   11    7 10
   -0.4226    0.9063    0.0          HN  2      2.27    7    4  6
    1.4530    0.0       0.0          CA  9      0.82   13   11 12
    1.7394   -0.5422    0.9011       HA  1      0.26   11    7 10
    2.0038   -0.6938   -1.2474       CB  6     -1.55    0   13 14
    1.9587    1.4440    0.0          C   7      5.80   11    8 10
    1.1648    2.3835    0.0          O  17     -4.95    8    0  0
    1.6375   -1.7196   -1.2891      1HB  1      0.71   13   11 12
    1.6375   -0.1881   -2.1409      2HB  1      0.71   13   11 12
    3.5338   -0.6925   -1.2451       CG  7      5.92    0    0  0
    4.0726   -0.1015   -0.1825       ND214     -5.73    0    0  0
    4.1821   -1.1949   -2.1483       OD117     -4.83    0   13 14
    3.4834    0.2913    0.5236      1HD2 2      2.58    0    0  0
    5.0670   -0.0498   -0.0896      2HD2 2      2.58    0    0  0
    3.2771    1.5756    0.0
PROLINE-DOWN
   14    0-0.9335808 0.3583671-0.0697341 0.9975656
  13   0   3
                                     N  14     -3.67    0    7  7
   -0.5705    1.3439    0.0          CD  6      1.29    0    7  7
    1.4530    0.0       0.0          CA  9      0.64    0    0  0
    1.8280   -0.7563   -0.6896       HA  1      0.51    0    7  7
    1.8464    1.4008   -0.4396       CB  6     -0.32    0    0  0
    2.0013    1.4284    0.0          C   7      5.86    0    0  0
    1.2356    2.3910    0.0          O  17     -4.95    0    8 14
    2.6920    1.7694    0.1411      1HB  1      0.19    0    0  0
    2.1502    1.4108   -1.4864      2HB  1      0.19    0    0  0
    0.6166    2.2671   -0.2211       CG  6     -0.64    0    0  0
    0.7579    2.9203    0.6400      1HG  1      0.32    0    0  0
    0.4445    2.9103   -1.0841      2HG  1      0.32    0    0  0
   -1.0711    1.5615    0.9435      1HD  1      0.13    0    0  0
   -1.3137    1.4586   -0.7890      2HD  1      0.13    0    0  0
    3.3231    1.5208    0.0
GLUTAMINE
   17    4-0.9378933 0.3469239-0.0818840 0.9966419
 -14   3
  1.35        3    1    4
  1.35        3    1    5
   7.50       2   -1    7
      0.358376-0.514654-0.778909       3  5  3         8
      1.000000 0.0      0.0            5 10  3        11
      0.358345-0.514676-0.778908      10 13  2        14
     -0.707148-0.389777-0.589929      13 14  2        16
                                     N  14     -4.59   11    7 10
   -0.4226    0.9063    0.0          HN  2      2.27    7    4  6
    1.4530    0.0       0.0          CA  9      0.82   14   11 13
    1.7427   -0.5017    0.9233       HA  1      0.26   11    7 10
    2.0013   -0.7874   -1.1917       CB  6     -0.38   16   14 15
    1.9838    1.4350    0.0          C   7      5.80   11    8 10
    1.2064    2.3882    0.0          O  17     -4.95    8    0  0
    1.6341   -1.8130   -1.1545      1HB  1      0.26   14   11 13
    1.6341   -0.3510   -2.1206      2HB  1      0.26   14   11 13
    3.5313   -0.7874   -1.1917       CG  6     -1.42    0   16 17
    3.8985    0.2382   -1.2290      1HG  1      0.64   16   14 15
    3.8985   -1.2239   -0.2629      2HG  1      0.64   16   14 15
    4.0796   -1.5749   -2.3835       CD  7      6.06    0    0  0
    3.1391   -2.0933   -3.1681       NE214     -5.54    0    0  0
    5.2772   -1.7032   -2.5777       OE117     -4.89    0   16 17
    2.1732   -1.9506   -2.9521      1HE2 2      2.38    0    0  0
    3.3980   -2.6258   -3.9740      2HE2 2      2.38    0    0  0
    3.3044    1.5435    0.0
ARGININE
   23    7-0.9378933 0.3469239-0.0818840 0.9966419
 -15   6
   1.35       3    1    4
   1.35       3    1    5
   1.35       3    1    6
  9.0         2   -1    8
 10.0         2   -1    9
 10.0         2   -1   10
      0.360000-0.483791-0.797713       3  5  3         8
      0.999999 0.000915 0.001503       5 10  3        11
      0.359989-0.483841-0.797688      10 13  3        14
      0.999815 0.010000 0.016420      13 16  2        17
      0.576441-0.423776-0.698663      16 18  2        19
      0.994152 0.055984 0.092347      18 20  1        21
     -0.411487-0.472672-0.779269      18 19  2        22
                                     N  14     -4.59   11    7 10
   -0.4226    0.9063    0.0          HN  2      2.27    7    4  6
    1.4530    0.0       0.0          CA  9      0.82   14   11 13
    1.7317   -0.5213    0.9158       HA  1      0.26   11    7 10
    2.0038   -0.7402   -1.2205       CB  6     -0.39   17   14 16
    1.9838    1.4350    0.0          C   7      5.80   11    8 10
    1.2064    2.3881    0.0          O  17     -4.95    8    0  0
    1.6375   -1.7668   -1.2235      1HB  1      0.19   14   11 13
    1.6375   -0.2685   -2.1323      2HB  1      0.19   14   11 13
    3.5338   -0.7388   -1.2182       CG  6     -0.39   19   17 18
    3.9001    0.2878   -1.2152      1HG  1      0.39   17   14 16
    3.9001   -1.2106   -0.3064      2HG  1      0.39   17   14 16
    4.0846   -1.4791   -2.4387       CD  6      1.29   21   19 20
    3.7230   -2.5073   -2.4444      1HD  1      0.13   19   17 18
    3.7230   -1.0090   -3.3532      2HD  1      0.13   19   17 18
    5.5643   -1.4643   -2.4144       NE 14     -4.51    0   21 23
    6.0160   -1.0017   -1.6515       HE  2      2.19   21   19 20
    6.3425   -2.0364   -3.3576       CZ 10      6.19    0    0  0
    5.7870   -2.6745   -4.4096       NH214     -5.28    0   21 21
    7.6548   -1.9625   -3.2357       NH114     -5.41    0   22 23
    8.3002   -2.3586   -3.8888      1HH1 2      1.16   22    0  0
    4.7919   -2.7260   -4.4945      1HH2 2      2.06    0    0  0
    6.3705   -3.0956   -5.1040      2HH2 2      2.06    0    0  0
    3.3044    1.5435    0.0
SERINE
   11    2-0.9396883 0.3420320-0.0871736 0.9961932
 -16   2
  1.35        3    1    4
   0.3000     3    1    5
      0.360004-0.500202-0.787525       3  5  3         8
      0.999876-0.008491-0.013263       5 10  1        11
                                     N  14     -4.59   11    7 10
   -0.4226    0.9063    0.0          HN  2      2.27    7    4  6
    1.4530    0.0       0.0          CA  9      0.82    0   11 11
    1.7416   -0.5122    0.9178       HA  1      0.26   11    7 10
    2.0038   -0.7653   -1.2049       CB  6      1.67    0    0  0
    1.9763    1.4377    0.0          C   7      5.80   11    8 10
    1.1939    2.3868    0.0          O  17     -4.95    8    0  0
    1.6328   -1.7901   -1.1839      1HB  1      0.26    0   11 11
    1.6328   -0.3109   -2.1235      2HB  1      0.26    0   11 11
    3.4286   -0.7774   -1.2238       OG 18     -3.99    0    0  0
    3.7558   -1.2840   -2.0214       HG  4      2.19    0    0  0
    3.2962    1.5532    0.0
THREONINE
   14    3-0.9372817 0.3485727-0.0802284 0.9967765
 -17   3
  1.35        3    1    4
  0.3000      3    1    5
   1.35       3    1    6
      0.309029-0.538644-0.783814       3  5  3         8
      0.997688 0.038526 0.056001       5 10  1        11
     -0.212020 0.438614-0.873307       5  9  3        12
                                     N  14     -4.59   11    7 10
   -0.4226    0.9063    0.0          HN  2      2.27    7    4  6
    1.4530    0.0       0.0          CA  9      0.82    0   11 14
    1.7966   -0.4689    0.9220       HA  1      0.26   11    7 10
    1.9258   -0.8241   -1.1992       CB  9      2.06    0    0  0
    1.9863    1.4340    0.0          C   7      5.80   11    8 10
    1.2106    2.3886    0.0          O  17     -4.95    8    0  0
    1.5187   -1.8345   -1.1619       HB  1      0.19    0   11 14
    1.6014   -0.1530   -2.5354       CG2 6     -1.22    0   11 11
    3.3475   -0.7692   -1.1194       OG118     -4.00    0   12 14
    3.7526   -1.2870   -1.8728      1HG1 4      2.19   12    0  0
    2.0917    0.8194   -2.5821      1HG2 1      0.39    0    0  0
    0.5230   -0.0208   -2.6232      2HG2 1      0.39    0    0  0
    1.9584   -0.7795   -3.3528      3HG2 1      0.39    0    0  0
    3.3070    1.5403    0.0
VALINE
   16    3-0.9437972 0.3305252-0.0993245 0.9950551
 -18   3
  1.35        3    1    4
  1.35        3    1    5
  1.35        3    1    6
      0.342016-0.533775-0.773375       3  5  3         8
      0.999849-0.009869-0.014314       5 10  3        11
     -0.367463-0.929901 0.015948       5  9  3        14
                                     N  14     -4.59   11    7 10
   -0.4226    0.9063    0.0          HN  2      2.27    7    4  6
    1.4530    0.0       0.0          CA  9      0.82    0   11 16
    1.7819   -0.4870    0.9180       HA  1      0.26   11    7 10
    1.9763   -0.8167   -1.1833       CB  9      0.10    0    0  0
    1.9587    1.4440    0.0          C   7      5.80   11    8 10
    1.1648    2.3835    0.0          O  17     -4.95    8    0  0
    1.6329   -0.3367   -2.0997       HB  1      0.21    0   11 16
    1.4141   -2.2394   -1.1589       CG2 6     -0.92    0   11 13
    3.5061   -0.8318   -1.2052       CG1 6     -0.92    0   14 16
    3.8783    0.1889   -1.2932      1HG1 1      0.32   14    0  0
    3.8783   -1.2761   -0.2821      2HG1 1      0.32   14    0  0
    3.8514   -1.4191   -2.0561      3HG1 1      0.32   14    0  0
    1.7137   -2.7326   -0.2341      1HG2 1      0.32    0    0  0
    0.3262   -2.2013   -1.2144      2HG2 1      0.32    0    0  0
    1.8021   -2.7980   -2.0107      3HG2 1      0.32    0    0  0
    3.2771    1.5756    0.0
TRYPTOPHAN
   24    2-0.9510543 0.3090237-0.1218886 0.9925438
 -19   1
  1.35        3    1    4
      0.358379-0.527274-0.770420       3  5  3         8
      0.998628-0.029608-0.043203       5 10 14        11
                                     N  14     -4.59   11    7 10
   -0.4226    0.9063    0.0          HN  2      2.27    7    4  6
    1.4530    0.0       0.0          CA  9      0.82    0   11 24
    1.7862   -0.5002    0.9093       HA  1      0.26   11    7 10
    2.0013   -0.8067   -1.1787       CB  6     -0.39    0    0  0
    1.9258    1.4551    0.0          C   7      5.80   11    8 10
    1.1108    2.3763    0.0          O  17     -4.95    8    0  0
    1.6202   -1.8261   -1.1167      1HB  1      0.19    0   11 24
    1.6202   -0.3799   -2.1065      2HB  1      0.19    0   11 24
    3.5292   -0.8520   -1.2448       CG 10     -0.32    0    0  0
    4.2978   -1.4719   -2.1507       CD1 8      1.10    0    0  0
    4.4485   -0.2236   -0.3267       CD210      0.06    0    0  0
    4.2018    0.5582    0.8155       CE3 8     -1.03    0    0  0
    5.7342   -0.5067   -0.7404       CE210      1.93    0    0  0
    5.6397   -1.2900   -1.8848       NE114     -3.61    0    0  0
    3.9116   -2.0476   -2.9918       HD1 3      0.00    0    0  0
    3.1962    0.7957    1.1626       HE3 3      1.03    0    0  0
    5.3514    1.0094    1.4749       CZ3 8     -0.26    0    0  0
    6.8740   -0.0475   -0.0695       CZ2 8     -0.77    0    0  0
    6.4722   -1.6873   -2.4654       HE1 2      1.68    0    0  0
    5.2167    1.6203    2.3675       HZ3 3      0.13    0    0  0
    6.6525    0.7332    1.0713       CH2 8     -0.06    0    0  0
    7.8795   -0.2851   -0.4166       HZ2 3      0.39    0    0  0
    7.4966    1.1227    1.6404       HH2 3      0.13    0    0  0
    3.2409    1.6166    0.0
TYROSINE
   21    3-0.9335824 0.3583627-0.0697349 0.9975656
 -20   2
  1.35        3    1    4
  1.75        2   -1    6
      0.275629-0.454523-0.847017       3  5  3         8
      0.990269-0.065817-0.122615       5 10 10        11
      0.990267-0.065807-0.122643      18 20  1        21
                                     N  14     -4.59   11    7 10
   -0.4226    0.9063    0.0          HN  2      2.27    7    4  6
    1.4530    0.0       0.0          CA  9      0.82   21   11 20
    1.7894   -0.5104    0.9024       HA  1      0.26   11    7 10
    1.8747   -0.6954   -1.2959       CB  6     -0.52    0   21 21
    2.0013    1.4284    0.0          C   7      5.80   11    8 10
    1.2356    2.3910    0.0          O  17     -4.95    8    0  0
    1.4494   -1.6989   -1.3128      1HB  1      0.32   21   11 20
    1.4494   -0.1548   -2.1414      2HB  1      0.32   21   11 20
    3.3898   -0.7961   -1.4835       CG 10      0.26    0   21 21
    3.9068   -1.4012   -2.6111       CD1 8     -0.13    0   21 21
    4.2394   -0.2819   -0.5253       CD2 8     -0.13    0   21 21
    3.2356   -1.8074   -3.3679       HD1 3      0.13    0   21 21
    5.3328   -1.4960   -2.7877       CE1 8     -0.77    0   21 21
    5.6654   -0.3767   -0.7019       CE2 8     -0.77    0   21 21
    3.8311    0.1960    0.3652       HD2 3      0.13    0   21 21
    5.7543   -1.9713   -3.6734       HE1 3      0.39    0   21 21
    6.1417   -0.9790   -1.8244       CZ 10      2.90    0    0  0
    6.3477    0.0253    0.0471       HE2 3      0.39    0   21 21
    7.4885   -1.0685   -1.9912       OH 18     -4.25    0    0  0
    7.9579   -0.6510   -1.2132       HH  4      2.12    0    0  0
    3.3231    1.5208    0.0
CYSTEINE
   11    2-0.9494258 0.3139916-0.1166749 0.9931702
 -21   2
  1.35        3    1    4
  0.750       3    1    5
      0.369731-0.515152-0.773251       3  5  3         8
      0.999560 0.016448 0.024700       5 10  1        11
                                     N  14     -4.59   11    7 10
   -0.4226    0.9063    0.0          HN  2      2.27    7    4  6
    1.4530    0.0       0.0          CA  9      0.82    0   11 11
    1.7661   -0.5112    0.9103       HA  1      0.26   11    7 10
    2.0187   -0.7882   -1.1831       CB  6     -1.35    0    0  0
    1.9334    1.4526    0.0          C   7      5.80   11    8 10
    1.1232    2.3781    0.0          O  17     -4.95    8    0  0
    1.6627   -1.8178   -1.1483      1HB  1      0.71    0   11 11
    1.6627   -0.3594   -2.1199      2HB  1      0.71    0   11 11
    3.8479   -0.7581   -1.1379       SG 20      0.19    0    0  0
    4.0261   -1.4888   -2.2348       HG  5      0.13    0    0  0
    3.2494    1.6072    0.0
H-PRO-DOWN
   15    1-0.9335808 0.3583671-0.0698093 0.9975604
 -22   1   3
  0.300       3    1    4
     -0.169197 0.462961-0.870081      10 11  1        15
                                     N  14     -3.67    0    7  7
   -0.5705    1.3439    0.0          CD  6      0.96    0    7  7
    1.4530    0.0       0.0          CA  9      0.64    0    0  0
    1.8280   -0.7563   -0.6896       HA  1      0.51    0    7  7
    1.8464    1.4008   -0.4396       CB  6     -0.64    0    0  0
    2.0013    1.4284    0.0          C   7      5.86    0   15 15
    1.2356    2.3910    0.0          O  17     -4.95   15    8 14
    2.6920    1.7694    0.1411      1HB  1      0.26    0   15 15
    2.1502    1.4108   -1.4864      2HB  1      0.26    0   15 15
    0.6166    2.2671   -0.2211       CG  9      2.21    0    0  0
    0.3645    2.9569   -1.5175       OD118     -4.16    0    0  0
    0.7390    2.9099    0.5351       HG  1      0.08    0   15 15
   -1.0711    1.5615    0.9435      1HD2 1      0.26    0   15 15
   -1.3137    1.4586   -0.7890      2HD2 1      0.26    0   15 15
   -0.4386    3.5476   -1.4401       HD1 4      2.12    0    0  0
    3.3231    1.5208    0.0
NORLEUCINE
   19    4-0.9437972 0.3305252-0.0993245 0.9950551
 -23   4
  1.35        3    1    4
  1.35        3    1    5
  1.35        3    1    6
  1.35        3    1    7
      0.350197-0.548499-0.759283       3  5  3         8
      0.999962-0.005163-0.007059       5 10  3        11
      0.350197-0.548498-0.759284      10 13  3        14
      0.999963-0.005098-0.007059      13 16  3        17
                                     N  14     -4.59   11    7 10
   -0.4226    0.9063    0.0          HN  2      2.27    7    4  6
    1.4530    0.0       0.0          CA  9      0.82   14   11 13
    1.7797   -0.4805    0.9222       HA  1      0.26   11    7 10
    1.9888   -0.8392   -1.1617       CB  6     -0.39   17   14 16
    1.9587    1.4440    0.0          C   7      5.80   11    8 10
    1.1648    2.3835    0.0          O  17     -4.95    8    0  0
    1.6169   -1.8605   -1.0791      1HB  1      0.26   14   11 13
    1.6169   -0.4400   -2.1053      2HB  1      0.26   14   11 13
    3.5188   -0.8471   -1.1725       CG  6     -0.32    0   17 19
    3.8906    0.1742   -1.2551      1HG  1      0.26   17   14 16
    3.8906   -1.2463   -0.2289      2HG  1      0.26   17   14 16
    4.0546   -1.6863   -2.3342       CD  6     -0.45    0    0  0
    3.6827   -2.7076   -2.2516      1HD  1      0.26    0   17 19
    3.6827   -1.2870   -3.2778      2HD  1      0.26    0   17 19
    5.5845   -1.6941   -2.3450       CE  6     -0.97    0    0  0
    5.9523   -0.6736   -2.4522      1HE  1      0.32    0    0  0
    5.9523   -2.1165   -1.4099      2HE  1      0.32    0    0  0
    5.9389   -2.2977   -3.1806      3HE  1      0.32    0    0  0
    3.2771    1.5756    0.0
ORNITHINE
   18    4-0.9378933 0.3469239-0.0818840 0.9966419
 -24   4
  1.35        3    1    4
  1.35        3    1    5
  1.35        3    1    6
  0.90        3    1    7
      0.305684-0.481239-0.821564       3  5  3         8
      0.998440-0.028236-0.048170       5 10  3        11
      0.305684-0.481239-0.821564      10 13  3        14
      0.998892-0.023783-0.040607      13 16  2        17
                                     N  14     -4.59   11    7 10
   -0.4226    0.9063    0.0          HN  2      2.27    7    4  6
    1.4530    0.0       0.0          CA  9      0.82   14   11 13
    1.7815   -0.5049    0.9084       HA  1      0.26   11    7 10
    1.9207   -0.7363   -1.2570       CB  6     -0.39   17   14 16
    1.9838    1.4350    0.0          C   7      5.80   11    8 10
    1.2064    2.3882    0.0          O  17     -4.95    8    0  0
    1.5242   -1.7516   -1.2568      1HB  1      0.26   14   11 13
    1.5242   -0.2395   -2.1425      2HB  1      0.26   14   11 13
    3.4483   -0.7795   -1.3307       CG  6     -0.32    0   17 18
    3.8448    0.2359   -1.3309      1HG  1      0.26   17   14 16
    3.8448   -1.2762   -0.4452      2HG  1      0.26   17   14 16
    3.9160   -1.5158   -2.5877       CD  6      1.41    0    0  0
    3.5218   -2.5320   -2.5889      1HD  1     -0.06    0   17 18
    3.5218   -1.0199   -3.4747      2HD  1     -0.06    0   17 18
    5.3944   -1.5510   -2.6478       NE 14     -5.09    0    0  0
    5.9346   -1.1257   -1.9217      1HE  2      1.93    0    0  0
    5.8530   -2.0002   -3.4146      2HE  2      1.93    0    0  0
    3.3044    1.5435    0.0
ORNITHINE +
   19    4-0.9378933 0.3469239-0.0818840 0.9966419
 -25   4
  1.35        3    1    4
  1.35        3    1    5
  1.35        3    1    6
  0.90        3    1    7
      0.305684-0.481239-0.821564       3  5  3         8
      0.998440-0.028236-0.048170       5 10  3        11
      0.305684-0.481239-0.821564      10 13  3        14
      0.998892-0.023783-0.040607      13 16  3        17
                                     N  14     -4.59   11    7 10
   -0.4226    0.9063    0.0          HN  2      2.27    7    4  6
    1.4530    0.0       0.0          CA  9      0.82   14   11 13
    1.7815   -0.5049    0.9084       HA  1      0.26   11    7 10
    1.9207   -0.7363   -1.2570       CB  6     -0.38   17   14 16
    1.9838    1.4350    0.0          C   7      5.80   11    8 10
    1.2064    2.3882    0.0          O  17     -4.95    8    0  0
    1.5242   -1.7516   -1.2568      1HB  1      0.19   14   11 13
    1.5242   -0.2395   -2.1425      2HB  1      0.19   14   11 13
    3.4483   -0.7795   -1.3307       CG  6     -1.29    0   17 19
    3.8448    0.2359   -1.3309      1HG  1      1.29   17   14 16
    3.8448   -1.2762   -0.4452      2HG  1      1.29   17   14 16
    3.9160   -1.5158   -2.5877       CD  6      0.64    0    0  0
    3.5218   -2.5320   -2.5889      1HD  1      1.55    0   17 19
    3.5218   -1.0199   -3.4747      2HD  1      1.55    0   17 19
    5.3944   -1.5510   -2.6478       NE 15     -4.12    0    0  0
    5.7495   -0.6164   -2.6677      1HE  2      4.12    0    0  0
    5.7495   -2.0255   -1.8423      2HE  2      4.12    0    0  0
    5.6830   -2.0349   -3.4740      3HE  2      4.12    0    0  0
    3.3044    1.5435    0.0
HIS (NEUTRAL) #2
   17    2-0.9420621 0.3354387-0.0941078 0.9955620
 -26   1
  1.35        3    1    4
      0.355103-0.537785-0.764650       3  5  3         8
      0.998443-0.032118-0.045627       5 10  7        11
                                     N  14     -4.59   11    7 10
   -0.4226    0.9063    0.0          HN  2      2.27    7    4  6
    1.4530    0.0       0.0          CA  9      0.82    0   11 17
    1.7658   -0.4880    0.9231       HA  1      0.26   11    7 10
    1.9963   -0.8228   -1.1699       CB  6     -0.97    0    0  0
    1.9662    1.4413    0.0          C   7      5.80   11    8 10
    1.1773    2.3850    0.0          O  17     -4.95    8    0  0
    1.6134   -1.8405   -1.0938      1HB  1      0.53    0   11 17
    1.6134   -0.4071   -2.1019      2HB  1      0.53    0   11 17
    3.5040   -0.8713   -1.2388       CG 10      1.29    0    0  0
    4.1876   -1.5636   -2.2231       ND114     -2.97    0    0  0
    4.4515   -0.3061   -0.4368       CD2 8      0.69    0    0  0
    4.2578    0.3120    0.4399       HD2 3      0.23    0    0  0
    5.6488   -0.6364   -0.9048       NE214     -3.28    0    0  0
    5.4873   -1.4156   -2.0126       CE1 8      2.35    0    0  0
    6.2871   -1.8416   -2.6184       HE1 3      0.14    0    0  0
    6.5236   -0.3132   -0.5438       HE2 2      1.85    0    0  0
    3.2854    1.5660    0.0
HISTIDINE +
   18    2-0.9420621 0.3354387-0.0941078 0.9955620
 -27   1
  1.35        3    1    4
      0.355103-0.537785-0.764650       3  5  3         8
      0.998443-0.032118-0.045627       5 10  8        11
                                     N  14     -4.59   11    7 10
   -0.4226    0.9063    0.0          HN  2      2.27    7    4  6
    1.4530    0.0       0.0          CA  9      0.82    0   11 18
    1.7658   -0.4880    0.9231       HA  1      0.26   11    7 10
    1.9963   -0.8228   -1.1699       CB  6     -0.64    0    0  0
    1.9662    1.4413    0.0          C   7      5.80   11    8 10
    1.1773    2.3850    0.0          O  17     -4.95    8    0  0
    1.6134   -1.8405   -1.0938      1HB  1      0.84    0   11 18
    1.6134   -0.4071   -2.1019      2HB  1      0.84    0   11 18
    3.5040   -0.8713   -1.2388       CG 10      1.93    0    0  0
    4.1876   -1.5636   -2.2231       ND115     -2.58    0    0  0
    4.4515   -0.3061   -0.4368       CD2 8      1.29    0    0  0
    3.7713   -2.0867   -2.9668       HD1 2      3.54    0    0  0
    5.4873   -1.4156   -2.0126       CE1 8      3.54    0    0  0
    5.6488   -0.6364   -0.9048       NE215     -2.58    0    0  0
    4.2578    0.3120    0.4399       HD2 3      1.74    0    0  0
    6.2871   -1.8416   -2.6184       HE1 3      1.93    0    0  0
    6.5236   -0.3132   -0.5438       HE2 2      3.42    0    0  0
    3.2854    1.5660    0.0
LYSINE +
   22    5-0.9437972 0.3305252-0.0993245 0.9950551
 -28   5
   1.35       3    1    4
   1.35       3    1    5
   1.35       3    1    6
   1.35       3    1    7
  0.90        3    1    8
      0.350197-0.548499-0.759283       3  5  3         8
      0.999962-0.005163-0.007059       5 10  3        11
      0.350197-0.548498-0.759284      10 13  3        14
      0.999963-0.005098-0.007059      13 16  3        17
      0.342023-0.550331-0.761680      16 19  3        20
                                     N  14     -4.59   11    7 10
   -0.4226    0.9063    0.0          HN  2      2.27    7    4  6
    1.4530    0.0       0.0          CA  9      0.82   14   11 13
    1.7797   -0.4805    0.9222       HA  1      0.26   11    7 10
    1.9888   -0.8392   -1.1617       CB  6     -0.39   17   14 16
    1.9587    1.4440    0.0          C   7      5.80   11    8 10
    1.1648    2.3835    0.0          O  17     -4.95    8    0  0
    1.6169   -1.8605   -1.0798      1HB  1      0.19   14   11 13
    1.6169   -0.4400   -2.1053      2HB  1      0.19   14   11 13
    3.5188   -0.8471   -1.1725       CG  6     -0.32   20   17 19
    3.8906    0.1742   -1.2551      1HG  1      0.26   17   14 16
    3.8906   -1.2463   -0.2289      2HG  1      0.26   17   14 16
    4.0546   -1.6863   -2.3342       CD  6     -1.48    0   20 22
    3.6827   -2.7076   -2.2516      1HD  1      1.29   20   17 19
    3.6827   -1.2871   -3.2778      2HD  1      1.29   20   17 19
    5.5845   -1.6941   -2.3450       CE  6      0.64    0    0  0
    5.9587   -0.6738   -2.4289      1HE  1      1.55    0   20 22
    5.9587   -2.0943   -1.4027      2HE  1      1.55    0   20 22
    6.0907   -2.5086   -3.4723       NZ 15     -4.12    0    0  0
    5.7617   -3.4483   -3.3787      1HZ  2      4.12    0    0  0
    5.7617   -2.1246   -4.3351      2HZ  2      4.12    0    0  0
    7.0907   -2.5032   -3.4648      3HZ  2      4.12    0    0  0
    3.2771    1.5756    0.0
ARGININE +
   24    7-0.9378933 0.3469239-0.0818840 0.9966419
 -29   6
   1.35       3    1    4
   1.35       3    1    5
   1.35       3    1    6
  9.0         2   -1    8
 10.0         2   -1    9
 10.0         2   -1   10
      0.360000-0.483791-0.797713       3  5  3         8
      0.999999 0.000915 0.001503       5 10  3        11
      0.359989-0.483841-0.797688      10 13  3        14
      0.999815 0.010000 0.016420      13 16  2        17
      0.576439-0.423747-0.698682      16 18  2        19
      0.995886 0.047014 0.077462      18 20  2        21
     -0.419417-0.470836-0.776146      18 19  2        23
                                     N  14     -4.59   11    7 10
   -0.4226    0.9063    0.0          HN  2      2.27    7    4  6
    1.4530    0.0       0.0          CA  9      0.82   14   11 13
    1.7317   -0.5213    0.9158       HA  1      0.26   11    7 10
    2.0038   -0.7402   -1.2205       CB  6     -0.39   17   14 16
    1.9838    1.4350    0.0          C   7      5.80   11    8 10
    1.2064    2.3881    0.0          O  17     -4.95    8    0  0
    1.6375   -1.7668   -1.2235      1HB  1      0.19   14   11 13
    1.6375   -0.2685   -2.1323      2HB  1      0.19   14   11 13
    3.5338   -0.7388   -1.2182       CG  6     -0.39   19   17 18
    3.9001    0.2878   -1.2152      1HG  1      0.39   17   14 16
    3.9001   -1.2106   -0.3064      2HG  1      0.39   17   14 16
    4.0846   -1.4791   -2.4387       CD  6      1.56   21   19 20
    3.7230   -2.5073   -2.4444      1HD  1      0.14   19   17 18
    3.7230   -1.0090   -3.3532      2HD  1      0.14   19   17 18
    5.5643   -1.4643   -2.4144       NE 14     -3.86    0   21 24
    6.0160   -1.0017   -1.6515       HE  2      2.97   21   19 20
    6.3367   -2.0321   -3.3506       CZ 10      7.48    0    0  0
    5.7747   -2.6630   -4.3906       NH215     -5.01    0   21 22
    7.6712   -1.9691   -3.2468       NH115     -5.01    0   23 24
    8.0907   -1.4983   -2.4706      1HH1 2      3.62   23    0  0
    8.2477   -2.3929   -3.9454      2HH1 2      3.62   23    0  0
    4.7788   -2.7101   -4.4681      1HH2 2      3.62    0    0  0
    6.3512   -3.0868   -5.0893      2HH2 2      3.62    0    0  0
    3.3044    1.5435    0.0
BENZYL-ASPARTATE
   26    5-0.9437972 0.3305252-0.0993245 0.9950551
 -30   1
  1.35        3    1    4
      0.360012-0.453479-0.815321       3  5  3         8
      0.997682-0.033073-0.059480       5 10  2        11
      0.360001-0.453531-0.815297      10 12  1        13
      0.998721-0.024551-0.044205      12 13  3        14
      0.294014-0.464592-0.835291      13 16 10        17
                                     N  14     -4.59   11    7 10
   -0.4226    0.9063    0.0          HN  2      2.27    7    4  6
    1.4530    0.0       0.0          CA  9      0.82   13   11 12
    1.7394   -0.5422    0.9011       HA  1      0.51   11    7 10
    2.0038   -0.6938   -1.2474       CB  6     -1.21   14   13 13
    1.9587    1.4440    0.0          C   7      5.80   11    8 10
    1.1648    2.3835    0.0          O  17     -4.95    8    0  0
    1.6190   -1.7132   -1.2776      1H2B 1      0.71   13   11 12
    1.6190   -0.1818   -2.1294      2H2B 1      0.71   13   11 12
    3.5302   -0.7444   -1.3384       CG  7      6.18   17   14 16
    4.2219   -0.2441   -0.4389       O  17     -4.64   14   13 13
    4.0198   -1.3612   -2.4472       OD 19     -4.19    0   17 26
    5.4680   -1.3968   -2.5113       CE  6      1.29    0    0  0
    5.8663   -0.3824   -2.4901      1H2E 1      0.39    0   17 26
    5.8663   -1.9139   -1.6383      2H2E 1      0.39    0   17 26
    5.9208   -2.1123   -3.7977       CZ 10      0.21    0    0  0
    4.9950   -2.5965   -4.6683       CN1 8     -0.39    0    0  0
    7.2465   -2.2599   -4.0630       CN2 8     -0.39    0    0  0
    3.9325   -2.4782   -4.4556       HN1 3      0.39    0    0  0
    5.4126   -3.2562   -5.8544       CT1 8     -0.26    0    0  0
    7.6640   -2.9196   -5.2491       CT2 8     -0.26    0    0  0
    7.9885   -1.8717   -3.3652       HN2 3      0.39    0    0  0
    4.6706   -3.6444   -6.5522       HT1 3      0.39    0    0  0
    6.7382   -3.4038   -6.1197       CI  8     -0.35    0    0  0
    8.7265   -3.0379   -5.4618       HT2 3      0.39    0    0  0
    7.0587   -3.9102   -7.0302       HI  3      0.39    0    0  0
    3.2771    1.5756    0.0
ASPARTIC ACID -
   12    2-0.9437972 0.3305252-0.0993245 0.9950551
 -31   2
   1.35       3    1    4
  4.00        2   -1    6
      0.360012-0.453479-0.815321       3  5  3         8
      0.997682-0.033073-0.059480       5 10  2        11
                                     N  14     -4.59   11    7 10
   -0.4226    0.9063    0.0          HN  2      2.27    7    4  6
    1.4530    0.0       0.0          CA  9     -0.77    0   11 12
    1.7394   -0.5422    0.9011       HA  1      0.31   11    7 10
    2.0038   -0.6938   -1.2474       CB  6     -2.19    0    0  0
    1.9587    1.4440    0.0          C   7      5.80   11    8 10
    1.1648    2.3835    0.0          O  17     -4.95    8    0  0
    1.6190   -1.7132   -1.2776      1HB  1     -0.26    0   11 12
    1.6190   -0.1818   -2.1294      2HB  1     -0.26    0   11 12
    3.5302   -0.7444   -1.3384       CG  7      6.44    0    0  0
    4.1722   -0.2231   -0.4011       OD217     -7.34    0    0  0
    4.0206   -1.3033   -2.3432       OD117     -7.34    0    0  0
    3.2771    1.5756    0.0
GLUTAMIC ACID -
   15    3-0.9378933 0.3469239-0.0818840 0.9966419
 -32   3
   1.35       3    1    4
  1.35        3    1    5
   4.00       2   -1    7
      0.358376-0.514654-0.778909       3  5  3         8
      1.000000 0.0      0.0            5 10  3        11
      0.358345-0.514676-0.778908      10 13  2        14
                                     N  14     -4.59   11    7 10
   -0.4226    0.9063    0.0          HN  2      2.27    7    4  6
    1.4530    0.0       0.0          CA  9      0.82   14   11 13
    1.7427   -0.5017    0.9233       HA  1      0.26   11    7 10
    2.0013   -0.7874   -1.1917       CB  6     -1.54    0   14 15
    1.9838    1.4350    0.0          C   7      5.80   11    8 10
    1.2064    2.3882    0.0          O  17     -4.95    8    0  0
    1.6341   -1.8130   -1.1545      1HB  1      0.26   14   11 13
    1.6341   -0.3510   -2.1206      2HB  1      0.26   14   11 13
    3.5313   -0.7874   -1.1917       CG  6     -2.19    0    0  0
    3.8985    0.2382   -1.2290      1HG  1     -0.52    0   14 15
    3.8985   -1.2239   -0.2629      2HG  1     -0.52    0   14 15
    4.0796   -1.5749   -2.3835       CD  7      6.44    0    0  0
    3.2432   -2.0870   -3.1585       OE217     -7.34    0    0  0
    5.3227   -1.6469   -2.4925       OE117     -7.34    0    0  0
    3.3044    1.5435    0.0
PROLINE-UP
   14    0-0.9335808 0.3583671-0.0698093 0.9975604
  13   0   2
                                     N  14     -3.67    0    7  7
   -0.5707    1.3441    0.0          CD  6      1.29    0    7  7
    1.4530    0.0       0.0          CA  9      0.64    0    0  0
    1.8280   -0.6610   -0.7814       HA  1      0.51    0    7  7
    1.8464    1.4459   -0.2551       CB  6     -0.32    0    0  0
    2.0013    1.4284    0.0          C   7      5.86    0    0  0
    1.2356    2.3910    0.0          O  17     -4.95    0    8 14
    2.3558    1.8674    0.6115      1HB  1      0.19    0    0  0
    2.5361    1.5172   -1.0961      2HB  1      0.19    0    0  0
    0.5598    2.2012   -0.5458       CG  6     -0.64    0    0  0
    0.5687    3.1819   -0.0701      1HG  1      0.32    0    0  0
    0.4398    2.3673   -1.6163      2HG  1      0.32    0    0  0
   -0.8654    1.6565    1.0019      1HD  1      0.13    0    0  0
   -1.4602    1.4040   -0.6271      2HD  1      0.13    0    0  0
    3.3231    1.5208    0.0
PROLINE - FLAT
   14    0-0.9335808 0.3583671-0.0698093 0.9975604
  13   0   1
                                     N  14     -3.67    0    7  7
   -0.5703    1.3445    0.0          CD  6      1.29    0    7  7
    1.4530    0.0       0.0          CA  9      0.64    0    0  0
    1.8337   -0.5034   -0.8887       HA  1      0.51    0    7  7
    1.8412    1.4488    0.0          CB  6     -0.32    0    0  0
    2.0013    1.4284    0.0          C   7      5.86    0    0  0
    1.2356    2.3910    0.0          O  17     -4.95    0    8 14
    2.4436    1.6886    0.8762      1HB  1      0.19    0    0  0
    2.4436    1.6886   -0.8763      2HB  1      0.19    0    0  0
    0.5892    2.2191   -0.0001       CG  6     -0.64    0    0  0
    0.5581    2.8668    0.8762      1HG  1      0.32    0    0  0
    0.5581    2.8667   -0.8762      2HG  1      0.32    0    0  0
   -1.1935    1.5124    0.8761      1HD  1      0.13    0    0  0
   -1.1935    1.5124   -0.8762      2HD  1      0.13    0    0  0
    3.3231    1.5208    0.0
H-PROLINE-UP
   15    1-0.9335808 0.3583671-0.0698093 0.9975604
 -22   1   2
  0.300       3    1    4
     -0.104697-0.006375-0.994484      10 11  1        15
                                     N  14     -3.67    0    7  7
   -0.5707    1.3441    0.0          CD2 6      0.96    0    7  7
    1.4530    0.0       0.0          CA  9      0.64    0    0  0
    1.8280   -0.6610   -0.7814       HA  1      0.51    0    7  7
    1.8464    1.4459   -0.2551       CB  6     -0.64    0    0  0
    2.0013    1.4284    0.0          C   7      5.86    0   15 15
    1.2356    2.3910    0.0          O  17     -4.95   15    8 14
    2.3558    1.8674    0.6115      1HB  1      0.26    0   15 15
    2.5361    1.5172   -1.0961      2HB  1      0.26    0   15 15
    0.5598    2.2012   -0.5458       CG  9      2.21    0    0  0
    0.4038    2.1917   -2.0276       OD118     -4.16    0    0  0
    0.5598    3.1303   -0.1759       HG  1      0.08    0   15 15
   -0.8654    1.6565    1.0019      1HD2 1      0.26    0   15 15
   -1.4602    1.4040   -0.6271      2HD2 1      0.26    0   15 15
   -0.4312    2.6771   -2.2866       HD1 4      2.12    0    0  0
    3.3231    1.5208    0.0
H-PRO - FLAT
   15    1-0.9335808 0.3583671-0.0698093 0.9975604
 -22   1   1
  0.300       3    1    4
     -0.055480 0.531102-0.845490      10 11  1        15
                                     N  14     -3.67    0    7  7
   -0.5703    1.3445    0.0          CD2 6      0.96    0    7  7
    1.4530    0.0       0.0          CA  9      0.64    0    0  0
    1.8337   -0.5034   -0.8887       HA  1      0.51    0    7  7
    1.8412    1.4488    0.0          CB  6     -0.64    0    0  0
    2.0013    1.4284    0.0          C   7      5.86    0   15 15
    1.2356    2.3910    0.0          O  17     -4.95   15    8 14
    2.4436    1.6886    0.8762      1HB  1      0.26    0   15 15
    2.4436    1.6886   -0.8763      2HB  1      0.26    0   15 15
    0.5892    2.2191   -0.0001       CG  9      2.21    0    0  0
    0.5082    2.9945   -1.2345       OD118     -4.16    0    0  0
    0.5808    2.9017    0.8498       HG  1      0.08    0   15 15
   -1.1935    1.5124    0.8761      1HD2 1      0.26    0   15 15
   -1.1935    1.5124   -0.8762      2HD2 1      0.26    0   15 15
   -0.3393    3.5251   -1.2501       HD1 4      2.12    0    0  0
    3.3231    1.5208    0.0
AMINO - H2
    4    0    0    0    0    0    0    0    0    0    0    0    0    0
   1    0.0       0    0    0
    0
    7    0    0    0    0    0    0    0    0    0    0    0    0    0
    4    0    0    0    0    0    0    0    0    0    0    0    0    0
    6    0    0    0    0    0    0    0    0    0    0    0    0    0
   -0.3798   -0.9402    0.0000      1H2  2      2.27    0    0  0
    0.0       0.0       0.0          N  14     -4.59    0    0  0
   -0.3798    0.4701    0.8142      2H2  2      2.27    0    0  0
    1.4530    0.0       0.0          CA  9      0.82    0    0  0
AMINO - H3+
    5    0    0    0    0    0    0    0    0    0    0    0    0    0
   2    0.0       0    0    0
    0
    7    7    0    0    0    0    0    0    0    0    0    0    0    0
    4    4    0    0    0    0    0    0    0    0    0    0    0    0
    6    6    0    0    0    0    0    0    0    0    0    0    0    0
   -0.3380   -0.9560    0.0000      1H3  2      3.68    0    0  0
   -0.3380    0.4780   -0.8279      2H3  2      3.68    0    0  0
    0.0       0.0       0.0          N  15     -4.59    0    0  0
   -0.3380    0.4780    0.8279      3H3  2      3.68    0    0  0
    1.4530    0.0       0.0          CA  9      0.82    0    0  0
AMINO -CH3
    7    1    4    5    0    0    0    0    0    0    0    0    0    0
   3    0.0       0    0    0
    6
    4    4    4    7    0    0    0    0    0    0    0    0    0    0
    2    2    2    4    0    0    0    0    0    0    0    0    0    0
    3    3    3    6    0    0    0    0    0    0    0    0    0    0
   -1.8354   -1.0594    0.0         1H3  1      0.26    0    0  0
   -0.5141   -1.8533    0.8900      2H3  1      0.26    0    0  0
   -0.5141   -1.8533   -0.8900      3H3  1      0.26    0    0  0
   -0.7674   -1.2772    0.0          C   6     -0.78    0    0  0
    0.0       0.0       0.0          N  14     -4.59    0    0  0
   -0.4226    0.9063    0.0          HN  2      2.27    0    0  0
    1.4530    0.0       0.0          CA  9      0.82    0    0  0
AMINO-COCH3
    9    2    4    6    6    7    0    0    0    0    0    0    0    0
  -4   10.0000    2   -1    2
    5    8
    2    2    2    4    4    7    0    0    0    0    0    0    0    0
    1    1    1    2    2    4    0    0    0    0    0    0    0    0
    1    1    1    3    3    6    0    0    0    0    0    0    0    0
   -2.6331   -1.9640    0.0         1H3  1      0.26    0    5  5
   -2.4719   -0.4310   -0.8900      2H3  1      0.26    0    5  5
   -2.4719   -0.4310    0.8900      3H3  1      0.26    0    5  5
   -2.1643   -0.9800    0.0          C   6     -1.66    0    0  0
   -0.1724   -2.2550    0.0          O  17     -4.97    0    0  0
   -0.6824   -1.1358    0.0          C   7      5.85    0    0  0
    0.0       0.0       0.0          N  14     -4.59    0    0  0
   -0.4226    0.9063    0.0          HN  2      2.27    0    0  0
    1.4530    0.0       0.0          CA  9      0.82    0    0  0
FORMYL
    6    1    3    4    0    0    0    0    0    0    0    0    0    0
  -5   10.0000    2   -1    1
    5
    4    4    7    0    0    0    0    0    0    0    0    0    0    0
    2    2    4    0    0    0    0    0    0    0    0    0    0    0
    3    3    6    0    0    0    0    0    0    0    0    0    0    0
   -1.7320   -0.8281    0.0          H   3     -0.64    0    0  0
   -0.1583   -2.2687    0.0          O  17     -4.90    0    0  0
   -0.6901   -1.1486    0.0          C   7      5.54    0    0  0
    0.0       0.0       0.0          N  14     -4.59    0    0  0
   -0.4226    0.9063    0.0          HN  2      2.27    0    0  0
    1.4530    0.0       0.0          CA  9      0.82    0    0  0
CIS-H-PROLINE
   18    2   13   15   15   16
  -6   10.000     2   -1    2
   14   17
    2    2    2    2    2    2    2    2    2    2    2    2    4    4
    7
    1    1    1    1    1    1    1    1    1    1    1    1    2    2
    4
    1    1    1    1    1    1    1    1    1    1    1    1    3    3
    6
   -2.1896   -3.0541   -0.2497       HN  2      1.35    0   14 14
   -2.8629   -2.3157    0.0000       N  14     -2.96    0   14 14
   -3.4077   -2.5511    1.3835       CD  6      0.90    0   14 14
   -2.6764   -2.9693    2.0268      1HD  1      0.32    0   14 14
   -4.2340   -3.2150    1.3717      2HD  1      0.32    0   14 14
   -3.8178   -1.1435    1.8309       CG  6     -0.39    0   14 14
   -3.8780   -1.0681    2.8865      1HG  1      0.45    0   14 14
   -4.7637   -0.8666    1.4407      2HG  1      0.45    0   14 14
   -2.6992   -0.2805    1.2659       CB  6     -0.19    0   14 14
   -1.9168   -0.1729    1.9730      1HB  1      0.26    0   14 14
   -3.0554    0.6919    1.0396      2HB  1      0.26    0   14 14
   -2.4880   -0.4457   -0.9053       HA  1      0.26    0   14 14
   -2.1906   -0.9772    0.0000       CA  9      0.39    0    0  0
   -0.1723   -2.2550    0.0000       O  17     -4.95    0    0  0
   -0.6824   -1.1357    0.0000       C   7      5.80    0    0  0
    0.0000    0.0000    0.0000       N  14     -4.59    0    0  0
   -0.4226    0.9063    0.0000       HN  2      2.27    0    0  0
    1.4530    0.0000    0.0000       CA  9      0.82    0    0  0
TRANS-H-PROLINE
   18    2   13   15   15   16
  -7   10.000     2   -1    2
   14   17
    2    2    2    2    2    2    2    2    2    2    2    2    4    4
    7
    1    1    1    1    1    1    1    1    1    1    1    1    2    2
    4
    1    1    1    1    1    1    1    1    1    1    1    1    3    3
    6
   -3.6254   -2.3328   -0.6923       HN  2      1.35    0   14 14
   -2.8629   -2.3157    0.0000       N  14     -2.96    0   14 14
   -3.4077   -2.5511    1.3835       CD  6      0.90    0   14 14
   -2.6764   -2.9693    2.0268      1HD  1      0.32    0   14 14
   -4.2340   -3.2150    1.3717      2HD  1      0.32    0   14 14
   -3.8178   -1.1435    1.8309       CG  6     -0.39    0   14 14
   -3.8780   -1.0681    2.8865      1HG  1      0.45    0   14 14
   -4.7637   -0.8666    1.4407      2HG  1      0.45    0   14 14
   -2.6992   -0.2805    1.2659       CB  6     -0.19    0   14 14
   -1.9168   -0.1729    1.9730      1HB  1      0.26    0   14 14
   -3.0554    0.6919    1.0396      2HB  1      0.26    0   14 14
   -2.4880   -0.4457   -0.9053       HA  1      0.26    0   14 14
   -2.1906   -0.9772    0.0000       CA  9      0.39    0    0  0
   -0.1723   -2.2550    0.0000       O  17     -4.95    0    0  0
   -0.6824   -1.1357    0.0000       C   7      5.80    0    0  0
    0.0000    0.0000    0.0000       N  14     -4.59    0    0  0
   -0.4226    0.9063    0.0000       HN  2      2.27    0    0  0
    1.4530    0.0000    0.0000       CA  9      0.82    0    0  0
AMINO-H2+-PRO
   19    2   14   16   16   17
  -8   10.000     2   -1    2
   15   18
    2    2    2    2    2    2    2    2    2    2    2    2    2    4
    4    7
    1    1    1    1    1    1    1    1    1    1    1    1    1    2
    2    4
    1    1    1    1    1    1    1    1    1    1    1    1    1    3
    3    6
   -3.6254   -2.3328   -0.6923      1H2  2      2.90    0   15 15
   -2.1896   -3.0541   -0.2497      2H2  2      2.90    0   15 15
   -2.8629   -2.3157    0.0000       N  15     -3.22    0   15 15
   -3.4077   -2.5511    1.3835       CD  6      0.13    0   15 15
   -2.6764   -2.9693    2.0268      1HD  1      1.16    0   15 15
   -4.2340   -3.2150    1.3717      2HD  1      1.16    0   15 15
   -3.8178   -1.1435    1.8309       CG  6     -0.90    0   15 15
   -3.8780   -1.0681    2.8865      1HG  1      0.84    0   15 15
   -4.7637   -0.8666    1.4407      2HG  1      0.84    0   15 15
   -2.6992   -0.2805    1.2659       CB  6     -0.77    0   15 15
   -1.9168   -0.1729    1.9730      1HB  1      0.77    0   15 15
   -3.0554    0.6919    1.0396      2HB  1      0.77    0   15 15
   -2.4880   -0.4457   -0.9053       HA  1      0.77    0   15 15
   -2.1906   -0.9772    0.0000       CA  9     -0.13    0    0  0
   -0.1723   -2.2550    0.0000       O  17     -4.38    0    0  0
   -0.6824   -1.1357    0.0000       C   7      5.93    0    0  0
    0.0000    0.0000    0.0000       N  14     -4.59    0    0  0
   -0.4226    0.9063    0.0000       HN  2      2.27    0    0  0
    1.4530    0.0000    0.0000       CA  9      0.82    0    0  0
P-GLUTAMIC ACID
   17    2   12   14   14   15    0    0    0    0    0    0    0    0
  -9   10.0000    2   -1    2
   13   16
    2    2    2    2    2    2    2    2    2    2    2    4    4    7
    1    1    1    1    1    1    1    1    1    1    1    2    2    4
    1    1    1    1    1    1    1    1    1    1    1    3    3    6
   -2.6957   -0.3084    1.2859       CB  6     -0.39    0   13 13
   -1.9823   -0.4251    2.1016      1HB  1      0.26    0   13 13
   -2.8545    0.7617    1.1522      2HB  1      0.26    0   13 13
   -4.0144   -1.0524    1.5675       CG  6     -1.42    0   13 13
   -4.1338   -1.2458    2.6335      1HG  1      0.45    0   13 13
   -4.8727   -0.4585    1.2533      2HG  1      0.45    0   13 13
   -3.9366   -2.3247    0.8002       CD  7      5.80    0   13 13
   -4.7043   -3.2807    0.8981       OE 17     -4.90    0   13 13
   -2.8478   -2.2784    0.0          N  14     -4.64    0   13 13
   -2.5204   -3.0575   -0.5348       HN  2      2.32    0   13 13
   -2.4516   -0.4662   -0.8241       HA  1      0.26    0   13 13
   -2.2040   -0.9758    0.0          CA  9      0.65    0    0  0
   -0.1724   -2.2549    0.0          O  17     -4.90    0    0  0
   -0.6824   -1.1357    0.0          C   7      5.80    0    0  0
    0.0       0.0       0.0          N  14     -4.59    0    0  0
   -0.4226    0.9063    0.0          HN  2      2.27    0    0  0
    1.4530    0.0       0.0          CA  9      0.82    0    0  0
AMINO
    3    0    0    0    0    0    0    0    0    0    0    0    0    0
  10    0.0       0    0    0
    0
    0    0    0    0    0    0    0    0    0    0    0    0    0    0
    0    0    0    0    0    0    0    0    0    0    0    0    0    0
    0    0    0    0    0    0    0    0    0    0    0    0    0    0
    0.0       0.0       0.0          N  14     -4.59    0    0  0
   -0.4226    0.9063    0.0          HN  2      2.27    0    0  0
    1.4530    0.0       0.0          CA  9      0.82    0    0  0
CARBOXYL - COOH
    3    1    0    2    0    0    0    0    0    0    0    0    0    0
 -11    4.0000    2   -1    3
    2
    2    1    0    2    2    0    0    0    0    0    0    0    0    0
    1    0    2    1    1    0    2    0    0    0    0    0    0    0
    1    0    2    1    1    0    2    0    0    0    0    0    0    0
    0.6243    1.0598    0.0          O  17      0.0     0    0  0
    0.5452   -1.1691    0.0          OXT18     -4.90    0    0  0
    1.5414   -1.0820    0.0          HXT 4      2.63    0    0  0
CARBOXYL - O
    2    0    0    0    0    0    0    0    0    0    0    0    0    0
  12    0.0       0    0    0
    0
    0    1    0    0    0    0    0    0    0    0    0    0    0    0
    1    0    0    1    1    0    0    0    0    0    0    0    0    0
    1    0    0    1    1    0    0    0    0    0    0    0    0    0
    0.5675    1.1138    0.0          O  17     -6.86    0    0  0
    0.5675   -1.1138    0.0          OXT17     -6.86    0    0  0
CARBOXYL-CH3
    5    1    0    2    0    0    0    0    0    0    0    0    0    0
  13    0.0       0    0    0
    2
    2    1    0    2    2    0    0    0    0    0    0    0    0    0
    1    0    2    1    1    0    2    0    0    0    0    0    0    0
    1    0    4    1    1    0    4    0    0    0    0    0    0    0
    0.6243    1.0598    0.0          O  17      0.0     0    0  0
    0.5621   -1.2054    0.0          C   6     -2.31    0    0  0
    0.2499   -1.7518    0.8900      1H3  1      0.77    0    0  0
    0.2499   -1.7518   -0.8900      2H3  1      0.77    0    0  0
    1.6470   -1.1003    0.0         3H3  1      0.77    0    0  0
CARBOXYL-NH2
    4    1    0    2    0    0    0    0    0    0    0    0    0    0
 -14   10.0000    2   -1    3
    2
    2    1    0    2    2    0    0    0    0    0    0    0    0    0
    1    0    2    1    1    0    2    0    0    0    0    0    0    0
    1    0    3    1    1    0    3    0    0    0    0    0    0    0
    0.6243    1.0598    0.0          O  17      0.0     0    0  0
    0.5600   -1.2009    0.0          N  14     -5.02    0    0  0
   -0.0136   -2.0200    0.0         1H2  2      2.51    0    0  0
    1.5562   -1.2880    0.0         2H2  2      2.51    0    0  0
CARBOXYL-NHCH3
    7    2    0    2    2    4    0    0    0    0    0    0    0    0
 -15   10.0000    2   -1    3
    2    4
    2    1    4    2    2    0    4    0    0    0    0    0    0    0
    1    0    2    1    1    4    2    0    0    0    0    0    0    0
    1    0    3    1    1    6    3    0    0    0    0    0    0    0
    0.6243    1.0598    0.0          O  17      0.0     0    0  0
    0.5600   -1.2009    0.0          N  14     -4.45    0    4  6
    0.0449   -2.0580    0.0          H   2      2.10    0    0  0
    2.0050   -1.3527    0.0          C   6      0.64    0    0  0
    2.4200   -0.8796   -0.8900      1H3  1      0.57    0    0  0
    2.4200   -0.8796    0.8900      2H3  1      0.57    0    0  0
    2.2590   -2.4127    0.0         3H3  1      0.57    0    0  0
N, N - DIMETHYL
   10    3    0    2    2    3    2    4
 -16   10.0000    2   -1    3
    2    4    7
    2    1    4    2    2    0    4    0    0    0    0    0    0    0
    1    0    2    1    1    4    2    0    0    0    0    0    0    0
    1    0    3    1    1    9    3    0    0    0    0    0    0    0
    0.6243    1.0598    0.0000       O  17      0.0     0    0  0
    0.5747   -1.2326    0.0          N  14     -3.62    0    4  6
   -0.1395   -2.5209    0.0000       C1  6      0.64    0    7  9
    2.0396   -1.3866    0.0000       C2  6      0.64    7    0  0
    2.4547   -0.9136   -0.8900      1H32 1      0.39    7    0  0
    2.4547   -0.9136    0.8900      2H32 1      0.39    7    0  0
    2.2935   -2.4467    0.0000      3H32 1      0.39    0    0  0
   -0.7650   -2.5895    0.8900      1H31 1      0.39    0    0  0
   -0.7650   -2.5895   -0.8900      2H31 1      0.39    0    0  0
    0.5832   -3.3369    0.0000      3H31 1      0.39    0    0  0
METHYL ESTER
    6    2    0    2    2    3    0    0    0    0    0    0    0    0
 -17    3.0000    2   -1    3
    2    3
    2    1    3    2    2    0    3    0    0    0    0    0    0    0
    1    0    2    1    1    3    2    0    0    0    0    0    0    0
    1    0    2    1    1    5    2    0    0    0    0    0    0    0
    0.6753    1.0399    0.0          O  17      0.0     0    0  0
    0.5532   -1.2424    0.0          O  19     -3.87    0    0  0
    2.0023   -1.1918    0.0          C   6      1.74    0    0  0
    2.3475   -0.6656   -0.8900      1H3  1      0.71    0    0  0
    2.3475   -0.6656    0.8900      2H3  1      0.71    0    0  0
    2.4013   -2.2062    0.0         3H3  1      0.71    0    0  0
ETHYL ESTER
    9    3    0    2    2    3    3    6    0    0    0    0    0    0
 -18    3.0000    2   -1    3
    2    3    6
    2    1    3    2    2    6    3    0    0    0    0    0    0    0
    1    0    2    1    1    3    2    0    0    0    0    0    0    0
    1    0    2    1    1    5    2    0    0    0    0    0    0    0
    0.6753    1.0399    0.0          O  17      0.0     0    6  8
    0.5532   -1.2424    0.0          O  19     -3.87    0    0  0
    2.0023   -1.1918    0.0          C   6      2.00    0    6  8
    2.3506   -0.6450   -0.8762      1H2  1      0.52    0    6  8
    2.3506   -0.6450    0.8762      2H2  1      0.52    0    0  0
    2.6001   -2.6002    0.0          C   6     -1.30    0    0  0
    2.2691   -3.1354    0.8900      1H3  1      0.71    0    0  0
    2.2691   -3.1354   -0.8900      2H3  1      0.71    0    0  0
    3.6880   -2.5331    0.0         3H3  1      0.71    0    0  0
CARBOXYL
    1    0    0    0    0    0    0    0    0    0    0    0    0    0
  20    0.0       0    0    0
    0
    0    0    0    0    0    0    0    0    0    0    0    0    0    0
    0    0    0    0    0    0    0    0    0    0    0    0    0    0
    0    0    0    0    0    0    0    0    0    0    0    0    0    0
    0.6243    1.0598    0.0000       O  17      0.0     0    0  0
CARBOXYL
    1    0    0    0    0    0    0    0    0    0    0    0    0    0
  20    0.0       0    0    0
    0
    0    0    0    0    0    0    0    0    0    0    0    0    0    0
    0    0    0    0    0    0    0    0    0    0    0    0    0    0
    0    0    0    0    0    0    0    0    0    0    0    0    0    0
    0.6243    1.0598    0.0000       O  17      0.0     0    0  0
