ALANINE
  4  0 0 1 1 2 3 3 2 2 2
     1 2 3 4 5 910 6 7 8
 (1)  1   1  3   2 0 0   0  (0)  1   1 1 0
 (2)  4   3  5   3 1 0   1  (1)  3   2 2 3
 (3)  2   3  6   4 0 0   1  (2)  5   0 0 0
 (4)  3   6 11   6 0 0   3  (3)  9   1 4 0
    1   10    0
      3   10.71    -10.71    1
  3  4  5  6  7  8  9 10 11 12
ASPARTIC ACID
  6  0 0 1 1 2 5 5 2 2 3 4 3 4
     1 2 3 4 51213 6 7 810 911
 (1)  1   1  3   2 0 0   0  (0)  1   1 1 0
 (2)  4   3  5   3 1 0   1  (1)  3   2 2 5
 (3)  5   5 10   3 3 0   2  (2)  5   1 3 0
 (4)  6  10 11   3 5 0   3  (3)  8   1 4 0
 (5)  2   3  6   4 0 0   1  (4) 10   0 0 0
 (6)  3   6 14   6 0 0   5  (5) 12   1 6 0
    3   15    4
      4    2.83     -2.83    1
      3    8.00     -8.00    3
      5    9.54     -9.54    9
 -4 13 -2  8  9 10 -3 12  3  4 -1  6  7 14 15
     -5    0.39    2
      5   -1.68    3
    -11   -1.68    1
     11   -2.83    2
CYSTINE
  4  0 0 1 1 2 3 3 2 2 2
     1 2 3 4 5 910 6 7 8
 (1)  1   1  3   2 0 0   0  (0)  1   1 1 0
 (2)  4   3  5   3 1 0   1  (1)  3   2 2 3
 (3)  2   3  6   4 0 0   1  (2)  5   0 0 0
 (4)  3   6 11   6 0 0   3  (3)  9   1 4 0
    1   10    0
      3   10.70    -10.70    1
  3  4  5  6  7  8  9 10 11 12
GLUTAMIC ACID
  7  0 0 1 1 2 6 6 2 2 3 3 3 4 5 4 5
     1 2 3 4 51516 6 7 8 91011131214
 (1)  1   1  3   2 0 0   0  (0)  1   1 1 0
 (2)  4   3  5   3 1 0   1  (1)  3   2 2 6
 (3)  5   5 10   3 3 0   2  (2)  5   1 3 0
 (4)  6  10 13   3 5 0   3  (3)  8   1 4 0
 (5)  7  13 14   3 7 0   4  (4) 11   1 5 0
 (6)  2   3  6   4 0 0   1  (5) 13   0 0 0
 (7)  3   6 17   6 0 0   6  (6) 15   1 7 0
    3   17    2
      5    2.71     -2.71    1
      4    7.86     -7.86    3
      6    9.93     -9.93    9
 -2 16 10 11 12 13 -1 15  3  4  5  6  7  8  9 17 18
    -14   -1.80    1
     14   -2.71    2
PHENYLALANINE
  5  0 0 1 1 2 4 4 2 2 3 3 3 3 3 3 3 3 3 3 3
     1 2 3 4 51920 6 7 8 9101112131415161718
 (1)  1   1  3   2 0 0   0  (0)  1   1 1 0
 (2)  4   3  5   3 1 0   1  (1)  3   2 2 4
 (3)  5   5 10   3 3 0   2  (2)  5   1 3 0
 (4)  2   3  6   4 0 0   1  (3)  8   0 0 0
 (5)  3   6 21   6 0 0   4  (4) 19   1 5 0
    2   21    2
      3    1.03     -1.03    1
      4    9.79     -9.79   13
 -2 10 11 12 13 14 15 16 17 18 19 20  3  4 -1  6  7  8  9 21 22
      5   -0.25    1
     -5   -0.27    2
GLYCINE
  3  0 0 1 1 1 2 2
     1 2 3 4 5 6 7
 (1)  1   1  3   2 0 0   0  (0)  1   1 1 0
 (2)  2   3  6   4 0 0   1  (1)  3   1 2 0
 (3)  3   6  8   6 0 0   2  (2)  6   1 3 0
    1    8    1
      2    9.65     -9.65    1
 -1  3  4  5  6  7  8  9
     -1    0.16    0
HISTIDINE(NEUTRAL)
  5  0 0 1 1 2 4 4 2 2 3 3 3 3 3 3 3 3
     1 2 3 4 51617 6 7 8 9101112131415
 (1)  1   1  3   2 0 0   0  (0)  1   1 1 0
 (2)  4   3  5   3 1 0   1  (1)  3   2 2 4
 (3)  5   5 10   3 3 0   2  (2)  5   1 3 0
 (4)  2   3  6   4 0 0   1  (3)  8   0 0 0
 (5)  3   6 18   6 0 0   4  (4) 16   1 5 0
    2   18    2
      3    6.83     -6.83    1
      4    9.54     -9.54   10
 -2 10 11 12 13 14 15 16 17  3  4 -1  6  7  8  9 18 19
      5    0.01    1
     -5   -0.52    2
ISOLEUCINE
  7  0 0 1 1 2 6 6 2 3 4 3 3 3 4 4 5 5 5 5
     1 2 3 4 51819 6 711 8 910121314151617
 (1)  1   1  3   2 0 0   0  (0)  1   1 1 0
 (2)  4   3  5   3 1 0   1  (1)  3   2 2 6
 (3)  6   5  9   3 2 1   2  (2)  5   2 3 4
 (4)  5   5 10   3 3 0   2  (3)  7   0 0 0
 (5)  7  10 16   3 5 0   4  (4) 11   1 5 0
 (6)  2   3  6   4 0 0   1  (5) 14   0 0 0
 (7)  3   6 20   6 0 0   6  (6) 18   1 7 0
    3   20    2
      4    1.34     -1.34    1
      3    0.96     -0.96    9
      6    9.54     -9.54   13
 -2 10 14 15 16 17 18 19  9 11 12 13  3  4 -1  6  7  8 20 21
      5    0.07    1
     -5   -0.13    3
LYSINE
  8  0 0 1 1 2 7 7 2 2 3 3 3 4 4 4 5 5 5 6 6 6
     1 2 3 4 52021 6 7 8 910111213141516171819
 (1)  1   1  3   2 0 0   0  (0)  1   1 1 0
 (2)  4   3  5   3 1 0   1  (1)  3   2 2 7
 (3)  5   5 10   3 3 0   2  (2)  5   1 3 0
 (4)  6  10 13   3 5 0   3  (3)  8   1 4 0
 (5)  7  13 16   3 7 0   4  (4) 11   1 5 0
 (6)  8  16 19   3 9 0   5  (5) 14   1 6 0
 (7)  2   3  6   4 0 0   1  (6) 17   0 0 0
 (8)  3   6 22   6 0 0   7  (7) 20   1 8 0
    3   23    4
      6    5.09     -5.09    1
      3    1.23     -1.23    5
      7    9.54     -9.54   15
 -4 19 20 21 -2 10 11 12 13 14 15 -3 17 18  3  4 -1  6  7  8  9 22 23
      5    0.01    2
     -5   -0.40    3
     16    0.19    1
    -16    1.23    2
LEUCINE
  7  0 0 1 1 2 6 6 2 2 3 3 4 5 4 4 4 5 5 5
     1 2 3 4 51819 6 7 8 91014111213151617
 (1)  1   1  3   2 0 0   0  (0)  1   1 1 0
 (2)  4   3  5   3 1 0   1  (1)  3   2 2 6
 (3)  5   5 10   3 3 0   2  (2)  5   1 3 0
 (4)  6  10 12   3 4 1   3  (3)  8   2 4 5
 (5)  7  10 13   3 5 0   3  (4) 10   0 0 0
 (6)  2   3  6   4 0 0   1  (5) 14   0 0 0
 (7)  3   6 20   6 0 0   6  (6) 18   1 7 0
    2   20    2
      3    2.24     -2.24    1
      6    9.71     -9.71   12
 -2 10 11 12 13 14 15 16 17 18 19  3  4 -1  6  7  8  9 20 21
      5   -0.17    1
     -5   -0.21    2
METHIONINE
  7  0 0 1 1 2 6 6 2 2 3 3 3 4 5 5 5 5
     1 2 3 4 51617 6 7 8 9101112131415
 (1)  1   1  3   2 0 0   0  (0)  1   1 1 0
 (2)  4   3  5   3 1 0   1  (1)  3   2 2 6
 (3)  5   5 10   3 3 0   2  (2)  5   1 3 0
 (4)  6  10 13   3 5 0   3  (3)  8   1 4 0
 (5)  7  13 14   3 7 0   4  (4) 11   1 5 0
 (6)  2   3  6   4 0 0   1  (5) 12   0 0 0
 (7)  3   6 18   6 0 0   6  (6) 16   1 7 0
    2   18    2
      4    4.00     -4.00    1
      6    9.93     -9.93   10
 -2 10 11 12 13 14 15 16 17  3  4 -1  6  7  8  9 18 19
      5   -0.39    1
     -5    0.26    2
ASPARAGINE
  6  0 0 1 1 2 5 5 2 2 3 4 3 4 4
     1 2 3 4 51314 6 7 810 91112
 (1)  1   1  3   2 0 0   0  (0)  1   1 1 0
 (2)  4   3  5   3 1 0   1  (1)  3   2 2 5
 (3)  5   5 10   3 3 0   2  (2)  5   1 3 0
 (4)  6  10 11   3 5 0   3  (3)  8   1 4 0
 (5)  2   3  6   4 0 0   1  (4) 10   0 0 0
 (6)  3   6 15   6 0 0   5  (5) 13   1 6 0
    2   15    2
      3   11.08    -11.08    1
      5   10.57    -10.57    7
 -2 10 11 12 13 14  3  4 -1  6  7  8  9 15 16
      5   -1.03    1
     -5   -0.52    2
PROLINE-DOWN
  2  0 0 0 0 0 1 1 0 0 0 0 0 0 0
     1 2 3 4 51314 6 7 8 9101112
 (1)  2   3  6   2 0 0   0  (0)  1   1 1 0
 (2)  3   6 15   4 0 0   1  (1) 13   1 2 0
    2   17    4
      0    2.71     -2.71    1
      1    9.54     -9.54   13
 -1 -2 -3  4  5  8  9 10 11 12 13 14 -4  6  7 15 16
      1    0.92    0
      2   -0.98    0
      3   -0.77    2
     -3    1.41    1
GLUTAMINE
  7  0 0 1 1 2 6 6 2 2 3 3 3 4 5 4 5 5
     1 2 3 4 51617 6 7 8 9101113121415
 (1)  1   1  3   2 0 0   0  (0)  1   1 1 0
 (2)  4   3  5   3 1 0   1  (1)  3   2 2 6
 (3)  5   5 10   3 3 0   2  (2)  5   1 3 0
 (4)  6  10 13   3 5 0   3  (3)  8   1 4 0
 (5)  7  13 14   3 7 0   4  (4) 11   1 5 0
 (6)  2   3  6   4 0 0   1  (5) 13   0 0 0
 (7)  3   6 18   6 0 0   6  (6) 16   1 7 0
    2   18    2
      4   12.10    -12.10    1
      6    9.67     -9.67   10
 -2 10 11 12 13 14 15 16 17  3  4 -1  6  7  8  9 18 19
      5   -0.13    1
     -5   -0.25    2
ARGININE
 10  0 0 1 1 2 9 9 2 2 3 3 3 4 4 4 5 5 6 8 7 7 8 8
     1 2 3 4 52223 6 7 8 9101112131415161917182021
 (1)  1   1  3   2 0 0   0  (0)  1   1 1 0
 (2)  4   3  5   3 1 0   1  (1)  3   2 2 9
 (3)  5   5 10   3 3 0   2  (2)  5   1 3 0
 (4)  6  10 13   3 5 0   3  (3)  8   1 4 0
 (5)  7  13 16   3 7 0   4  (4) 11   1 5 0
 (6)  8  16 18   3 9 0   5  (5) 14   1 6 0
 (7)  9  18 20   310 1   6  (6) 16   2 7 8
 (8) 10  18 19   311 0   6  (7) 17   0 0 0
 (9)  2   3  6   4 0 0   1  (8) 19   0 0 0
(10)  3   6 24   6 0 0   9  (9) 22   110 0
    5   27    8
      6   10.31    -10.31    1
      7    1.16     -1.16    7
      5    3.73     -3.73    9
      3    1.04     -1.04   12
      9    9.54     -9.54   19
 -6 18 19 -7 22 23 -8 21 -4 -5 17 -2 10 11 12 -3 14 15  3  4 -1  6  7  8  9 24
 25
      5    0.01    4
     -5   -0.40    5
     13   -0.25    3
    -13    1.54    4
     16   -3.73    1
    -16   -0.78    3
    -20   -4.25    2
     20   -1.16    1
SERINE
  5  0 0 1 1 2 4 4 2 2 3 3
     1 2 3 4 51011 6 7 8 9
 (1)  1   1  3   2 0 0   0  (0)  1   1 1 0
 (2)  4   3  5   3 1 0   1  (1)  3   2 2 4
 (3)  5   5 10   3 3 0   2  (2)  5   1 3 0
 (4)  2   3  6   4 0 0   1  (3)  8   0 0 0
 (5)  3   6 12   6 0 0   4  (4) 10   1 5 0
    2   12    2
      3    3.99     -3.99    1
      4    9.67     -9.67    4
 -2 10 11  3  4 -1  6  7  8  9 12 13
      5   -0.13    1
     -5    1.80    2
THREONINE
  6  0 0 1 1 2 5 5 2 4 3 3 4 4 4
     1 2 3 4 51314 6 9 7 8101112
 (1)  1   1  3   2 0 0   0  (0)  1   1 1 0
 (2)  4   3  5   3 1 0   1  (1)  3   2 2 5
 (3)  5   5 10   3 2 1   2  (2)  5   2 3 4
 (4)  6   5  9   3 3 0   2  (3)  7   0 0 0
 (5)  2   3  6   4 0 0   1  (4)  9   0 0 0
 (6)  3   6 15   6 0 0   5  (5) 13   1 6 0
    3   16    4
      2    3.03     -3.03    1
      3    2.19     -2.19    8
      5    9.54     -9.54   10
 -2  8  9 -3 12 13 14 -4 11  3  4 -1  6  7 15 16
     -5    0.39    1
      5    1.67    3
    -10   -1.81    2
     10   -2.19    1
VALINE
  6  0 0 1 1 2 5 5 2 4 3 3 3 3 4 4 4
     1 2 3 4 51516 611 7 8 910121314
 (1)  1   1  3   2 0 0   0  (0)  1   1 1 0
 (2)  4   3  5   3 1 0   1  (1)  3   2 2 5
 (3)  5   5 10   3 2 1   2  (2)  5   2 3 4
 (4)  6   5  9   3 3 0   2  (3)  7   0 0 0
 (5)  2   3  6   4 0 0   1  (4) 11   0 0 0
 (6)  3   6 17   6 0 0   5  (5) 15   1 6 0
    2   17    2
      2    2.13     -2.13    1
      5    9.54     -9.54   11
 -2  8  9 10 11 12 13 14 15 16  3  4 -1  6  7 17 18
     -5    0.39    1
      5   -0.29    2
TRYPTOPHAN
  5  0 0 1 1 2 4 4 2 2 3 3 3 3 3 3 3 3 3 3 3 3 3 3 3
     1 2 3 4 52324 6 7 8 910111213141516171819202122
 (1)  1   1  3   2 0 0   0  (0)  1   1 1 0
 (2)  4   3  5   3 1 0   1  (1)  3   2 2 4
 (3)  5   5 10   3 3 0   2  (2)  5   1 3 0
 (4)  2   3  6   4 0 0   1  (3)  8   0 0 0
 (5)  3   6 25   6 0 0   4  (4) 23   1 5 0
    2   25    2
      3    6.45     -6.45    1
      4    9.54     -9.54   17
 -2 10 11 12 13 14 15 16 17 18 19 20 21 22 23 24  3  4 -1  6  7  8  9 25 26
      5    0.01    1
     -5   -0.40    2
TYROSINE
  6  0 0 1 1 2 5 5 2 2 3 3 3 3 3 3 3 3 3 3 4 4
     1 2 3 4 52021 6 7 8 910111213141516171819
 (1)  1   1  3   2 0 0   0  (0)  1   1 1 0
 (2)  4   3  5   3 1 0   1  (1)  3   2 2 5
 (3)  5   5 10   3 3 0   2  (2)  5   1 3 0
 (4)  6  18 20   3 5 0   3  (3)  8   1 4 0
 (5)  2   3  6   4 0 0   1  (4) 18   0 0 0
 (6)  3   6 22   6 0 0   5  (5) 20   1 6 0
    3   23    4
      4    4.25     -4.25    1
      3    2.07     -2.07    4
      5    9.79     -9.79   15
 -4 20 21 -2 10 11 12 13 14 15 16 17 -3 19  3  4 -1  6  7  8  9 22 23
      5   -0.25    2
     -5   -0.27    3
     18    0.77    1
    -18    2.13    2
CYSTEIN
  5  0 0 1 1 2 4 4 2 2 3 3
     1 2 3 4 51011 6 7 8 9
 (1)  1   1  3   2 0 0   0  (0)  1   1 1 0
 (2)  4   3  5   3 1 0   1  (1)  3   2 2 4
 (3)  5   5 10   3 3 0   2  (2)  5   1 3 0
 (4)  2   3  6   4 0 0   1  (3)  8   0 0 0
 (5)  3   6 12   6 0 0   4  (4) 10   1 5 0
    2   12    2
      2    1.74     -1.74    1
      4    9.54     -9.54    6
 -2  8  9 10 11  3  4 -1  6  7 12 13
     -5    0.39    1
      5   -1.74    2
H-PROLINE-DOWN
  3  0 0 0 0 0 2 2 0 0 0 1 0 0 0 1
     1 2 3 4 51415 6 7 812 9101113
 (1)  4  10 11   1 1 0   0  (0)  1   2 1 2
 (2)  2   3  6   2 0 0   0  (1) 12   0 0 0
 (3)  3   6 16   4 0 0   2  (2) 14   1 3 0
    3   19    6
      0    2.72     -2.72    1
      1    4.16     -4.16   12
      2    9.54     -9.54   15
 -1 -2 -3  4  5  8  9 -5 12 13 14 -6 11 15 -4  6  7 16 17
      1    0.92    0
      2   -1.31    0
      3   -0.77    3
     -3    1.41    1
     10    0.17    2
    -10    2.04    1
NORLEUCINE
  7  0 0 1 1 2 6 6 2 2 3 3 3 4 4 4 5 5 5 5
     1 2 3 4 51819 6 7 8 91011121314151617
 (1)  1   1  3   2 0 0   0  (0)  1   1 1 0
 (2)  4   3  5   3 1 0   1  (1)  3   2 2 6
 (3)  5   5 10   3 3 0   2  (2)  5   1 3 0
 (4)  6  10 13   3 5 0   3  (3)  8   1 4 0
 (5)  7  13 16   3 7 0   4  (4) 11   1 5 0
 (6)  2   3  6   4 0 0   1  (5) 14   0 0 0
 (7)  3   6 20   6 0 0   6  (6) 18   1 7 0
    2   20    2
      4    2.00     -2.00    1
      6    9.67     -9.67   12
 -2 10 11 12 13 14 15 16 17 18 19  3  4 -1  6  7  8  9 20 21
      5   -0.13    1
     -5   -0.26    2
ORNITHINE
  7  0 0 1 1 2 6 6 2 2 3 3 3 4 4 4 5 5 5
     1 2 3 4 51718 6 7 8 910111213141516
 (1)  1   1  3   2 0 0   0  (0)  1   1 1 0
 (2)  4   3  5   3 1 0   1  (1)  3   2 2 6
 (3)  5   5 10   3 3 0   2  (2)  5   1 3 0
 (4)  6  10 13   3 5 0   3  (3)  8   1 4 0
 (5)  7  13 16   3 7 0   4  (4) 11   1 5 0
 (6)  2   3  6   4 0 0   1  (5) 14   0 0 0
 (7)  3   6 19   6 0 0   6  (6) 17   1 7 0
    2   19    2
      4    5.79     -5.79    1
      6    9.67     -9.67   11
 -2 10 11 12 13 14 15 16 17 18  3  4 -1  6  7  8  9 19  20
      5   -0.13    1
     -5   -0.26    2
ORNITHINE +
  7  0 0 1 1 2 6 6 2 2 3 3 3 4 4 4 5 5 5 5
     1 2 3 4 51819 6 7 8 91011121314151617
 (1)  1   1  3   2 0 0   0  (0)  1   1 1 0
 (2)  4   3  5   3 1 0   1  (1)  3   2 2 6
 (3)  5   5 10   3 3 0   2  (2)  5   1 3 0
 (4)  6  10 13   3 5 0   3  (3)  8   1 4 0
 (5)  7  13 16   3 7 0   4  (4) 11   1 5 0
 (6)  2   3  6   4 0 0   1  (5) 14   0 0 0
 (7)  3   6 20   6 0 0   6  (6) 18   1 7 0
    4   22    6
      5   17.00     -4.12    1
      4    4.00     -4.00    6
      3    2.58     -2.58   10
      6    9.54     -9.54   14
 -6 16 17 18 19 -4 -5 14 15 -2 -3 11 12  3  4 -1  6  7  8  9 20 21
     -5    0.01    3
      5   -0.39    4
     10   -2.19    2
    -10    0.90    3
     13   -4.00    1
    -13    4.64    2
HISTIDINE(NEUTRAL) #2
  5  0 0 1 1 2 4 4 2 2 3 3 3 3 3 3 3 3
     1 2 3 4 51617 6 7 8 9101112131415
 (1)  1   1  3   2 0 0   0  (0)  1   1 1 0
 (2)  4   3  5   3 1 0   1  (1)  3   2 2 4
 (3)  5   5 10   3 3 0   2  (2)  5   1 3 0
 (4)  2   3  6   4 0 0   1  (3)  8   0 0 0
 (5)  3   6 18   6 0 0   4  (4) 16   1 5 0
    2   18    2
      3    6.55     -6.55    1
      4   10.21    -10.21   10
 -2 10 11 12 13 14 15 16 17  3  4 -1  6  7  8  9 18 19
      5   -0.67    1
     -5   -0.30    2
HISTIDINE +
  5  0 0 1 1 2 4 4 2 2 3 3 3 3 3 3 3 3 3
     1 2 3 4 51718 6 7 8 910111213141516
 (1)  1   1  3   2 0 0   0  (0)  1   1 1 0
 (2)  4   3  5   3 1 0   1  (1)  3   2 2 4
 (3)  5   5 10   3 3 0   2  (2)  5   1 3 0
 (4)  2   3  6   4 0 0   1  (3)  8   0 0 0
 (5)  3   6 19   6 0 0   4  (4) 17   1 5 0
    3   19    2
      3    8.89     -2.58    1
      3    9.15     -2.58    5
      4   10.83    -10.83   11
 14 15 17 18 -2 10 11 12 13 16  3  4 -1  6  7  8  9 19 20
      5   -1.29    1
     -5    0.65    2
LYSINE +
  8  0 0 1 1 2 7 7 2 2 3 3 3 4 4 4 5 5 5 6 6 6 6
     1 2 3 4 52122 6 7 8 91011121314151617181920
 (1)  1   1  3   2 0 0   0  (0)  1   1 1 0
 (2)  4   3  5   3 1 0   1  (1)  3   2 2 7
 (3)  5   5 10   3 3 0   2  (2)  5   1 3 0
 (4)  6  10 13   3 5 0   3  (3)  8   1 4 0
 (5)  7  13 16   3 7 0   4  (4) 11   1 5 0
 (6)  8  16 19   3 9 0   5  (5) 14   1 6 0
 (7)  2   3  6   4 0 0   1  (6) 17   0 0 0
 (8)  3   6 23   6 0 0   7  (7) 21   1 8 0
    4   25    6
      6   17.00     -4.12    1
      5    4.00     -4.00    6
      4    3.10     -3.10   10
      7    9.54     -9.54   17
 -6 19 20 21 22 -4 -5 17 18 -2 10 11 12 -3 14 15  3  4 -1  6  7  8  9 23 24
      5    0.01    3
     -5   -0.40    4
     13   -2.38    2
    -13    0.90    3
     16   -4.00    1
    -16    4.64    2
ARGININE +
 10  0 0 1 1 2 9 9 2 2 3 3 3 4 4 4 5 5 6 8 7 7 7 8 8
     1 2 3 4 52324 6 7 8 910111213141516201718192122
 (1)  1   1  3   2 0 0   0  (0)  1   1 1 0
 (2)  4   3  5   3 1 0   1  (1)  3   2 2 9
 (3)  5   5 10   3 3 0   2  (2)  5   1 3 0
 (4)  6  10 13   3 5 0   3  (3)  8   1 4 0
 (5)  7  13 16   3 7 0   4  (4) 11   1 5 0
 (6)  8  16 18   3 9 0   5  (5) 14   1 6 0
 (7)  9  18 20   310 1   6  (6) 16   2 7 8
 (8) 10  18 19   311 0   6  (7) 17   0 0 0
 (9)  2   3  6   4 0 0   1  (8) 20   0 0 0
(10)  3   6 25   6 0 0   9  (9) 23   110 0
    5   27    6
      8    7.24     -5.01    1
      7   15.66     -5.01    4
      3    4.80     -4.80    8
      4    1.06     -1.06   12
      9    9.54     -9.54   19
 19 23 24 -6 20 21 22 -4 16 17 -5 -2 10 11 12 -3 14 15  3  4 -1  6  7  8  9 25
 26
      5    0.01    4
     -5   -0.40    5
     13   -0.27    3
    -13    1.83    4
     18   -0.94    2
    -18    8.42    3
BENZYL ASPARTATE
  8  0 0 1 1 2 7 7 2 2 3 3 4 5 5 5 6 6 6 6 6 6 6 6 6 6 6
     1 2 3 4 52526 6 7 8 9101112131415161718192021222324
 (1)  1   1  3   2 0 0   0  (0)  1   1 1 0
 (2)  4   3  5   3 1 0   1  (1)  3   2 2 7
 (3)  5   5 10   3 3 0   2  (2)  5   1 3 0
 (4)  6  10 12   3 5 0   3  (3)  8   1 4 0
 (5)  7  12 13   3 7 0   4  (4) 10   1 5 0
 (6)  8  13 16   3 9 0   5  (5) 11   1 6 0
 (7)  2   3  6   4 0 0   1  (6) 14   0 0 0
 (8)  3   6 27   6 0 0   7  (7) 25   1 8 0
    3   28    4
      5    4.23     -4.23    1
      3    7.60     -7.60   16
      7    9.54     -9.54   22
 -4 13 14 15 16 17 18 19 20 21 22 23 24 25 26 -2  8  9 10 11 -3  3  4 -1  6  7
 27 28
     -5    0.14    2
      5   -1.35    3
    -12   -1.61    1
     12   -2.58    2
ASPARTIC ACID -
  5  0 0 1 1 2 4 4 2 2 3 3 3
     1 2 3 4 51112 6 7 8 910
 (1)  1   1  3   2 0 0   0  (0)  1   1 1 0
 (2)  4   3  5   3 1 0   1  (1)  3   2 2 4
 (3)  5   5 10   3 3 0   2  (2)  5   1 3 0
 (4)  2   3  6   4 0 0   1  (3)  8   0 0 0
 (5)  3   6 13   6 0 0   4  (4) 11   1 5 0
    3   14    4
      3    1.80    -14.68    1
      2    4.64     -4.64    4
      4    9.54     -9.54    9
 -4 11 12 -2  5  8  9 -3 -1  4  6  7 13 14
     -3    1.16    2
      3   -1.93    3
    -10    4.64    1
     10    1.80    2
GLUTAMIC ACID -
  6  0 0 1 1 2 5 5 2 2 3 3 3 4 4 4
     1 2 3 4 51415 6 7 8 910111213
 (1)  1   1  3   2 0 0   0  (0)  1   1 1 0
 (2)  4   3  5   3 1 0   1  (1)  3   2 2 5
 (3)  5   5 10   3 3 0   2  (2)  5   1 3 0
 (4)  6  10 13   3 5 0   3  (3)  8   1 4 0
 (5)  2   3  6   4 0 0   1  (4) 11   0 0 0
 (6)  3   6 16   6 0 0   5  (6) 14   1 6 0
    3   17    4
      4    1.80    -14.68    1
      3    4.64     -4.64    4
      5    9.67     -9.67    9
 -4 14 15 -2 10 11 12 -3  3  4 -1  6  7  8  9 16 17
     -5   -0.13    2
      5   -1.41    3
    -13    4.64    1
     13    1.80    2
PROLINE-UP
  2  0 0 0 0 0 1 1 0 0 0 0 0 0 0
     1 2 3 4 51314 6 7 8 9101112
 (1)  2   3  6   2 0 0   0  (0)  1   1 1 0
 (2)  3   6 15   4 0 0   1  (1) 13   1 2 0
    2   17    4
      0    2.71     -2.71    1
      1    9.54     -9.54   13
 -1 -2 -3  4  5  8  9 10 11 12 13 14 -4  6  7 15 16
      1    0.92    0
      2   -0.98    0
      3   -0.77    2
     -3    1.41    1
PROLINE-FLAT
  2  0 0 0 0 0 1 1 0 0 0 0 0 0 0
     1 2 3 4 51314 6 7 8 9101112
 (1)  2   3  6   2 0 0   0  (0)  1   1 1 0
 (2)  3   6 15   4 0 0   1  (1) 13   1 2 0
    2   17    4
      0    2.71     -2.71    1
      1    9.54     -9.54   13
 -1 -2 -3  4  5  8  9 10 11 12 13 14 -4  6  7 15 16
      1    0.92    0
      2   -0.98    0
      3   -0.77    2
     -3    1.41    1
H-PROLINE-UP
  3  0 0 0 0 0 2 2 0 0 0 1 0 0 0 1
     1 2 3 4 51415 6 7 812 9101113
 (1)  4  10 11   1 1 0   0  (0)  1   2 1 2
 (2)  2   3  6   2 0 0   0  (1) 12   0 0 0
 (3)  3   6 16   4 0 0   2  (2) 14   1 3 0
    3   19    6
      0    2.72     -2.72    1
      1    4.16     -4.16   12
      2    9.54     -9.54   15
 -1 -2 -3  4  5  8  9 -5 12 13 14 -6 11 15 -4  6  7 16 17
      1    0.92    0
      2   -1.31    0
      3   -0.77    3
     -3    1.41    1
     10    0.17    2
    -10    2.04    1
H-PROLINE-FLAT
  3  0 0 0 0 0 2 2 0 0 0 1 0 0 0 1
     1 2 3 4 51415 6 7 812 9101113
 (1)  4  10 11   1 1 0   0  (0)  1   2 1 2
 (2)  2   3  6   2 0 0   0  (1) 12   0 0 0
 (3)  3   6 16   4 0 0   2  (2) 14   1 3 0
    3   19    6
      0    2.72     -2.72    1
      1    4.16     -4.16   12
      2    9.54     -9.54   15
 -1 -2 -3  4  5  8  9 -5 12 13 14 -6 11 15 -4  6  7 16 17
      1    0.92    0
      2   -1.31    0
      3   -0.77    3
     -3    1.41    1
     10    0.17    2
    -10    2.04    1
AMINO - H2
  0  0 0 0
     1 2 3
    1    3    0
      0    4.54     -4.59    1
  1  2  3
AMINO - H3+
  0  0 0 0 0
     1 2 3 4
    1    4    0
      0   11.04     -4.59    1
  1  2  3  4
AMINO -CH3
  1  0 0 0 0 1 1
     1 2 3 4 5 6
 (1)  1   4  5   2 0 0   0  (0)  1   1 1 0
    2    6    0
      0    0.78     -0.78    1
      1    2.27     -4.59    5
  1  2  3  4  5  6
AMINO-COCH3
  2  0 0 0 0 1 1 2 2
     1 2 3 4 6 5 7 8
 (1)  1   4  6   2 0 0   0  (0)  1   1 1 0
 (2)  2   6  7   4 0 0   1  (1)  5   1 2 0
    2    9    2
      0    0.78     -3.10    1
      1    9.56     -9.56    5
  1  2  3 -1 -2  5  6  7  8
      4   -3.10    2
     -4    1.44    1
FORMYL
  1  0 0 0 1 1
     1 2 3 4 5
 (1)  1   3  4   2 0 0   0  (0)  1   1 1 0
    2    5    0
      0    5.54     -5.54    1
      1    2.27     -4.59    4
  1  2  3  4  5
CIS-H-PROLINE
  2  0 0 0 0 0 0 0 0 0 0 0 0 0 1 1 2 2
     1 2 3 4 5 6 7 8 91011121315141617
 (1)  1  13 15   2 0 0   0  (0)  1   1 1 0
 (2)  2  15 16   4 0 0   1  (1) 14   1 2 0
    2   18    2
      0    4.57     -4.62    1
      1    9.54     -9.54   14
  1  2  3  4  5  6  7  8  9 10 11 12 -1 -2 14 15 16 17
     13   -1.08    2
    -13    1.47    1
TRANS-H-PROLINE
  2  0 0 0 0 0 0 0 0 0 0 0 0 0 1 1 2 2
     1 2 3 4 5 6 7 8 91011121315141617
 (1)  1  13 15   2 0 0   0  (0)  1   1 1 0
 (2)  2  15 16   4 0 0   1  (1) 14   1 2 0
    2   18    2
      0    4.57     -4.62    1
      1    9.54     -9.54   14
  1  2  3  4  5  6  7  8  9 10 11 12 -1 -2 14 15 16 17
     13   -1.08    2
    -13    1.47    1
AMINO-H2+-PRO
  2  0 0 0 0 0 0 0 0 0 0 0 0 0 0 1 1 2 2
     1 2 3 4 5 6 7 8 9101112131416151718
 (1)  1  14 16   2 0 0   0  (0)  1   1 1 0
 (2)  2  16 17   4 0 0   1  (1) 15   1 2 0
    3   20    4
      0    8.25     -1.80    1
      0    3.99     -3.99    7
      1    8.97     -8.97   16
  1  2 -1  4  5  6 -2  7  8  9 10 11 12 13 -3 -4 15 16 17 18
      3   -1.80    2
     -3   -1.42    1
     14   -0.90    3
    -14    0.77    2
P-GLUTAMIC ACID
  2  0 0 0 0 0 0 0 0 0 0 0 0 1 1 2 2
     1 2 3 4 5 6 7 8 910111214131516
 (1)  1  12 14   2 0 0   0  (0)  1   1 1 0
 (2)  2  14 15   4 0 0   1  (1) 13   1 2 0
    3   18    4
      0    2.58     -4.90    1
      0    7.22     -7.22    3
      1    9.49     -9.49   14
 -1  8  1  2  3  4  5  6 -2  9 10 11 -3 -4 13 14 15 16
      7    2.58    2
     -7    3.22    1
     12   -0.77    3
    -12    1.42    2
AMINO
  0  0 0
     1 2
    1    2    0
      0    2.27     -4.59    1
  1  2
CARBOXYL - COOH
  1 -1 0 0
     0 1 2
 (1)                        (0)  1   0 0 0
    1    2    2    0
      0    0.36     -0.31    1
 -1 -2
      2   -0.31    0
      3    0.36    0
CARBOXYL - O
  0 -1-1
     0 1
    1    2    2    3
     -1    0.01     -6.46    1
 -1 -2
      2   -6.46    0
      2    0.01    0
CARBOXYL-CH3
  1 -1 0 0 0 0
     0 1 2 3 4
 (1)                        (0)  1   0 0 0
    1    4    0    2
      0    2.31     -2.31    1
  2  3  4  5
CARBOXYL-NH2
  1 -1 0 0 0
     0 1 2 3
 (1)                        (0)  1   0 0 0
    1    3    0    2
      0    5.02     -5.02    1
  2  3  4
CARBOXYL-NHCH3
  2 -1 0 0 1 1 1 1
     0 1 2 3 4 5 6
 (1)                        (0)  1   1 1 0
 (2)  1   2  4   2 0 0   0  (1)  3   0 0 0
    1    6    2    0
      1    2.49     -0.17    1
 -1 -2  4  5  6  7
      2    0.14    0
      3   -0.17    0
N, N - DIMETHYL
  3 -1 0 1 2 2 2 2 1 1 1
     0 1 2 6 7 8 9 3 4 5
 (1)                        (0)  1   2 1 2
 (2)  1   2  3   1 1 0   0  (1)  2   0 0 0
 (3)  2   2  4   2 0 0   0  (2)  6   0 0 0
    1    9    1    1
      1    3.62     -1.30    1
 -1  3  4  5  6  7  8  9 10
      2   -1.30    0
METHYL ESTER
  2 -1 0 1 1 1 1
     0 1 2 3 4 5
 (1)                        (0)  1   1 1 0
 (2)  1   2  3   2 0 0   0  (1)  2   0 0 0
    1    5    1    1
      1    3.87     -1.55    1
 -1  3  4  5  6
      2   -1.55    0
ETHYL ESTER
  3 -1 0 1 1 1 2 2 2 2
     0 1 2 3 4 5 6 7 8
 (1)                        (0)  1   1 1 0
 (2)  1   2  3   2 0 0   0  (1)  2   1 2 0
 (3)  2   3  6   4 0 0   1  (2)  5   0 0 0
    1    8    1    1
      1    5.17     -2.85    1
 -1  3  4  5  6  7  8  9
      2   -1.55    0
CARBOXYL
  0 -1
     0
    0    0    0
CARBOXYL
  0 -1
     0
    0    0    0
