 19.937
 21.894
 47.597
 48.138
 47.916
 31.497
 45.395
 47.310
 50.570
 51.109
 42.709
 47.651
 45.969
 45.444
 45.258
 40.266
 45.299
 47.909
 36.712
 46.528
 35.986
 49.011
 47.441
 23.524
 17.388
 50.860
 45.879
 49.894
 49.063
 48.966
 40.196
 46.021
 50.315
 51.092
 43.115
 47.321
 50.670
 40.442
 44.956
 45.837
 45.901
 36.655
 42.695
 38.470
 37.419
 48.490
 48.331
  1.000
 47.955
 46.946
 35.672
 31.396
  5.291
 48.403
 10.472
 39.361
  1.859
  4.470
  3.575
  1.853
 40.114
  1.860
 19.868
  1.855
  2.715
  7.018
 36.654
  1.853
  1.000
  1.000
 20.710
  4.454
 44.903
 14.024
 21.974
  3.593
 22.833
  7.052
 28.288
 16.645
 13.069
 25.503
 19.175
 13.113
 11.385
 21.918
 21.099
  1.863
 13.970
  1.000
 15.782
 13.067
  6.169
 28.139
  5.293
 15.758
 15.690
  9.662
 13.167
  1.000
  8.774
 18.357
  1.000
  8.741
  1.000
  1.000
  1.000
  1.000
  1.000
  1.000
  6.139
 18.313
  1.000
  1.000
  1.000
  8.806
  1.000
  1.000
  1.000
  7.928
  1.000
  1.000
  1.000
  1.000
  1.000
  5.357
  1.000
  1.000
  1.000
  1.000
  1.000
  1.000
  1.000
  1.000
  1.000
