 52.200
 33.519
 55.116
 57.213
 57.887
 52.324
 58.742
 58.050
 58.023
 59.319
 56.900
 56.784
 57.531
 55.415
 56.019
 55.289
 57.802
 57.069
 54.226
 57.320
 53.536
 57.250
 58.211
 51.916
 51.487
 57.466
 57.387
 58.966
 57.309
 57.306
 51.819
 55.176
 58.560
 57.706
 55.534
 58.116
 58.124
 55.396
 54.941
 55.801
 55.041
 55.008
 58.503
 55.156
 51.468
 57.616
 57.463
 36.091
 56.229
 56.070
 54.874
 48.108
 43.276
 55.909
 52.057
 53.474
  5.100
 45.572
 44.873
  1.853
 54.284
  8.329
 51.558
  2.697
 10.812
 47.375
 54.974
  3.497
  2.627
 25.269
 51.551
 47.284
 54.805
 36.497
 35.236
 21.774
 34.446
 30.262
 39.748
 34.923
 30.404
 35.410
 32.410
 34.623
 28.891
 35.125
 32.696
 25.046
 31.390
 14.057
 34.057
 32.138
 31.778
 38.754
 29.373
 30.001
 34.745
 30.296
 32.329
 24.037
 31.307
 33.222
  4.235
 31.163
  2.606
  9.899
 18.830
  9.062
 13.212
  1.000
 27.650
 36.536
 15.720
  1.000
  1.000
 30.335
  1.808
 14.826
  5.832
 33.587
 17.233
  2.685
  1.000
  1.808
  1.813
 28.487
  2.615
  1.000
  1.000
  1.000
  1.000
  5.029
  1.806
  2.653
  2.659
