  1.000
  1.000
  4.641
 13.805
 11.082
  1.905
 10.194
 15.612
 26.701
 23.830
  9.309
 23.814
  6.430
 11.888
  8.262
  1.000
  8.382
 10.075
  2.811
 14.702
  2.805
 16.456
 14.763
  1.901
  1.000
 14.738
  3.729
 11.059
 13.801
 14.616
  2.804
  7.324
 24.750
 22.896
  4.649
 16.499
 16.537
  2.807
  2.804
  4.620
  4.622
  1.000
 10.157
  2.808
  1.000
  7.380
 18.348
  1.000
 14.629
  6.444
  1.000
  1.000
  1.000
  1.000
  1.000
  1.000
  1.000
  1.000
  1.000
  1.000
  1.901
  1.000
  1.000
  1.000
  1.000
  1.000
  1.000
  1.000
  1.000
  1.000
  1.000
  1.000
  4.608
  1.000
  1.000
  1.000
  2.812
  1.000
  5.553
  1.000
  1.000
  4.648
  1.907
  1.000
  1.000
  3.722
  1.904
  1.000
  1.000
  1.000
  1.000
  1.000
  1.000
  4.643
  1.000
  1.000
  1.000
  1.000
  1.000
  1.000
  1.000
  1.000
  1.000
  1.000
  1.000
  1.000
  1.000
  1.000
  1.000
  1.000
  1.000
  1.000
  1.000
  1.000
  1.000
  1.903
  1.000
  1.000
  1.000
  1.000
  1.000
  1.000
  1.000
  1.000
  1.000
  1.903
  1.000
  1.000
  1.000
  1.000
  1.000
  1.000
  1.000
  1.000
  1.000
