  1.935
  2.844
  3.697
 14.947
 22.973
  1.000
  1.000
 14.081
 20.340
 15.978
 20.308
 19.475
 18.553
 20.176
 14.925
 20.237
 29.820
 18.592
 22.955
 26.510
 19.205
 17.683
 20.084
 20.319
 43.233
 19.224
 18.428
 14.127
  4.574
 34.541
  2.717
  2.838
 33.687
  1.875
  1.000
 20.864
  3.665
 18.288
  2.711
  1.000
  2.717
  1.867
  1.000
  1.867
  1.852
  1.000
 13.886
  3.556
  1.000
  5.261
  1.935
 22.141
 21.308
 22.002
 24.733
 17.600
 24.505
 19.965
 14.836
 13.895
  1.000
  6.144
  1.000
  1.000
  1.000
  1.000
  1.000
  1.000
  1.000
  4.425
  1.000
  1.000
  1.000
 26.465
 19.356
  3.558
  1.000
  3.569
 24.700
 21.756
 25.371
 23.543
 14.940
 19.088
 16.476
 15.617
  2.718
  1.857
  1.000
  2.721
  1.000
  1.000
  2.710
  1.857
  1.853
  1.000
  1.000
  1.000
  1.000
  5.306
  1.000
  2.708
  1.853
  1.000
  2.721
  1.854
  2.777
  1.887
  3.579
  2.789
  1.000
  1.867
  1.854
  7.861
  1.000
  2.793
  1.852
  1.887
  1.000
  1.000
  1.000
  1.000
  1.000
  1.000
  1.000
  1.000
  1.000
  1.851
  1.000
  1.000
  1.000
  1.000
  1.000
  1.000
  1.000
  1.000
  1.000
  5.374
  1.858
  1.000
  1.000
  1.000
  2.723
  1.000
  5.299
  6.144
  1.851
  1.000
  1.000
  1.000
