  2.781
  6.937
  6.224
 82.172
 94.503
  3.511
  2.648
 83.565
 95.056
 90.921
 94.468
 92.666
 94.139
 93.054
 81.307
 89.853
100.229
 90.782
 91.021
100.177
 86.299
 90.659
 82.915
 97.788
102.840
 84.777
 86.558
 86.428
  6.255
100.016
  6.003
  6.159
101.691
  6.036
  5.952
 96.917
 86.864
 90.686
 80.250
 61.484
 66.434
 42.350
 39.835
  1.867
 85.846
  9.024
 95.038
 86.904
 38.934
 89.166
  4.374
 91.070
 91.909
 92.618
 94.715
 89.187
101.456
 89.669
 94.453
 84.442
  7.449
 85.411
 66.902
 48.071
 77.481
 39.066
  1.000
 43.994
  1.000
 75.123
 77.236
 42.338
 75.184
 97.616
 90.681
 77.571
 72.215
 69.954
 93.792
 96.324
101.403
101.072
 94.567
 88.116
 88.048
 91.552
 77.898
 62.969
 27.764
 79.710
 71.989
 24.492
 77.747
 55.491
 57.083
 48.666
 72.805
 33.378
 56.889
 90.283
 68.523
 72.090
 78.984
 36.481
 89.337
 26.904
 32.800
 69.589
 84.182
 55.598
 67.893
 83.097
 40.882
 94.013
 53.861
 62.219
 48.816
 74.634
 81.476
 61.155
  1.000
  9.846
 49.674
  1.000
 68.791
  7.430
 19.551
 39.854
 42.184
  1.000
  1.000
  4.238
  1.000
  1.000
  7.434
  1.000
  1.000
 86.036
 62.733
  2.607
 57.947
  4.210
 86.414
 24.404
 93.588
 88.810
 51.194
  1.000
 67.859
  1.000
