  1.935
  1.975
  1.974
  1.934
  4.701
  1.000
  1.000
  1.000
  4.606
  2.809
  3.712
  4.630
  3.732
  1.913
  1.913
  3.729
  3.713
  3.721
  6.485
  4.663
  1.000
  1.901
  1.000
  2.806
  2.839
  1.000
  1.904
  1.901
  1.974
  2.828
  1.000
  1.975
  2.822
  1.000
  1.000
  1.000
  2.814
  1.000
  1.000
  1.000
  1.000
  1.000
  1.000
  1.000
  1.000
  1.000
  1.000
  1.000
  1.000
  1.000
  1.935
  6.484
  7.374
  3.709
  4.726
  2.841
  1.917
  1.000
  1.911
  1.000
  1.000
  1.000
  1.000
  1.000
  1.000
  1.000
  1.000
  1.000
  1.000
  1.000
  1.000
  1.000
  1.000
  6.455
  3.717
  1.000
  1.000
  1.000
  4.729
  1.000
  1.917
  1.000
  1.911
  1.000
  1.000
  2.808
  1.000
  1.000
  1.000
  1.000
  1.000
  1.000
  1.000
  1.000
  1.000
  1.000
  1.000
  1.000
  1.000
  1.000
  1.000
  1.000
  1.000
  1.000
  1.000
  1.000
  1.000
  1.000
  1.000
  1.903
  1.000
  1.000
  1.000
  1.000
  1.000
  1.903
  1.000
  1.000
  1.000
  1.000
  1.000
  1.000
  1.000
  1.000
  1.000
  1.000
  1.000
  1.000
  1.000
  1.000
  1.000
  1.000
  1.000
  1.000
  1.000
  1.000
  1.000
  2.812
  1.000
  1.000
  1.000
  1.000
  1.000
  1.000
  1.000
  1.000
  1.000
  1.000
  1.000
  1.000
