  8.595
  7.040
  6.267
  6.042
  6.002
  6.841
  2.673
  5.093
  2.663
 49.364
 46.743
 44.689
 48.759
 48.502
 46.897
 45.831
 47.797
 46.102
 46.910
 45.939
 45.861
 45.848
 47.177
 46.018
 45.822
 44.708
 44.855
 45.352
 44.895
 45.717
 45.630
 46.119
 46.595
 47.558
 47.681
 49.675
 46.141
 45.294
 44.549
 47.107
 39.698
 45.414
 13.881
 45.647
 43.139
 43.823
 42.120
 35.839
 43.305
 45.180
 39.398
 45.923
  5.021
 42.939
 11.470
 44.340
 42.316
 31.116
 46.269
 44.662
  6.181
 48.864
 45.713
 45.727
 44.418
 44.075
 43.430
