  2.843
  3.702
  4.577
  2.724
  1.000
  1.873
  1.000
  1.000
  1.000
 17.794
 15.200
 12.396
 21.219
 17.788
 20.279
 14.257
 19.477
 18.585
 18.539
 16.828
 17.679
 16.814
 24.622
 17.715
 16.835
 14.066
 15.037
 16.570
 17.543
 17.531
 17.460
 26.834
 16.607
 20.871
 19.264
 34.724
 25.965
  4.421
 14.792
 13.088
  1.000
 13.061
  1.000
 13.822
  2.725
  1.000
  1.857
  1.000
  2.708
  4.419
  1.855
 21.619
  1.000
  2.712
  1.000
  4.434
  2.715
  1.000
 11.275
  1.851
  2.839
 25.486
 14.198
 14.156
  8.703
  1.000
  4.419
