  1.974
  1.974
  1.974
  1.000
  1.000
  1.000
  1.000
  1.000
  1.000
  7.396
  6.473
  1.000
  4.656
  6.492
  3.776
  3.723
  3.784
  3.722
  1.000
  2.813
  1.000
  3.731
  1.000
  1.000
  2.812
  1.904
  1.000
  1.000
  1.000
  1.000
  1.000
  1.915
  1.000
  1.000
  1.000
  2.827
  1.912
  1.000
  1.000
  1.000
  1.000
  1.000
  1.000
  1.000
  1.000
  1.000
  1.000
  1.000
  1.000
  1.000
  1.000
  1.000
  1.000
  1.000
  1.000
  1.000
  1.000
  1.000
  1.000
  1.000
  1.974
  5.553
  3.716
  1.901
  1.000
  1.000
  1.000
