  3.596
  7.771
  6.225
  3.525
  3.463
 48.754
 52.516
 51.645
 52.776
 52.717
 52.475
 52.546
 51.423
 51.643
 53.084
 52.406
 52.466
 54.437
 51.515
 51.544
 51.212
 52.620
 54.682
 49.630
 51.553
 50.458
  6.253
 52.701
  6.027
  6.171
 52.753
  6.040
  5.974
 52.514
 51.041
 50.616
 44.982
 43.670
 47.058
 42.517
 35.798
  1.871
 50.805
 21.146
 52.449
 51.898
 26.890
 51.564
  6.014
 53.318
 49.919
 51.682
 50.639
 52.580
 49.493
 52.525
 49.300
 49.442
 49.533
  5.833
 51.284
 47.841
 44.413
 48.119
 42.499
  4.209
 46.028
  5.829
 49.173
 48.044
 32.717
 49.388
 55.331
 49.685
 49.221
 48.081
 46.486
