  2.791
  2.842
  3.697
  1.855
  1.000
 14.949
 20.293
 16.846
 21.178
 20.349
 17.711
 21.103
 18.363
 20.250
 27.254
 19.422
 15.194
 21.166
 20.133
 17.672
 19.199
 20.299
 37.243
 14.085
 19.306
 15.793
  4.570
 25.113
  2.718
  2.837
 24.254
  1.873
  1.000
 21.722
  5.271
 13.991
  1.000
  1.000
  2.718
  1.871
  1.000
  1.871
  2.708
  1.000
 18.171
  6.980
  1.000
  6.130
  1.935
 14.349
 14.313
 18.508
 14.224
 17.703
 13.177
 18.349
 13.037
 12.173
 14.770
  1.000
  7.845
  1.000
  1.851
  2.702
  1.852
  1.000
  2.704
  1.000
  4.427
  2.708
  1.000
  1.000
 21.173
 13.299
  6.125
  1.000
  2.710
