  1.935
  1.974
  1.972
  1.000
  1.000
  1.000
  1.000
  2.808
  2.804
  4.623
  3.732
  2.823
  2.816
  2.829
  1.903
  2.815
  6.485
  4.652
  1.000
  1.000
  1.000
  1.000
  2.824
  1.000
  1.000
  1.000
  1.972
  1.916
  1.000
  1.974
  1.908
  1.000
  1.000
  1.000
  1.000
  1.000
  1.000
  1.000
  1.000
  1.000
  1.000
  1.000
  1.000
  1.000
  1.000
  1.000
  1.000
  1.000
  1.935
  6.489
  6.462
  3.769
  3.717
  3.777
  1.902
  1.000
  1.000
  1.000
  1.000
  1.000
  1.000
  1.000
  1.000
  1.000
  1.000
  1.000
  1.000
  1.000
  1.000
  1.000
  1.000
  1.000
  5.548
  3.709
  1.000
  1.000
  1.000
