 22.950
 14.889
 28.164
 40.854
 27.408
 22.464
 24.837
 26.465
 25.653
 41.253
 45.584
 38.678
 33.377
 38.630
 19.619
 38.585
 37.465
 35.005
 37.371
 33.157
 32.459
 43.878
 22.206
 42.847
  2.615
 23.769
 13.280
 30.280
 38.838
  2.747
 34.841
 35.907
  2.744
  1.804
 26.453
  1.000
 16.609
  3.434
  2.628
  8.277
  5.024
  1.803
 30.434
  1.816
 30.236
  1.000
  1.802
  5.111
 30.443
 19.916
  1.000
 19.184
  1.000
 40.117
  2.611
 25.547
 32.739
  1.948
 24.030
 42.913
  4.354
 11.505
 12.433
  1.802
  1.000
 34.804
 20.744
  1.000
  1.817
 39.266
  4.242
  3.481
  1.813
  1.802
  1.812
  8.339
  1.817
 16.635
 27.928
  5.977
  9.917
  1.000
  1.000
  1.000
  8.287
  2.749
 10.724
 33.923
  1.000
 11.547
