 63.370
 51.591
 41.069
 66.131
 51.849
 24.375
 19.546
  6.333
 20.245
 14.324
 10.882
 22.958
 75.475
 55.534
 64.102
 67.815
 16.937
 67.797
 72.076
 52.974
 35.536
 63.314
 47.304
 54.338
 44.672
 57.508
 54.056
 58.429
 25.530
 58.416
 53.437
 59.859
 91.411
 35.609
 48.456
 83.746
 42.527
 51.411
 52.377
 63.076
 56.570
 71.549
 64.616
 56.484
 54.574
 55.886
 59.510
 21.096
 76.016
 32.219
 61.674
 34.851
 60.929
 53.659
 38.298
 52.626
 72.916
 37.276
 59.335
 45.868
 32.114
 46.698
 87.414
 29.586
 40.503
 43.156
 25.167
  3.672
  3.599
  1.895
 30.758
 29.669
 80.023
  1.000
 67.393
  2.739
  1.000
 10.646
 91.490
 46.043
 43.700
  1.000
 43.251
 54.141
 49.428
  8.745
  1.000
 22.541
  4.433
  1.000
  1.000
 84.776
 74.652
  1.895
 40.770
 80.738
 70.057
  1.851
 23.343
 58.553
 45.093
 54.144
 77.878
 54.295
 55.111
 49.881
 56.607
 49.718
 48.762
 59.399
 55.746
  5.269
 56.714
 79.761
 74.697
 74.726
 78.654
 62.520
 71.786
 72.276
  7.014
  9.614
  3.592
 56.633
 56.228
 57.630
 29.601
  1.000
 14.727
  1.000
  1.000
  1.000
  1.000
