 96.208
 92.072
 88.566
 96.691
 93.886
 65.080
  6.308
 70.771
 35.749
 35.639
 53.908
 96.546
 93.451
 95.566
 95.954
 38.248
 95.896
 95.917
 96.337
 94.919
 95.044
 91.795
 91.109
 82.417
 91.272
 65.480
 91.249
 90.459
 92.755
 99.107
 89.804
 93.192
 95.008
 89.376
 82.677
 85.007
 94.372
 89.384
 96.771
 94.186
 90.082
 92.511
 92.887
 93.253
 49.797
 93.917
 67.565
 92.062
 69.230
 92.951
 87.970
 77.146
 88.891
 95.765
 80.400
 91.272
 93.035
 89.038
 91.481
 97.822
 83.791
 89.070
 89.175
 77.109
 40.391
 72.513
 19.790
 88.226
 84.432
 95.310
 23.846
 91.310
 42.691
  2.610
 77.963
 99.355
 93.238
 90.185
  4.260
 93.806
 94.897
 94.291
 73.002
  2.642
 79.981
 62.455
  1.000
  3.486
 97.572
 91.841
 22.234
 86.480
 93.752
 91.422
 24.763
 80.980
 89.592
 88.769
 89.551
 95.740
 88.430
 87.580
 89.827
 90.484
 13.605
 47.029
 89.385
 95.103
 92.411
 92.314
 94.045
 90.615
 91.541
 95.174
 75.215
 62.417
 43.782
 91.208
 87.132
 92.231
 81.724
  1.824
 79.966
  2.620
  2.620
  2.607
  2.612
