  1.000
  1.000
  2.817
  1.000
  2.846
  2.851
  1.000
  1.921
  1.921
  1.000
  1.000
  2.822
  1.918
  2.840
  1.000
  2.829
  1.911
  2.906
  2.908
  2.893
  1.913
  3.804
  1.913
  1.974
  1.000
  1.000
  1.000
  1.907
  1.907
  1.940
  1.000
  1.000
  1.940
  1.000
  1.000
  1.000
  1.000
  1.000
  1.000
  1.000
  1.000
  1.000
  1.000
  1.000
  1.000
  1.000
  1.000
  1.000
  1.000
  1.000
  1.000
  1.000
  1.000
  1.000
  1.000
  1.000
  1.000
  1.948
  1.000
  1.000
  1.000
  1.000
  1.000
  1.000
  1.000
  1.000
  1.000
  1.000
  1.000
  1.000
  1.000
  1.000
  1.000
  1.000
  1.000
  1.000
  1.000
  1.000
  1.000
  1.000
  1.000
  1.000
  1.000
  1.000
  1.000
  1.948
  1.000
  1.000
  1.000
  1.000
