 21.642
 17.644
 14.815
 21.658
 18.746
  3.720
  1.907
  1.909
  4.837
  4.821
  4.819
 20.769
 19.802
 20.677
 21.649
  5.747
 22.588
 20.846
 19.856
 18.673
 19.562
 16.845
 26.020
 16.520
 26.114
  4.670
 26.073
 19.508
 21.515
 28.583
 12.834
 18.862
 18.254
  3.743
 14.675
 12.197
 27.276
 26.979
 26.152
 27.129
 25.122
 19.754
 26.202
 27.115
  2.883
 18.312
 11.095
 22.546
 12.912
 25.238
 21.404
 16.505
 20.479
 24.075
 15.544
 19.281
  8.335
  2.822
  6.505
 21.146
  1.000
  7.341
  5.582
  1.000
  1.902
  1.000
  1.000
  1.901
  4.659
 10.154
  1.000
  6.580
  1.000
  1.000
  2.824
 27.665
  7.443
  2.814
  1.000
  5.622
 12.010
  8.368
  1.000
  1.000
  1.000
  1.000
  1.000
  1.000
 18.361
  8.382
  1.000
  1.000
 10.975
  4.729
  1.000
  1.906
 13.317
 13.280
 13.262
 13.984
 11.291
 13.211
 13.225
 13.307
  1.000
  1.000
 13.266
 17.614
 12.988
 12.045
 16.747
  2.814
  4.671
  3.730
  1.000
  1.000
  1.000
 22.576
 20.419
 26.239
  4.639
  1.000
  1.000
  1.000
  1.000
  1.000
  1.000
