 23.513
 19.506
 16.660
 23.515
 19.721
  3.760
  4.630
  1.909
  1.911
  4.848
  4.833
  4.832
 22.643
 23.479
 20.707
 22.600
  5.762
 23.526
 22.685
 14.764
  7.497
 19.901
 18.635
 19.584
 16.894
 26.082
 18.413
 25.267
  4.688
 26.127
 20.436
 23.354
 31.390
 14.641
 20.682
 18.253
  9.313
 15.573
 15.902
 27.311
 27.032
 26.192
 27.169
 26.075
 20.720
 26.263
 27.169
  2.875
 20.120
 12.914
 23.468
 12.949
 26.176
 21.508
 17.393
 20.506
 25.010
 14.626
 20.215
  7.425
  3.730
  7.415
 22.991
  1.000
  7.349
  7.402
  1.000
  1.906
  1.000
  1.000
  1.901
  5.553
 11.053
  1.000
  5.670
  1.000
  1.000
  2.829
 32.238
  9.253
  2.820
  1.000
  6.526
 15.627
  8.372
  1.000
  1.000
  1.000
  1.000
  1.000
  1.000
 23.823
  8.377
  1.000
  1.000
 11.883
  4.724
  1.000
  1.904
 16.088
 11.291
 16.030
 19.401
 16.084
 15.955
  6.529
 15.871
 15.985
 14.136
 16.040
 15.976
  1.000
 16.018
 19.415
 14.798
 15.735
 19.424
  2.811
  4.668
  2.827
  1.000
  1.000
  1.000
 24.416
 25.029
 26.281
  4.638
  1.000
  1.000
  1.000
  1.000
  1.000
  1.000
