102.723
 99.212
 96.460
102.996
101.210
 91.415
 80.140
  6.333
 79.974
 39.917
 39.888
 57.346
103.073
101.580
101.812
102.229
 48.938
102.161
103.057
 99.717
 94.551
102.678
100.720
101.209
 99.711
 96.493
 91.241
 96.624
 68.883
 97.428
 94.906
100.634
105.510
 96.759
100.973
101.930
 96.618
 90.201
 91.424
 99.730
 96.337
103.082
 99.568
 95.450
102.204
 99.188
 99.475
 52.349
100.799
 74.309
 98.279
 77.693
 99.205
 96.046
 83.776
 95.767
102.764
 86.197
 98.394
 98.025
 95.953
 99.246
104.109
 91.424
 95.811
 96.969
 80.410
 44.554
 79.174
 19.759
 93.270
 90.340
102.312
 30.358
 98.118
 43.526
  2.618
 82.238
104.886
100.146
 97.963
  4.248
100.629
101.867
100.344
 74.466
  2.639
 87.571
 69.956
  1.000
  3.474
103.941
 97.939
 23.887
 94.056
 99.811
 99.105
 27.214
 86.663
 93.392
 89.048
 94.825
101.982
 93.373
 95.045
 92.377
 94.002
 92.848
 91.938
 95.144
 94.805
 57.859
 94.107
102.246
 97.985
 97.952
101.098
 97.492
 97.606
101.217
 82.743
 57.438
 44.535
 99.089
 95.201
 99.273
 87.672
  1.821
 86.115
  2.623
  2.627
  1.802
  2.612
