  1.871
  1.871
  6.280
 11.422
  5.453
  4.579
  2.746
  2.777
  2.776
  5.280
  7.043
 11.555
  7.101
 13.204
  1.000
  8.893
  8.820
  7.217
  6.349
  4.614
  6.213
 13.306
  1.913
 12.368
  1.000
  1.000
  1.000
  2.759
  4.517
  1.940
  6.207
  7.918
  1.940
  1.000
  1.856
  1.000
  2.704
  1.000
  1.000
  1.000
  1.000
  1.000
  1.000
  1.000
  1.857
  1.000
  1.000
  1.876
  1.000
  2.737
  1.000
  2.703
  1.000
  8.817
  1.000
  1.852
  1.000
  1.948
  1.000
  3.597
  2.726
  1.000
  2.726
  1.000
  1.000
  5.292
  1.867
  1.000
  1.000
 10.519
  1.000
  1.000
  1.000
  1.000
  1.000
  1.000
  1.000
  1.000
  1.857
  2.701
  1.000
  1.000
  1.000
  1.000
  1.000
  1.948
  1.000
  5.316
  1.000
  1.000
