 49.441
 46.226
 34.895
 55.661
 45.581
 17.755
  6.308
 20.163
 12.595
  9.148
 20.337
 58.919
 45.861
 52.875
 61.643
 14.335
 60.771
 61.610
 52.876
 49.913
 50.831
 39.375
 54.785
 45.217
 54.878
 23.782
 54.848
 49.970
 52.854
 84.195
 32.954
 44.918
 75.941
 37.019
 49.681
 46.003
 56.111
 53.017
 58.508
 57.637
 52.916
 44.945
 52.262
 53.359
 21.087
 70.769
 32.167
 52.169
 31.351
 52.243
 49.078
 38.314
 49.974
 67.584
 39.858
 52.316
 44.170
 23.514
 43.982
 78.618
 24.331
 37.046
 40.430
 25.151
  3.662
  3.591
  1.894
 29.027
 27.931
 74.681
  1.000
 64.768
  2.739
  1.000
  9.765
 84.337
 42.499
 40.146
  1.000
 40.590
 50.562
 45.927
 12.168
  1.000
 19.935
  4.414
  1.000
  1.000
 76.765
 69.400
  1.894
 39.865
 73.827
 66.543
  1.855
 25.093
 51.371
 50.519
 48.781
 74.170
 49.358
 46.026
 53.183
 53.115
  5.275
  1.853
 47.869
 75.143
 65.800
 65.765
 72.404
 55.632
 66.574
 71.329
  3.601
 13.914
  3.594
 52.180
 50.777
 52.340
 27.012
  1.000
  8.739
  1.000
  1.000
  1.000
  1.000
