  1.000
  1.000
  1.000
  2.827
  1.000
  2.849
  2.852
  1.000
  1.929
  1.929
  1.000
  1.905
  2.841
  1.923
  3.758
  1.000
  2.842
  1.919
  2.913
  2.919
  2.909
  1.909
  4.716
  1.909
  2.873
  1.000
  1.000
  1.000
  1.913
  2.819
  1.950
  1.000
  1.000
  1.950
  1.000
  1.000
  1.000
  1.000
  1.000
  1.000
  1.000
  1.000
  1.000
  1.000
  1.000
  1.000
  1.000
  1.000
  1.000
  1.990
  1.911
  1.000
  1.000
  1.990
  1.917
  1.901
  1.000
  1.000
  1.000
  1.000
  1.000
  1.000
  1.000
  1.000
  1.000
  1.911
  1.000
  1.974
  1.000
  1.000
  1.000
  1.974
  1.948
  1.000
  1.000
  1.000
  1.000
  1.000
  1.000
  1.000
  1.000
  1.948
  1.000
  1.000
  1.000
  1.000
  1.000
  1.000
  1.000
  1.000
  1.000
  1.000
  1.000
  1.000
  1.000
  1.000
  1.000
  1.954
  1.000
  1.954
  1.000
  1.917
  1.000
  1.954
  1.000
  1.000
  1.000
  1.000
  1.000
  1.000
  1.000
  1.000
  1.000
  1.000
  1.000
  1.000
  1.000
  1.000
  1.000
  1.000
  1.000
  1.000
  1.954
  1.000
  1.000
  1.000
