  2.756
 10.477
  2.748
  6.298
 15.745
  5.464
  5.446
  3.601
  3.645
  3.641
 10.464
 17.427
 11.595
  8.809
 13.267
  1.000
 14.936
  8.837
  6.355
  6.348
  4.625
 11.381
 19.419
  1.909
 19.292
  1.000
  1.000
  1.861
  2.769
 13.132
  1.950
  8.798
  8.803
  1.950
  1.000
  2.710
  1.000
  1.000
  1.000
  1.000
  1.851
  1.000
  1.000
  4.410
  1.000
  1.865
  1.000
  1.000
 15.743
  2.845
 15.738
  2.708
  1.000
  3.695
 10.510
 14.018
  5.323
  1.000
  1.858
  1.000
  1.000
  1.000
  1.000
  1.000
  1.000
 16.564
  2.732
  1.974
  2.709
  1.875
  8.744
  3.675
  7.978
  3.576
  1.875
  1.853
  6.185
  1.000
  1.877
  1.000
  1.000
  7.130
  1.851
  1.000
  2.742
 13.131
  1.853
  1.000
  1.000
  1.000
  1.000
  1.000
  1.000
  6.176
  1.000
  5.268
  1.000
  7.985
  1.000
  7.989
  2.710
  5.332
  1.000
  1.954
  3.572
 18.308
  2.708
  1.000
  1.000
 10.524
  2.732
  1.000
  1.000
  1.851
  1.000
  1.000
  1.000
  3.582
  1.865
  1.857
  1.000
  1.000
  1.954
  1.855
  9.627
  1.000
