 35.367
 68.200
 29.685
 39.663
 66.699
 35.583
 31.540
 47.107
 43.846
 38.110
 64.811
 71.060
 55.190
 48.089
 59.373
 25.411
 58.539
 49.836
 47.182
 49.586
 46.274
 48.969
 63.245
 38.585
 61.330
 15.518
 43.442
 19.817
 40.981
 61.634
  9.221
 47.375
 46.512
  8.420
  2.625
 45.437
  2.604
 40.303
 10.805
  2.655
 31.265
  1.822
  5.060
 57.889
 20.428
 50.080
  1.000
  5.023
 59.534
 16.803
 63.380
 59.252
  4.226
 16.817
 63.311
 54.321
 51.856
  1.821
 18.814
 39.407
  9.906
  1.804
 22.140
  3.469
 17.998
 69.148
 39.665
 20.753
 20.771
 33.659
 64.615
 25.674
 56.979
 47.740
 37.801
 19.714
 56.178
  1.813
 35.278
 18.147
 20.617
 50.455
 21.415
  2.609
 22.343
 61.619
 46.213
  1.819
  1.000
  7.548
 25.331
 24.675
  1.804
 50.477
  9.195
 47.983
  1.000
 53.219
  4.327
 54.894
  9.211
 61.125
  6.650
  5.250
 37.130
 73.692
 36.002
  2.609
  1.804
 56.550
  5.152
  5.843
  6.646
  3.490
  1.828
  5.863
  4.266
 28.090
 51.843
  9.199
  1.000
 29.444
  8.452
 30.546
 61.234
  1.000
