  1.923
  1.000
  7.117
 17.622
 12.274
 15.085
 13.277
 19.883
 20.806
 20.819
 24.377
 18.908
 28.608
 18.885
  7.989
  4.525
  1.923
  3.601
  2.724
  4.494
  2.720
  5.386
  3.631
  2.739
 49.214
 52.053
  2.808
 17.636
 52.237
 30.608
 43.536
  1.000
  7.275
 38.813
 40.689
 40.470
 13.919
  7.004
 20.205
 18.954
  1.000
  1.000
 18.648
  8.877
 23.411
  1.000
  1.000
 16.305
  1.000
 34.534
  1.000
  1.853
 30.816
  1.000
 15.244
  1.000
  1.000
  1.000
 45.142
 43.431
 20.074
 44.498
 46.917
 36.912
 37.505
 33.386
 40.451
 36.465
 37.142
 48.437
  1.000
 43.833
 46.198
 43.312
 43.974
 43.752
  5.337
 42.808
 13.865
 46.154
  3.614
 40.024
  1.000
  1.861
 14.882
 20.987
  1.000
 38.104
 33.203
  7.141
  1.872
  1.872
 39.310
 46.268
 49.269
 47.904
 39.520
 46.463
 40.179
 32.301
 29.588
 32.349
 42.639
 19.186
  1.863
  4.466
  1.000
 39.267
 43.473
  1.000
 34.619
 20.004
  1.000
 20.939
 49.314
  1.000
  1.863
 19.101
 40.961
 41.950
  1.000
 28.756
  1.000
 14.081
  7.050
 45.437
 42.510
 21.050
 23.584
 47.516
