  2.730
  1.000
 26.063
 46.281
 31.976
 65.158
 61.758
 76.457
 78.389
 78.499
 79.730
 78.268
 86.501
 81.887
 44.840
 38.899
  5.154
 20.805
 33.846
 48.611
 43.679
 20.934
 20.865
  9.271
 84.821
 87.544
 19.165
 56.087
 86.031
 64.462
 73.106
  2.619
 48.350
 69.343
 77.040
 75.185
 46.554
 43.092
 54.546
 77.347
  1.804
  1.000
 69.371
 23.730
 78.610
  5.034
  1.801
 81.785
  3.425
 89.198
 28.842
  5.141
 82.644
  1.804
 66.702
  1.000
  5.875
  4.269
 76.446
 73.055
 58.126
 74.900
 76.418
 70.721
 65.551
 65.566
 71.782
 69.365
 67.698
 84.093
 38.380
 70.986
 82.627
 76.273
 74.423
 74.251
 10.209
 75.902
 32.625
 79.974
 34.045
 78.927
 50.909
 62.331
 54.546
 74.697
  6.663
 80.144
 82.987
 53.041
  2.674
  2.674
 82.535
 75.830
 83.839
 75.808
 70.868
 76.922
 83.319
 82.937
 68.460
 80.426
 71.412
 74.816
 11.584
 69.671
 17.183
 82.538
 72.184
 18.849
 80.896
 63.085
  4.274
 73.038
 87.333
 25.429
 30.434
 76.295
 78.034
 81.880
 25.309
 76.675
 38.320
 67.095
 52.089
 79.162
 74.645
 60.775
 56.524
 74.597
