 15.995
 40.015
 24.143
 66.136
 24.786
 76.711
 55.313
 37.301
 48.757
 50.531
 34.747
 23.225
 53.566
 20.789
 40.507
  7.525
 72.242
 25.697
 34.420
  8.506
 23.098
 57.539
 54.782
  8.328
  7.669
 11.645
 16.381
  1.000
  1.000
 24.025
  5.080
  1.818
 46.490
 14.335
  3.500
 16.529
  1.000
 21.259
  3.532
 28.991
  1.804
 24.605
 23.918
  8.383
  1.803
 21.495
 53.673
  1.843
 14.812
 20.602
  9.166
 64.444
 45.491
  1.000
 37.646
  1.000
  5.111
 30.374
  1.000
  1.000
  1.000
  1.000
 21.383
  1.000
 22.950
 35.486
  1.843
  2.649
  1.833
  1.808
  8.288
 55.994
 55.373
  4.375
  4.312
 12.428
 31.884
 14.838
 23.954
  6.670
  1.825
  1.000
  1.000
 24.481
  3.450
 52.771
 11.654
  1.831
  5.043
  3.466
 46.003
  1.000
 47.486
 10.035
 24.723
 23.938
 64.371
 77.933
 28.952
 43.710
 24.061
 26.277
 17.362
 19.921
 13.208
  9.986
 51.369
 10.086
 34.617
 17.455
  8.463
  2.631
  1.000
 34.566
  3.444
  1.000
  1.804
 41.088
  8.264
 18.925
  1.000
  1.000
 46.227
  1.836
  6.735
  2.643
 17.228
 62.309
 25.347
 19.916
 55.221
 22.384
 56.041
 37.039
  6.764
 43.667
  1.804
 22.160
 51.959
 17.387
 11.689
 55.358
  1.000
  6.742
  9.883
  2.636
 38.906
  1.000
 42.944
  2.667
 46.363
  9.126
 39.573
  1.820
 15.724
 75.814
  1.000
  2.636
  6.829
  1.805
  3.421
  2.625
 31.053
 14.154
  1.000
 14.792
  7.515
 49.502
