  1.923
  1.000
  1.908
  2.810
  2.817
  3.857
  3.823
 10.328
 10.378
 11.293
 11.387
 10.242
 12.239
 10.215
  1.000
  1.000
  1.923
  1.000
  1.000
  1.000
  1.000
  1.927
  1.000
  1.000
  5.591
  7.397
  1.927
  2.812
 11.931
  1.000
 13.768
  1.000
  2.923
  7.352
  8.303
  3.715
  1.000
  1.000
  1.907
 10.233
  1.000
  1.000
  1.906
  2.808
 11.310
  1.000
  1.000
  9.304
  1.000
 10.991
  1.000
  1.000
  3.740
  1.000
  5.546
  1.000
  1.000
  1.000
 11.944
  9.263
  1.929
 15.593
 11.045
  3.704
 11.194
  4.668
 20.347
 10.245
  3.718
  8.295
  1.000
 18.523
 11.987
  8.259
 19.450
 15.737
  1.000
 13.859
  1.000
 11.064
  1.907
  1.000
  1.000
  1.000
  1.904
  1.000
  1.000
  1.000
  3.732
  1.000
  1.000
  1.000
  7.362
 13.822
  7.373
 14.640
  1.000
  1.901
  4.663
  2.865
  1.000
  3.770
 11.123
  1.000
  1.000
  1.000
  1.000
  3.728
 11.103
  1.000
  1.000
  1.913
  1.000
  1.000
  6.470
  1.000
  1.000
  1.913
  5.598
  7.385
  1.000
  2.807
  1.000
  2.830
  1.000
  5.608
  1.000
  1.904
  1.907
  5.592
