  1.907
  1.907
  1.000
  1.000
  1.000
  3.712
  1.000
  1.000
  1.901
  1.909
  1.000
  2.862
  1.000
  2.859
  1.000
  1.000
  2.836
  1.000
  1.000
  1.000
  1.000
  1.934
  1.000
  1.000
  1.000
  1.000
  1.000
  1.000
  1.000
  1.000
  1.000
  1.000
  1.000
  1.000
  1.000
  1.000
  1.000
  1.000
  1.911
  1.000
  1.000
  1.000
  1.000
  1.911
  1.000
  1.912
  1.000
  1.000
  1.000
  1.000
  1.000
  1.000
  1.000
  1.000
  1.000
  1.000
  1.000
  1.000
  1.000
  1.000
  1.000
  1.000
  1.000
  1.000
  1.000
  1.000
  1.000
  1.000
  1.000
  1.000
  1.000
  1.000
  1.000
  1.000
  1.000
  1.000
  1.000
  1.000
  1.000
  1.000
  1.000
  1.000
  1.000
  1.000
  1.000
  1.000
  1.000
  1.000
  1.000
  1.000
  1.000
  1.000
  1.000
  1.000
  1.000
  1.000
  1.000
  1.000
  1.907
  2.816
  1.909
  1.947
  1.947
  1.000
  1.000
  1.000
  1.000
  1.948
  1.000
  1.000
  1.948
  1.000
  1.000
  1.000
  1.000
  1.000
  1.000
  1.000
  1.000
  1.000
  1.000
  1.000
  1.000
  1.000
  1.000
  1.000
  1.000
  1.000
  1.000
  1.978
  1.000
  1.978
  1.942
  1.912
  1.000
  1.000
  1.000
  1.000
  1.942
  1.000
  1.000
  1.000
  1.000
  1.000
  1.000
  1.000
  1.000
  1.000
  1.952
  1.000
  1.952
  1.000
  2.835
  1.000
  1.000
  1.000
  1.000
  1.000
  1.000
  1.000
  1.000
  1.000
  1.000
  1.000
  1.000
  1.000
  1.000
  1.000
