  4.503
  8.893
  4.417
 10.406
  1.851
 14.974
  7.048
  6.261
  6.258
  7.154
  2.717
  3.752
  4.520
  3.744
  2.705
  1.000
 16.633
  6.180
  2.720
  3.573
  2.712
  2.797
 11.320
  1.000
  2.701
  1.000
  1.000
  1.000
  1.000
  4.451
  1.000
  1.000
  1.000
  6.168
  1.000
  1.000
  1.000
  1.000
  1.911
  2.726
  1.000
  1.857
  1.862
  1.911
  1.000
  1.912
  5.296
  1.000
  1.000
  1.000
  1.000
  6.153
  6.159
  1.000
  1.000
  1.000
  1.000
  1.000
  1.000
  1.000
  1.000
  1.000
  1.000
  1.000
  1.884
  2.760
  1.000
  1.000
  1.000
  1.000
  1.000
  3.633
  7.060
  2.728
  1.851
  2.701
  1.000
  1.000
  1.851
  1.000
  1.000
  1.000
  1.000
  1.000
  1.000
  2.712
  1.000
  1.000
  1.000
  1.000
  1.000
  1.000
  1.000
  1.857
  1.894
  1.894
  6.156
  9.697
  2.792
  4.524
  2.792
  1.947
  1.947
  2.712
  1.000
  1.861
  6.188
  2.801
  4.456
  2.715
  1.948
  1.000
  1.000
  1.000
  1.000
  1.000
  1.000
  1.000
  1.000
  1.000
  1.000
  1.000
  4.462
  1.000
  1.000
  1.000
  1.857
 12.185
  1.851
  2.831
  4.423
  2.833
  7.120
  3.616
  1.000
  5.293
  1.000
  1.000
  7.128
  3.564
  2.730
  4.439
  1.000
  1.000
  1.000
  1.000
  6.137
  1.000
  4.508
  1.000
  5.377
  1.000
  3.720
  1.000
  1.000
 14.826
  1.000
  1.000
  1.853
  1.000
  1.000
  1.000
  1.000
  2.725
  1.000
  1.000
  1.000
  3.619
