  1.000
102.088
100.275
 92.077
103.303
 99.332
 88.393
 62.417
  6.310
 77.912
 37.347
 35.725
 45.925
102.392
101.461
101.963
103.287
 40.796
103.218
103.128
 99.017
 92.839
  1.000
 88.547
 96.333
 95.499
 41.252
 93.701
 82.681
103.411
 69.715
 94.194
 96.459
 95.584
 93.714
 83.081
 87.365
 66.463
 76.150
 50.624
 52.409
  1.885
 14.780
 97.696
  2.691
 98.600
  7.513
 96.349
  1.822
 58.578
 93.843
  3.472
 97.474
102.845
 99.236
101.204
 98.055
 94.782
 90.217
 93.000
 57.268
 94.752
 94.663
 97.386
 94.316
 98.675
 99.920
 89.243
 90.149
 93.749
101.725
100.850
 94.389
 98.743
 97.234
 99.982
 51.496
 99.705
 70.235
 98.056
 72.794
 97.992
 94.971
 79.516
 93.758
 85.118
 98.777
 85.981
 88.188
100.422
 21.357
 97.795
  1.800
 69.447
104.958
 98.379
  3.429
 99.031
100.847
 99.566
  1.819
 83.625
  1.000
104.000
 97.676
 99.300
 24.698
 84.696
 94.684
 85.924
 93.722
100.648
 93.019
 94.382
 93.416
 94.323
 92.640
 91.720
 95.604
 93.599
 58.662
 95.537
101.822
 98.480
 97.588
101.457
 96.962
 97.054
 99.142
 75.831
 96.814
 94.927
 86.600
 85.673
  1.000
  1.806
