  1.000
 51.057
 47.050
 33.767
 56.417
 40.326
 14.954
 15.131
  6.310
 16.689
 11.730
  9.996
 22.062
 60.519
 46.590
 50.106
 58.910
 15.199
 57.220
 55.441
 44.206
 30.203
  1.000
 19.322
 41.216
 22.643
  4.538
 36.856
 29.544
 75.742
  2.731
 33.364
 34.462
 32.833
 48.428
 29.448
 23.497
  3.569
 22.616
  6.160
  1.853
  1.885
  1.868
 50.898
  1.885
 42.283
  1.868
 43.038
  1.000
  3.592
 49.973
  1.000
 55.160
 50.156
 40.203
 48.785
 36.653
 56.703
 52.324
 56.588
 24.557
 57.496
 52.469
 52.666
 31.866
 42.164
 79.137
 51.418
 46.305
 54.903
 58.562
 57.728
 54.752
 41.354
 54.975
 56.045
 21.086
 68.171
 31.366
 56.563
 33.988
 54.877
 54.457
 39.097
 50.829
 33.808
 54.098
 25.259
 22.791
 72.972
  1.000
 55.289
  1.000
  9.748
 87.404
 40.964
  1.000
 39.477
 45.103
 44.791
  1.000
 16.447
  1.000
 79.017
 67.623
 73.520
  1.000
  7.035
 50.807
 38.130
 47.242
 76.580
 49.940
 47.226
 41.080
 48.794
 43.746
 45.323
 52.465
 50.532
  7.830
 52.444
 78.520
 70.183
 67.613
 74.846
 46.009
 58.635
 62.574
  3.595
 53.824
 55.284
 28.729
  8.704
  1.000
  1.000
