  1.000
 19.794
 17.626
 12.878
 21.564
 18.652
  4.651
  3.725
  1.907
  1.907
  4.837
  4.823
  4.821
 18.910
 18.829
 19.635
 20.636
  5.752
 19.764
 19.840
 10.250
  4.809
  1.000
  4.629
  5.583
  3.728
  1.907
  5.566
  1.000
 18.340
  1.000
  5.518
  4.788
  4.803
 20.577
 11.050
  1.000
  1.000
  1.000
  1.000
  1.000
  1.000
  1.000
  6.520
  1.000
  6.523
  1.000
  4.736
  1.000
  1.000
 17.000
  1.000
 27.161
 18.887
 17.658
 17.602
 15.891
 25.213
 18.434
 24.296
  4.673
 26.098
 18.559
 21.388
  9.147
 16.970
 15.526
 14.701
 13.197
 25.273
 26.148
 27.131
 24.248
 16.965
 28.027
 27.156
  2.869
 18.313
 13.830
 25.237
 14.767
 26.155
 21.467
 15.605
 19.542
 11.015
 18.377
  1.000
  4.654
 10.173
  1.000
  6.585
  1.000
  2.823
 28.418
  2.820
  1.000
  5.606
  8.370
  6.543
  1.000
  1.000
  1.000
 15.558
  8.386
  6.428
  1.000
  1.000
 17.002
 12.162
 16.926
 16.640
 16.099
 16.824
  5.615
 16.759
 16.005
 14.159
 16.953
 15.964
  1.000
 16.032
 16.630
 12.947
 14.788
 17.549
  1.905
  3.757
  2.827
  1.000
 21.616
 24.104
  4.652
  1.000
  1.000
  1.000
