  1.000
  1.000
  1.000
  1.000
  1.000
  1.000
  1.000
  1.000
  1.000
  1.000
  1.000
  1.000
  1.000
  1.000
  1.000
  1.000
  1.905
  1.000
  1.000
  1.905
  2.810
  1.000
  1.000
  2.828
  1.000
  1.000
  1.000
  4.663
  4.692
  1.000
  1.000
  3.746
  1.000
  3.752
  1.000
  1.000
  1.000
  1.000
  1.000
  1.000
  1.903
  1.000
  1.000
  1.000
  1.903
  1.000
  1.000
  1.000
  1.000
  1.000
  1.000
  1.000
  4.655
  3.708
  3.800
  4.709
  1.000
  1.000
  1.000
  3.766
  1.901
  1.000
  1.000
  1.000
  1.000
  1.000
  1.000
  1.000
  1.000
