  1.000
 35.281
  1.000
  1.000
  1.000
  1.000
  1.000
  1.000
  1.000
  1.000
  1.000
  1.000
  1.000
  1.000
  1.000
 30.959
 37.810
 35.805
 32.818
 32.145
 32.123
 20.026
 37.106
 37.858
 35.870
 24.346
 38.385
 37.101
 38.046
 25.872
 30.243
 39.661
 34.962
 38.052
 29.743
 30.977
 28.651
 20.945
 31.658
 27.353
 27.552
 25.831
 25.698
 22.222
 32.564
 30.961
 11.575
 27.937
 18.835
 28.056
 23.901
  2.611
 16.194
 17.826
 20.318
 21.181
 22.365
 23.385
 21.773
 25.173
 12.001
  3.488
  9.128
 23.811
  3.522
  8.301
  3.481
  2.656
  2.638
