  1.000
  8.720
  1.000
  1.000
  1.000
  1.000
  1.000
  1.000
  1.000
  1.000
  1.000
  1.000
  1.000
  1.000
  1.000
  3.578
  9.740
  5.333
 12.267
 14.073
 12.378
  1.851
 14.925
 10.708
  7.026
  8.751
  6.157
 12.455
 15.079
  2.718
  7.084
 13.331
  5.300
 14.226
  1.860
  7.055
  9.618
  4.425
  3.588
  3.581
  4.518
  4.489
  1.859
  1.000
  7.104
  6.178
  1.851
  1.000
  1.000
  1.000
  1.857
  1.000
  8.137
  7.254
  8.204
  8.226
  5.354
  8.017
  7.104
  8.178
  7.128
  1.000
  1.000
  1.000
  1.000
  1.000
  1.000
  1.000
  1.000
