  1.000
  2.910
 12.468
  2.821
 12.401
 11.501
  1.962
  3.900
  1.000
  3.903
  1.000
  3.903
  1.000
  5.812
  5.819
  1.000
  1.000
  6.729
 16.134
  6.678
  1.000
  1.000
  8.344
 16.247
 15.266
  1.000
  4.649
  1.000
 15.182
 16.247
  1.994
  4.633
 15.373
 15.355
  1.962
  1.908
 16.314
  1.000
 15.296
 16.060
 15.120
  1.994
  2.804
  1.000
  1.000
 15.355
  1.000
 15.325
  3.721
 16.060
  6.622
  1.000
 16.316
 15.275
  1.000
  1.000
  1.000
  1.000
  1.000
 11.305
  8.385
 13.312
 13.244
 11.337
 13.400
 11.501
 13.436
  1.000
  2.846
  4.673
  1.000
  1.000
 12.316
  1.000
  1.905
 12.348
  1.000
  1.000
  1.000
  1.000
  1.000
  1.000
  1.000
  1.000
  1.000
  2.910
  1.905
  1.000
  1.000
  1.000
  1.000
