  1.000
  4.673
 15.950
  4.588
 14.140
 14.964
  2.836
  9.226
  1.000
  9.212
  1.000
  9.212
  1.000
 11.103
 11.117
  2.753
  1.000
 11.134
 19.579
 10.204
  1.000
  1.000
  9.238
 19.695
 17.891
  5.328
 12.592
  6.296
 17.800
 19.695
  1.994
 15.082
 19.718
 18.861
  2.841
 14.894
 18.927
  1.000
 17.931
 17.798
 17.733
  1.994
 12.422
  4.438
  1.000
 18.861
  1.872
 18.809
 18.601
 19.516
 12.739
  1.000
 18.929
 17.922
  1.000
  1.000
  1.000
  2.766
  1.895
 13.070
 13.743
 15.921
 15.864
 14.812
 16.012
 14.964
 16.047
  3.657
 12.527
 13.379
  3.636
  1.000
 15.797
  5.303
  1.905
 15.851
  6.172
  1.891
  1.000
  1.891
  1.000
  1.000
  1.000
  1.000
  1.000
  4.673
  1.905
  1.000
  1.872
  1.000
  8.719
