  1.000
  4.673
 16.796
  4.588
 16.659
 16.631
  2.836
 21.422
  1.000
 23.025
  1.000
 23.025
  1.839
 23.250
 23.287
  2.753
  1.000
 24.928
 26.858
 19.981
  1.000
  1.000
 19.832
 28.648
 24.438
 10.341
 26.806
 22.710
 20.272
 28.648
  2.808
 17.521
 27.857
 26.948
  2.841
 25.721
 28.686
  1.000
 28.496
 21.111
 26.715
  2.806
 17.425
 13.488
  1.000
 26.948
  2.721
 26.897
 25.254
 28.578
 25.808
  1.000
 28.683
 25.257
  1.000
  1.000
  1.000
  2.766
  4.370
 16.405
 16.183
 16.745
 16.681
 16.485
 16.849
 16.631
 16.887
  4.495
 15.848
 15.867
  4.474
  1.804
 16.647
 13.599
  1.905
 16.701
 14.514
  1.891
  1.000
  1.891
  1.000
  1.000
  1.000
  1.000
  1.000
  4.673
  1.905
  1.000
  1.872
  1.000
 16.138
