  1.000
  1.000
  1.000
  2.667
  5.267
  4.351
  5.288
  3.498
  1.000
  2.687
  1.830
  1.000
  4.353
  1.000
  1.000
  1.000
  2.625
  3.465
  1.817
  1.000
  1.000
  2.628
  1.000
  1.000
  2.627
  1.000
  1.000
  2.603
  1.000
  1.000
  1.000
  1.000
  1.825
  1.000
  1.825
  1.000
  1.000
  1.000
  1.000
  1.000
  1.804
  1.810
  1.810
  1.804
  1.000
  1.000
  1.000
  1.847
  1.847
  2.635
  1.000
  1.000
  2.655
  2.636
  1.000
  1.000
  1.000
  1.000
  1.000
  1.000
  1.000
  1.813
  1.000
  1.000
  1.000
  1.000
  3.522
  2.620
  1.000
  3.524
  1.823
  3.543
  1.000
  5.988
  4.336
  3.501
  5.148
  3.473
  1.823
  4.305
  2.631
  4.347
  1.813
  1.817
  1.000
  4.274
  1.873
  1.000
  4.306
  1.804
  3.432
  5.079
  1.805
  1.000
  3.457
  1.000
  1.000
  4.279
  3.436
  3.432
  1.825
  2.646
  2.615
  1.804
  1.802
  1.000
  1.000
  1.000
  1.841
  3.429
  1.000
  1.802
  1.000
  1.000
  1.000
  1.000
  1.000
  1.000
  1.822
  1.000
  1.000
  1.000
  1.822
  1.000
  1.000
  1.816
  1.000
  1.000
  1.000
  1.000
  1.000
  1.000
  1.000
  1.000
  1.000
  1.000
  1.000
  1.000
  1.000
  1.000
  1.000
