  2.000
  1.964
 17.681
 14.364
  3.736
  7.987
 70.684
113.212
105.132
104.551
108.297
 56.679
101.827
109.142
108.850
110.396
107.189
  2.705
 66.120
  1.000
 95.215
 97.388
 52.053
 86.258
 86.212
105.138
 11.682
  3.736
 14.364
 88.195
 95.990
  9.706
 13.448
  9.667
  1.853
  2.741
  1.000
  3.630
101.645
104.899
105.020
 74.580
  1.000
  6.246
  2.785
  1.000
 17.681
  1.000
  4.457
  1.000
  6.184
  1.000
 10.523
  1.000
 11.632
 88.669
  1.000
 65.612
 16.453
 99.116
 93.154
 96.061
  1.000
  1.000
 87.473
  1.000
110.016
  1.000
  5.276
102.079
 12.363
  1.000
 93.163
  9.749
  1.000
  1.000
  1.964
  1.000
 99.893
 85.246
 90.495
 84.450
  1.000
 75.701
  1.000
111.613
  2.000
110.744
 55.959
 77.245
 44.422
 85.279
 88.844
 82.572
 39.100
 94.880
 67.969
 81.891
 79.466
 99.321
 66.700
  1.000
  1.000
109.597
 59.713
  1.000
 21.548
 14.711
 38.764
  1.000
 41.309
 45.944
110.634
108.161
110.104
110.552
101.810
 91.082
104.685
 89.283
 88.982
 84.577
  1.000
104.877
101.011
 99.216
106.132
106.474
105.494
 78.618
 98.871
 93.038
 90.740
105.676
 78.473
 72.489
102.240
 86.002
 77.198
108.830
109.457
109.781
108.220
108.406
100.423
108.942
 55.690
  6.987
103.564
105.802
 85.682
 75.659
 79.101
106.956
 84.915
 89.061
  1.000
105.867
  8.739
 89.348
  1.000
111.409
100.484
103.677
 92.968
  1.000
106.655
 74.509
 14.704
 39.062
 83.614
  4.454
  2.716
  4.431
 89.109
 93.663
 93.592
110.367
 87.272
  1.000
 96.480
 55.572
 17.398
  1.000
  1.000
  1.000
 80.185
103.979
 69.893
 24.926
 95.118
  1.000
 79.838
