  2.000
  1.964
  2.931
  3.871
  2.000
  1.978
 14.636
 51.593
 35.960
 42.392
 43.397
  6.431
 37.889
 46.101
 39.621
 48.964
 37.856
  1.000
  3.728
  1.000
 15.588
 14.843
  1.903
  8.267
 10.236
 42.224
  3.737
  2.000
  3.871
 10.202
  4.621
  1.919
  3.825
  1.919
  1.000
  1.000
  1.000
  1.918
 22.743
 31.232
 14.635
  1.917
  1.000
  1.978
  1.918
  1.000
  2.931
  1.000
  1.000
  1.000
  1.000
  1.000
  1.000
  1.000
  2.862
  4.670
  1.000
  1.000
  1.000
 39.507
 26.561
  8.234
  1.000
  1.000
 22.805
  1.000
 42.360
  1.000
  1.000
 20.080
  1.000
  1.000
  3.720
  1.000
  1.000
  1.000
  1.964
  1.000
  1.000
  7.335
 15.517
 11.895
  1.000
  3.718
  1.000
 54.536
  2.000
 51.851
  4.669
  7.394
  1.905
  6.447
  4.625
 11.908
  1.901
  9.179
  4.607
 15.609
  2.812
  9.130
  1.000
  1.000
  1.000
 48.930
  1.000
  1.000
  1.000
  1.000
  1.000
  1.000
  1.000
  1.000
 50.919
 41.514
 44.303
 42.159
 15.810
 12.062
 39.712
 12.107
 13.899
 11.120
  1.000
 47.085
 36.962
 34.160
 34.204
 41.564
 36.034
  7.372
 19.123
 25.744
 10.059
 33.786
  1.944
  2.854
 30.134
 12.814
  8.360
 38.551
 32.927
 50.829
 24.708
 29.201
 32.034
 21.873
  1.000
  1.000
 37.797
 30.258
  1.915
  1.912
  1.905
 33.244
  2.806
  1.000
  1.000
 36.594
  1.000
  1.903
  1.000
 47.187
 29.320
 35.120
 10.991
  1.000
 32.905
  8.327
  1.000
  1.000
  1.902
  1.000
  1.000
  1.000
 11.006
 16.471
 11.907
 48.902
 13.750
  1.000
 22.927
  1.957
  1.957
  1.000
  1.000
  1.000
  7.397
 46.181
  8.243
  1.000
  9.164
  1.000
  1.000
