  8.608
  6.010
125.528
116.642
  9.545
 90.745
131.268
138.114
135.750
136.018
137.232
124.072
134.137
137.255
136.973
136.011
136.970
 89.934
126.050
  1.000
130.662
133.718
116.887
124.308
130.066
129.954
119.862
  9.545
116.642
129.576
133.407
 71.100
116.545
 78.457
 11.729
 10.165
  1.000
 24.759
133.911
131.430
133.029
116.902
 12.294
 84.986
 32.032
  2.607
125.528
  1.000
 10.204
108.910
 19.284
  1.000
 85.699
  5.044
123.141
126.795
  6.728
124.711
126.452
130.648
129.506
129.100
  1.000
  1.000
129.006
 60.919
135.688
  1.000
106.098
133.427
118.787
  5.086
131.915
104.901
  3.432
  1.000
  9.295
  1.000
133.042
124.157
127.702
128.460
104.775
128.133
  1.000
136.454
  8.608
136.466
125.705
128.746
120.811
120.917
126.046
123.974
126.799
127.111
126.174
131.809
122.603
132.285
118.011
  1.000
  1.000
136.031
120.255
  1.000
108.011
108.086
118.588
 69.498
124.493
118.364
136.320
135.500
135.787
137.036
134.859
131.660
134.451
130.698
131.986
127.669
  1.000
134.620
133.284
133.151
134.216
134.591
134.369
124.986
128.669
126.956
125.460
132.919
129.088
128.984
133.637
131.712
127.936
134.381
135.980
136.296
136.332
134.886
133.505
134.677
117.981
103.299
134.190
134.778
126.250
128.853
123.842
134.219
129.775
130.526
  1.000
135.658
109.231
130.024
102.346
136.272
130.229
134.309
127.814
  6.668
131.351
127.778
117.683
122.942
131.132
 93.076
 80.134
 84.017
125.519
132.473
132.499
136.174
128.615
  1.000
136.356
124.488
109.090
  1.000
  1.000
  1.000
128.186
134.595
123.137
121.227
132.616
  1.000
128.085
