 43.066
  2.797
 48.627
 48.684
 39.466
 33.641
 47.594
  1.000
 19.713
  2.788
  3.505
 58.046
 56.865
 56.823
 57.653
 57.652
 57.478
 53.596
 56.587
 56.715
 56.812
 56.242
 56.484
 54.586
 57.523
 56.703
 57.146
 57.905
 53.206
 56.781
 56.696
 56.948
 57.571
 45.523
 45.988
 50.995
 51.722
  1.801
 53.755
 51.224
 38.139
 56.567
 56.907
 52.302
 56.526
 57.270
 56.520
 54.407
 56.314
 56.401
 57.674
 55.978
 56.391
 56.369
 57.665
 55.055
 52.158
 53.801
 56.243
 56.617
 49.573
 57.638
 32.146
 44.100
 51.439
 42.038
 54.236
 56.843
