  1.913
  2.797
 19.294
 21.832
  1.000
  1.000
 15.801
  1.000
  1.000
  1.940
  1.857
 48.960
 47.797
 46.892
 49.355
 48.516
 48.353
 47.008
 45.771
 49.273
 46.817
 49.639
 46.566
 47.163
 46.712
 46.732
 47.249
 49.629
 45.792
 45.966
 47.581
 48.648
 47.601
  1.913
  5.289
 26.828
 42.657
  1.000
 45.550
 43.031
  1.853
 49.126
 47.833
 44.880
 48.239
 49.024
 45.701
 47.806
 48.908
 48.956
 49.389
 48.524
 46.426
 46.401
 48.540
 48.448
 44.737
 44.690
 49.639
 46.617
 39.567
 48.507
  1.887
 19.086
 43.182
  8.731
 46.872
 47.796
