  1.913
  1.940
  2.941
  2.919
  1.000
  1.000
  2.928
  1.000
  1.000
  1.940
  1.000
 39.295
 37.241
 37.183
 39.713
 42.411
 37.732
 27.653
 39.547
 38.718
 41.519
 39.172
 41.303
 30.460
 39.625
 40.544
 38.440
 40.863
 34.372
 40.638
 42.333
 39.851
 40.555
  1.913
  1.000
  1.000
  3.708
  1.000
 11.078
 17.396
  1.000
 37.681
 36.444
 19.222
 41.222
 37.619
 38.588
 26.643
 36.593
 35.707
 40.619
 38.873
 40.226
 41.113
 39.743
 33.512
 14.710
 13.698
 40.026
 41.312
  1.901
 42.382
  1.000
  1.000
  1.000
  1.000
 25.637
 38.172
