  3.681
  1.000
  1.000
  9.671
 65.393
 67.291
 61.362
 63.906
 71.077
 58.981
 51.761
 71.959
 67.898
  2.705
  1.000
 16.203
 79.773
 47.780
 32.768
 35.903
 39.960
  1.000
 71.511
 76.325
 64.386
  2.724
 26.578
 26.717
 33.675
 76.013
 71.146
  1.000
 73.210
  1.853
 72.389
  1.000
 74.541
 28.021
 65.047
 60.438
 75.343
 68.486
 76.218
 49.212
 75.536
 65.401
 39.923
 78.058
 71.762
 13.418
 66.517
  1.000
 80.022
 22.414
 77.761
 69.357
 73.156
 62.707
 65.535
 45.192
 69.689
 73.202
 77.898
 22.578
 72.001
 21.623
 70.186
 81.600
 68.479
 69.388
 71.966
 16.643
  1.000
 80.061
 62.456
 66.727
 62.844
 72.941
 47.887
 70.756
 68.833
 65.185
 54.692
 58.981
 65.069
 72.969
 63.925
 39.821
 75.705
 66.049
 14.664
  6.239
 85.040
  1.000
 74.001
 70.689
 13.927
  1.883
  3.587
 81.652
 46.106
 72.832
  5.383
  1.000
  3.598
  2.779
  1.000
  4.488
 20.095
 67.472
 61.001
  6.990
  1.000
  1.000
 77.920
 74.823
  1.000
  1.000
  1.883
 20.800
  1.000
  1.000
  1.000
 61.514
 54.272
  1.000
  1.000
  1.000
  1.000
 25.323
  6.217
  1.000
 60.158
 63.418
  1.000
