  1.952
  1.000
  1.000
  2.853
  6.497
  9.184
  1.903
  1.909
 16.534
 12.100
 10.207
 13.827
 13.800
  1.000
  1.000
  8.332
 35.900
  1.000
  8.433
  4.680
  1.942
  1.000
  5.570
 14.687
  6.487
  1.000
  8.389
 10.232
  9.349
 28.468
 20.130
  1.000
 11.030
  1.000
 11.112
  1.000
 18.322
  3.727
  2.810
  2.807
 18.434
 20.191
 34.004
 12.070
 20.275
  6.418
  1.000
 34.954
 25.029
  2.829
 16.529
  1.000
 18.328
  1.000
 27.601
 12.904
 27.398
 10.989
 14.698
  1.911
 26.614
 22.220
 31.284
  1.000
 17.345
  1.000
 18.201
 13.757
 15.560
 16.497
 19.139
  1.000
  1.000
 21.035
  4.641
 16.494
 13.747
 21.009
  4.634
  1.942
 11.965
  9.223
  1.000
 10.139
 22.040
 19.278
 17.401
  1.000
 26.496
  8.342
  1.000
  1.913
 35.692
  1.000
 22.951
 12.783
  1.000
  1.000
  1.000
 20.091
  1.000
 18.352
  1.000
  1.000
  1.000
  1.901
  1.000
  1.000
  1.000
 14.703
  7.372
  1.000
  1.000
  1.000
 16.612
 22.026
  1.000
  1.000
  1.000
  1.000
  1.000
  1.000
  1.000
  5.535
  5.588
  1.000
  1.000
  1.000
  1.000
  2.824
  1.000
  1.000
  1.000
  5.534
  1.000
