 63.568
  1.000
  2.620
 74.434
101.680
102.856
 86.257
 95.106
104.228
 86.573
 85.204
105.093
 99.365
 72.345
  5.832
 75.212
105.432
 80.934
 81.976
 81.115
 80.091
  1.809
 96.180
102.786
 98.977
 66.854
 78.834
 79.050
 83.655
105.827
103.377
 50.637
101.272
 64.238
 98.847
 67.556
100.044
 81.428
 93.132
 88.590
 99.185
103.116
104.258
 84.291
 99.441
 95.158
 89.315
105.507
104.060
 73.202
 97.035
 67.423
103.104
 83.701
104.309
100.718
105.477
100.618
 95.995
 79.132
102.694
105.450
106.080
 78.424
 98.448
 81.562
103.291
104.780
101.504
102.485
104.372
 75.313
 44.752
104.798
 96.319
103.068
101.567
104.427
 86.783
 89.733
 99.433
 96.456
 99.305
 98.478
103.940
104.548
101.186
 83.870
105.656
 98.279
 75.971
 72.209
104.785
 23.863
104.508
106.278
 71.533
 44.192
 50.091
102.311
 81.232
104.485
 59.268
 55.582
 65.934
 67.186
  3.428
 64.348
 64.755
102.124
 83.605
 70.233
 35.741
  1.000
 96.064
102.787
  5.859
 35.104
 26.171
 78.819
  5.050
 49.840
  1.000
 99.299
 96.137
  4.210
 59.230
  1.000
  1.000
 82.131
 68.030
  1.808
 90.658
 97.191
  1.000
