  1.000
  1.000
 21.977
 13.062
 10.226
 16.540
 15.656
  1.000
  1.000
 10.167
 37.766
  1.000
  8.466
  6.511
  1.942
  1.000
  5.591
 15.609
 13.741
  1.000
  9.334
 12.078
 10.270
 33.944
 26.531
  1.000
 13.745
  1.000
 12.936
  1.000
 21.084
  3.740
  3.716
  1.904
 21.176
 43.282
 23.001
 35.888
 13.941
 23.959
  9.136
  1.000
 37.739
 28.716
  6.464
 18.408
  1.000
 22.004
  1.000
 33.094
 22.956
 14.713
 32.003
 11.912
 11.962
 16.610
  2.817
 30.331
 25.888
 36.782
  1.000
 25.543
  1.000
 23.653
 20.104
 20.115
 17.436
 26.405
  1.000
  1.000
 25.620
  6.468
 19.233
 16.517
 23.762
  4.636
  1.942
 13.802
 10.135
  1.000
 12.890
 23.012
 19.326
 20.252
 19.240
  1.000
 27.459
 10.170
  1.000
  1.918
 39.401
  1.000
 28.407
 15.511
  1.000
  1.000
  1.000
 23.737
  1.903
 19.304
  1.902
  1.000
  1.000
  1.000
  1.000
  1.902
  1.000
 19.241
 10.146
  1.000
  1.000
  1.000
 18.486
 31.203
  1.000
  1.000
  1.000
  1.000
  1.000
  1.000
  1.000
  7.365
  8.319
  1.000
  1.000
  1.000
  1.000
  2.833
  1.000
  1.000
  1.000
  6.448
  1.000
