  1.000
  1.000
 74.751
 64.341
 60.489
 72.968
 73.410
  4.414
  1.000
 18.856
 80.811
 50.540
 40.655
 45.471
 45.147
  1.000
 77.124
 77.318
 68.200
  5.288
 31.016
 34.578
 39.764
 79.668
 73.221
  1.851
 76.025
  1.859
 74.302
  1.000
 76.486
 41.000
 66.944
 63.100
 75.512
 81.861
 75.688
 79.839
 57.260
 79.214
 67.311
 41.797
 82.558
 76.269
 16.951
 68.582
  3.561
 82.865
 32.742
 79.755
 82.049
 71.210
 76.847
 64.569
 75.171
 67.679
 51.404
 74.304
 73.404
 79.858
 31.238
 74.040
 30.236
 71.288
 85.312
 71.207
 72.084
 75.653
 21.023
  1.000
 81.201
 68.736
 68.608
 67.519
 75.657
 52.272
 72.658
 73.309
 67.005
 59.177
 61.897
 66.972
 75.740
 75.621
 65.781
 53.829
 81.080
 69.662
 23.249
  8.829
 85.312
  1.853
 75.090
 73.491
 18.298
  1.889
  3.591
 83.647
 58.360
 79.028
  5.391
  1.000
  3.604
  2.708
  1.000
  5.358
 21.916
 71.106
 71.048
  7.894
  1.000
  1.000
 79.939
 79.582
  1.000
  1.000
  1.889
 29.403
  1.000
  1.000
  1.000
 62.604
 58.064
  1.000
  1.855
  1.000
  1.000
 42.531
  6.226
  1.000
 62.949
 64.411
  1.000
