  1.801
  3.439
105.408
 87.730
 86.345
105.310
100.752
 74.862
  9.877
 76.595
104.850
 83.739
 84.154
 82.333
 81.908
  1.809
 98.450
101.362
100.438
 69.564
 81.755
 82.894
 84.001
104.546
103.909
 61.355
100.819
 71.066
 99.929
 68.450
 98.749
 83.629
 95.047
 89.626
 98.586
104.997
102.059
102.941
 87.339
 98.977
 96.314
 92.146
104.175
104.377
 77.065
 99.958
 73.814
102.642
 87.323
103.038
 99.305
100.153
105.069
100.904
 99.897
 97.445
 84.426
103.205
104.908
105.587
 80.492
101.313
 83.619
103.648
104.328
100.984
101.926
104.755
 78.232
 51.368
103.540
 98.418
103.364
100.596
103.841
 87.883
 90.011
 98.962
 95.892
 98.936
101.456
103.448
104.048
103.930
102.208
 87.780
105.188
 98.622
 80.347
 76.087
104.289
 32.794
103.231
105.022
 74.499
 50.036
 54.959
102.635
 84.216
104.795
 60.995
 59.217
 66.954
 69.746
  5.035
 68.828
 66.818
102.442
 87.681
 74.677
 39.877
  1.000
 97.249
102.612
  9.930
 44.930
 35.954
 81.646
  5.877
 57.316
  1.000
 98.869
 96.797
  8.235
 64.579
  1.000
  1.000
 84.324
 68.216
  1.806
 91.888
 97.475
  1.000
