153.193
151.550
  1.800
  1.800
161.170
151.695
150.593
149.520
155.691
152.750
149.722
155.459
149.274
161.922
157.546
157.674
147.686
151.494
157.593
158.595
148.388
150.811
162.015
146.721
163.627
158.032
158.471
149.882
132.449
158.374
161.362
 18.893
150.189
160.893
143.369
153.144
158.121
156.120
158.477
147.526
160.871
143.613
143.230
164.674
159.814
154.639
146.788
164.011
145.149
151.709
 86.296
128.968
155.200
161.136
 45.456
147.078
140.013
160.941
154.191
161.819
163.406
131.941
163.311
157.146
151.502
 20.658
105.378
156.432
139.786
129.633
151.003
137.987
117.297
160.759
163.011
144.895
148.200
128.247
153.686
152.962
145.273
155.036
 21.290
150.083
152.096
157.564
142.699
144.872
145.209
154.655
145.545
145.676
136.992
162.658
116.587
123.204
146.388
149.932
164.700
126.263
130.674
 19.595
125.004
123.652
 19.225
120.496
158.108
132.371
153.193
160.932
101.934
 91.200
146.753
160.031
161.724
110.562
160.322
113.972
159.544
156.804
 82.818
156.780
159.439
163.802
160.038
161.434
160.017
163.399
161.448
158.253
133.242
163.085
138.757
162.694
161.858
158.551
163.489
156.361
155.560
161.425
161.594
163.513
116.346
165.764
162.826
135.567
  2.604
164.234
158.534
158.524
161.966
151.204
151.388
157.799
156.525
152.388
156.009
159.499
162.197
162.300
157.852
148.487
166.224
159.357
134.334
 59.687
160.558
162.228
131.393
 80.608
163.333
152.901
164.577
 82.376
103.859
 91.722
 37.307
  1.000
 99.980
123.465
158.104
135.290
 51.289
  1.000
162.403
162.149
  5.863
 74.049
 23.673
133.660
  1.000
 87.014
  1.000
154.268
157.161
 35.651
 12.330
  1.000
  1.000
101.184
  4.211
147.581
157.628
  1.000
