124.282
120.102
  1.000
  1.000
130.647
120.989
118.171
114.566
129.199
121.279
108.896
122.375
117.590
136.178
129.528
128.805
113.713
114.999
123.658
132.207
105.907
113.392
130.636
 91.693
136.281
128.170
122.783
124.321
 28.790
133.653
135.710
  1.854
117.728
137.721
105.112
130.888
133.420
127.853
126.187
120.237
136.910
 94.495
100.006
137.357
131.615
126.641
120.351
133.415
 79.947
101.907
  7.873
 34.130
125.247
125.469
  5.305
116.455
 69.297
130.261
118.360
130.252
129.515
 46.417
135.257
122.463
125.144
  1.867
 10.522
131.729
 89.704
 48.202
121.159
 73.701
 11.360
125.062
139.898
107.482
119.227
 47.188
117.076
123.260
117.033
122.653
  1.000
123.495
124.081
129.531
 69.842
109.189
 90.314
134.781
101.561
110.037
 84.364
133.691
 20.208
 11.338
117.291
108.469
136.590
 38.801
 38.417
  1.000
 18.208
 21.826
  7.037
 26.285
127.436
 20.766
124.282
122.720
  2.713
  1.000
 99.352
133.697
133.508
 13.849
131.304
  6.139
128.055
126.255
  1.000
135.301
137.168
141.473
131.920
138.268
137.813
140.136
139.941
130.104
 32.704
133.232
 63.401
139.343
140.408
123.651
131.327
108.125
125.850
135.007
132.473
140.245
 13.948
138.424
133.034
 75.550
  1.000
133.663
127.950
124.504
132.231
113.984
128.185
127.981
125.078
101.920
111.019
122.939
133.985
132.358
114.624
111.928
134.713
127.090
 46.599
  5.276
133.240
124.247
 59.061
  5.317
138.458
128.154
131.407
  5.420
  1.000
  5.357
  1.000
  1.000
  5.377
 40.930
122.523
 50.067
  1.000
  1.000
134.999
137.360
  1.000
  1.000
  1.000
 77.066
  1.000
  1.000
  1.000
105.224
109.865
  1.000
  1.000
  1.000
  1.000
  6.277
  1.000
105.129
127.022
  1.000
