 29.870
 28.757
  1.000
  1.000
 38.187
 27.034
 25.166
 26.076
 37.190
 29.032
 27.276
 29.024
 28.018
 64.476
 31.745
 32.698
  7.384
 29.031
 41.175
 45.638
 25.380
 29.029
 57.813
 22.483
 68.009
 45.835
 46.565
 26.724
  1.000
 38.486
 69.816
  1.000
 31.805
 58.842
 12.970
 31.337
 35.360
 30.030
 33.752
  5.572
 57.036
  6.434
  1.945
 81.577
 31.235
 23.035
 27.485
 54.103
 19.368
 17.367
  1.000
  2.831
 38.245
 41.202
  1.000
  9.231
  1.921
 54.082
 37.681
 46.626
 56.767
  7.494
 63.373
 12.819
 17.646
  1.000
  1.000
 36.800
  6.473
  7.487
 28.465
  9.402
  1.000
 30.945
 69.144
  6.492
  5.546
  7.439
 24.787
 15.659
  1.902
 33.014
  1.000
 35.902
 11.174
 27.602
  2.817
  8.259
  1.920
 33.817
  2.820
 11.071
 10.128
 60.791
  4.667
  1.000
  9.198
  3.733
 66.212
  1.000
  4.697
  1.000
  1.000
  2.859
  1.000
  3.796
 53.759
  1.000
 29.870
 41.147
  1.000
  1.000
  7.359
 36.754
 59.442
  1.000
 56.783
  1.000
 30.248
 20.187
  1.000
 49.403
 52.612
 75.797
 51.463
 70.903
 47.071
 71.870
 65.527
 46.824
  1.000
 71.306
  1.000
 69.923
 72.377
 43.817
 56.896
 30.134
 24.779
 59.778
 58.061
 72.808
  1.000
 74.007
 53.967
  3.710
  1.000
 61.285
 34.676
 43.993
 60.453
 11.024
  6.465
 26.636
 29.280
  1.913
 28.516
 47.780
 57.592
 54.078
 40.321
  5.542
 67.877
 27.524
  1.000
  1.000
 62.342
 32.891
  1.902
  1.000
 71.270
 23.770
 49.526
  1.907
  1.000
  1.000
  1.000
  1.000
  1.000
  1.000
 40.221
  1.000
  1.000
  1.000
 61.576
 66.215
  1.000
  1.000
  1.000
  1.000
  1.000
  1.000
  1.000
 25.554
 23.038
  1.000
  1.000
  1.000
  1.000
  1.907
  1.000
  1.000
 39.192
  1.000
