 12.347
 14.040
 17.985
 12.319
 18.814
  5.260
  7.972
  3.608
 13.437
 16.903
  9.667
 18.628
 17.747
 19.736
 16.025
  3.573
 10.473
 11.337
  1.861
 16.670
  1.000
 14.333
  9.851
 14.041
  7.903
  3.571
 11.459
  1.000
  1.000
  1.000
 13.998
 17.515
 22.852
 25.526
  9.692
 10.519
  7.103
 10.519
 20.320
 23.904
 27.607
  1.857
 13.241
 27.621
 16.555
 25.099
  7.092
 24.568
 22.171
 12.249
 18.401
 19.225
 17.780
 16.585
 18.676
 17.480
 25.837
 15.869
 11.351
 16.845
  7.866
 14.257
 16.618
  6.119
  4.569
  4.572
  5.460
  4.466
  2.728
  1.869
  5.348
  1.875
  2.755
  1.879
