 19.899
 33.992
 21.325
 19.755
 22.139
 17.704
 21.150
 20.167
 20.124
 21.094
 22.112
 24.372
 21.911
 25.471
 20.171
 20.023
 19.561
 19.676
  4.319
 20.801
  8.328
 21.006
 21.417
 19.889
 19.606
 10.152
 20.514
  1.000
  1.804
  1.825
 28.150
 33.284
 33.651
 34.689
 28.752
 34.596
 28.618
 31.324
 35.316
 36.350
 35.074
 17.417
 31.440
 37.556
 33.998
 36.732
 26.967
 35.418
 37.869
 29.617
 35.894
 34.088
 35.210
 34.881
 34.433
 31.673
 38.290
 33.290
 33.647
 34.974
 25.270
 34.029
 35.634
 30.915
 24.180
 28.375
 30.321
 10.991
 29.086
 22.153
 28.322
  2.721
  2.755
  2.724
