  2.834
  1.000
  8.364
  1.911
  6.562
  1.000
  2.814
  1.000
  5.585
  3.753
  1.000
  5.579
  7.386
  7.446
  5.589
  1.000
  1.000
  1.000
  1.000
  1.000
  1.000
  6.484
  3.748
  1.000
  1.000
  1.000
  2.807
  1.000
  1.000
  1.000
  1.909
  1.921
  3.726
  3.745
  1.909
  1.901
  2.809
  1.000
  6.457
  7.372
  9.271
  1.000
  1.000
  8.389
  1.000
 10.257
  1.000
  1.000
  5.577
  1.000
  1.000
  1.000
  4.636
  1.000
  6.472
  1.000
  7.457
  1.000
  1.000
  4.642
  1.000
  2.839
  1.000
  1.000
  2.852
  2.864
  2.870
  1.000
  1.000
  1.000
  1.000
  1.000
  1.000
  1.000
