The variance-covarucance matrix = 
   1.000   -0.359    0.086   -0.275    0.282   -0.227    0.255   -0.269    0.042   -0.114    0.708   -0.268    0.052   -0.265 
  -0.359    1.000   -0.147    0.126   -0.360    0.536   -0.194    0.539   -0.251    0.097   -0.267    0.822   -0.096    0.113 
   0.086   -0.147    1.000   -0.405    0.095   -0.272    0.298   -0.210    0.210   -0.250    0.033   -0.104    0.671   -0.275 
  -0.275    0.126   -0.405    1.000   -0.118    0.125   -0.342    0.523   -0.185    0.492   -0.212    0.072   -0.279    0.829 
   0.282   -0.360    0.095   -0.118    1.000   -0.392    0.062   -0.256    0.288   -0.222    0.190   -0.238    0.084   -0.107 
  -0.227    0.536   -0.272    0.125   -0.392    1.000   -0.089    0.077   -0.357    0.555   -0.129    0.472   -0.258    0.112 
   0.255   -0.194    0.298   -0.342    0.062   -0.089    1.000   -0.429    0.027   -0.230    0.291   -0.208    0.227   -0.236 
  -0.269    0.539   -0.210    0.523   -0.256    0.077   -0.429    1.000   -0.045    0.045   -0.343    0.558   -0.160    0.473 
   0.042   -0.251    0.210   -0.185    0.288   -0.357    0.027   -0.045    1.000   -0.394   -0.000   -0.217    0.245   -0.175 
  -0.114    0.097   -0.250    0.492   -0.222    0.555   -0.230    0.045   -0.394    1.000   -0.034    0.054   -0.334    0.543 
   0.708   -0.267    0.033   -0.212    0.190   -0.129    0.291   -0.343   -0.000   -0.034    1.000   -0.392    0.026   -0.225 
  -0.268    0.822   -0.104    0.072   -0.238    0.472   -0.208    0.558   -0.217    0.054   -0.392    1.000   -0.045    0.054 
   0.052   -0.096    0.671   -0.279    0.084   -0.258    0.227   -0.160    0.245   -0.334    0.026   -0.045    1.000   -0.379 
  -0.265    0.113   -0.275    0.829   -0.107    0.112   -0.236    0.473   -0.175    0.543   -0.225    0.054   -0.379    1.000 
The presicion matrix =
   0.000    0.000    0.000    0.000    0.000    0.000    0.000    0.000    0.000    0.000    0.000    0.000    0.000    0.000 
   0.000    0.000    0.000    0.000    0.000    0.000    0.000    0.000    0.000    0.000    0.000    0.000    0.000    0.000 
   0.000    0.000    0.000    0.000    0.000    0.000    0.000    0.000    0.000    0.000    0.000    0.000    0.000    0.000 
   0.000    0.000    0.000    0.000    0.000    0.000    0.000    0.000    0.000    0.000    0.000    0.000    0.000    0.000 
   0.000    0.000    0.000    0.000    0.000    0.000    0.000    0.000    0.000    0.000    0.000    0.000    0.000    0.000 
   0.000    0.000    0.000    0.000    0.000    0.000    0.000    0.000    0.000    0.000    0.000    0.000    0.000    0.000 
   0.000    0.000    0.000    0.000    0.000    0.000    0.000    0.000    0.000    0.000    0.000    0.000    0.000    0.000 
   0.000    0.000    0.000    0.000    0.000    0.000    0.000    0.000    0.000    0.000    0.000    0.000    0.000    0.000 
   0.000    0.000    0.000    0.000    0.000    0.000    0.000    0.000    0.000    0.000    0.000    0.000    0.000    0.000 
   0.000    0.000    0.000    0.000    0.000    0.000    0.000    0.000    0.000    0.000    0.000    0.000    0.000    0.000 
   0.000    0.000    0.000    0.000    0.000    0.000    0.000    0.000    0.000    0.000    0.000    0.000    0.000    0.000 
   0.000    0.000    0.000    0.000    0.000    0.000    0.000    0.000    0.000    0.000    0.000    0.000    0.000    0.000 
   0.000    0.000    0.000    0.000    0.000    0.000    0.000    0.000    0.000    0.000    0.000    0.000    0.000    0.000 
   0.000    0.000    0.000    0.000    0.000    0.000    0.000    0.000    0.000    0.000    0.000    0.000    0.000    0.000 
The inverse matrix of the presicion matrix =
   1.200   -0.159    0.019   -0.075    0.082   -0.062    0.055   -0.099    0.015   -0.038    0.508   -0.133    0.015   -0.065 
  -0.159    1.200   -0.039    0.116   -0.160    0.336   -0.073    0.339   -0.053    0.123   -0.145    0.622   -0.031    0.105 
   0.019   -0.039    1.200   -0.205    0.015   -0.072    0.098   -0.076    0.028   -0.097    0.019   -0.036    0.471   -0.148 
  -0.075    0.116   -0.205    1.200   -0.032    0.119   -0.142    0.323   -0.053    0.292   -0.064    0.116   -0.148    0.629 
   0.082   -0.160    0.015   -0.032    1.200   -0.192    0.015   -0.056    0.088   -0.068    0.046   -0.098    0.013   -0.032 
  -0.062    0.336   -0.072    0.119   -0.192    1.200   -0.038    0.140   -0.157    0.355   -0.060    0.272   -0.060    0.127 
   0.055   -0.073    0.098   -0.142    0.015   -0.038    1.200   -0.229    0.011   -0.047    0.091   -0.078    0.048   -0.095 
  -0.099    0.339   -0.076    0.323   -0.056    0.140   -0.229    1.200   -0.032    0.128   -0.143    0.358   -0.059    0.273 
   0.015   -0.053    0.028   -0.053    0.088   -0.157    0.011   -0.032    1.200   -0.194    0.012   -0.042    0.045   -0.061 
  -0.038    0.123   -0.097    0.292   -0.068    0.355   -0.047    0.128   -0.194    1.200   -0.034    0.106   -0.134    0.343 
   0.508   -0.145    0.019   -0.064    0.046   -0.060    0.091   -0.143    0.012   -0.034    1.200   -0.192    0.014   -0.054 
  -0.133    0.622   -0.036    0.116   -0.098    0.272   -0.078    0.358   -0.042    0.106   -0.192    1.200   -0.029    0.103 
   0.015   -0.031    0.471   -0.148    0.013   -0.060    0.048   -0.059    0.045   -0.134    0.014   -0.029    1.200   -0.179 
  -0.065    0.105   -0.148    0.629   -0.032    0.127   -0.095    0.273   -0.061    0.343   -0.054    0.103   -0.179    1.200 
The Sparse structure of the time series is (the non-zero value of the matrix)
