  0.1125   1.1105 
  1.6019  -0.4311 
  0.0313   0.8001 
 -0.8589   0.3867 
 -0.6329   0.1478 
 -0.5554  -0.3053 
 -0.9073   0.7762 
  0.1619   0.8587 
  0.2886   0.9619 
 -0.8164   1.3619 
 -0.7459  -0.2235 
 -1.1528   0.9073 
  0.1440   0.7083 
  0.3832   0.7434 
 -0.0573   0.5920 
 -0.8330   0.4301 
  0.7181  -0.4671 
 -0.6224   0.6454 
 -0.2129   0.8381 
 -1.0773  -0.1614 
 -0.8705   0.1510 
 -0.5152   0.8373 
 -0.4831  -0.6614 
 -0.0479  -0.2015 
  0.3189   0.7508 
  0.9256  -0.7147 
  0.2034  -0.3608 
 -0.1309  -0.6784 
  1.2456   0.1832 
  1.0275  -0.5884 
  1.5113  -1.1557 
  0.2228  -1.2049 
 -0.0053  -0.8415 
  0.9070  -0.1945 
  0.7250  -0.3629 
  0.5767  -1.0280 
  1.6170  -1.4608 
  0.0069  -1.2486 
  0.8960  -0.3495 
  0.3440   0.8497 
  0.1080  -0.6836 
 -0.4800   0.1110 
 -0.4034  -0.4210 
 -0.4023  -0.1764 
 -0.2560   0.1467 
 -1.0616   0.0790 
 -0.0897   0.5317 
 -0.7285   0.5133 
 -1.1638   1.4627 
 -0.6224   0.6028 
 -1.4082   0.4167 
 -0.0987   0.2822 
 -0.3153   0.7060 
  0.0090   1.1936 
 -1.2070   1.2542 
 -0.9649  -0.5550 
  0.0944  -0.5258 
 -0.3998   1.1678 
  0.6621   0.8928 
 -1.0527   0.3737 
 -0.3571  -0.0252 
 -0.9730   0.3900 
 -0.6325   1.1814 
 -0.4142   0.9928 
 -0.7653  -0.5369 
 -0.9488   0.6403 
  0.4824   0.0979 
  0.2360   0.3300 
 -0.4643  -0.5255 
  0.1957   0.5892 
 -0.3794   0.3427 
  1.1078  -0.8301 
 -0.3905  -0.7988 
  0.6780  -0.5897 
  0.7016  -0.4231 
  1.4073  -1.3571 
  1.1122  -1.9956 
  1.6595  -0.8497 
  1.4758  -0.0503 
  1.0619  -0.3748 
  0.5778  -0.7801 
  1.3013  -1.3386 
  0.4201  -0.9272 
  0.9089  -0.3488 
  0.6714  -0.4433 
  0.7692  -1.1285 
 -0.0849  -0.3184 
 -0.5471  -0.1953 
 -0.2721  -0.3236 
 -0.7684   0.8256 
 -0.8395  -0.3443 
 -1.3715   0.9704 
 -1.5138   1.2665 
  0.2166   0.6887 
 -1.0582   0.4558 
 -1.2898   0.0965 
  0.5051   0.4897 
 -0.7673   1.1416 
  0.7238   0.8661 
 -1.2198   1.5129 
 -0.6937  -0.1680 
  0.1445   0.0375 
 -0.0937   1.2821 
 -0.2424   1.3558 
 -0.4252   0.5191 
 -1.1623   0.1103 
  0.0532  -0.0905 
 -0.2429   0.6677 
 -0.2965   1.1849 
 -0.0351  -0.6839 
 -0.4761  -0.0106 
 -1.6474   1.5527 
 -0.3491   0.0474 
 -0.2941  -0.8282 
 -0.0782   0.2450 
  0.5053   0.1212 
 -0.0564  -0.2332 
  0.4707  -0.6380 
  1.2219  -0.2640 
  0.5091  -0.4252 
  1.2655  -0.7612 
  0.9951  -1.6095 
 -0.0253  -1.3422 
  0.7210   0.2144 
  0.5523   0.4206 
  0.5709  -1.8764 
  0.7863  -1.7705 
 -0.5765  -0.9534 
  0.9904   0.0190 
  0.0735  -0.6631 
  0.8842  -0.6087 
 -0.6350   0.8127 
 -0.7025  -0.9148 
 -0.5765  -0.3690 
 -0.6485   0.5367 
 -0.7317  -0.1111 
 -0.2287   0.9422 
 -1.6478   1.0064 
 -0.7815   0.2231 
  0.1112   0.7997 
 -0.5784  -0.0236 
 -0.8998   0.2198 
 -0.1549   0.9537 
 -0.0853   0.9693 
  0.1026   1.8776 
 -1.3155   0.2032 
  0.9204  -0.7450 
  0.2275   0.9833 
 -0.0728   1.1074 
 -0.4602   0.9894 
 -1.3300   0.4694 
 -0.1336   0.3265 
 -0.1936   0.2919 
  0.2739   0.3268 
 -0.8554   0.5482 
 -0.8770  -0.3795 
 -0.3826   0.4141 
 -0.3134  -0.5158 
  0.1409  -0.4500 
  0.3751  -0.6240 
  0.6832  -0.5577 
  0.4603  -0.8866 
  0.1087  -1.0591 
  0.3733  -0.1480 
  0.7800  -0.1409 
  1.1110  -1.5261 
  0.7099  -1.5827 
  0.5348  -1.6127 
  2.4815  -0.4597 
  0.6798   0.5464 
  0.3143  -2.3525 
  0.8436  -2.0145 
 -0.0508  -0.9016 
  1.4269  -0.3933 
  0.9026  -0.2885 
 -0.1896  -0.8978 
  1.1449  -0.8434 
 -0.9808  -0.4771 
 -0.1003   0.7626 
 -0.4415  -0.0913 
 -0.3397   0.0123 
 -1.3993   1.2897 
 -1.0975   0.7519 
 -1.1797   1.0326 
 -1.6308   1.1893 
 -1.3647   0.4449 
  0.5354   0.0724 
  0.0279   0.9723 
  0.5338   1.1496 
 -0.3323   1.5631 
 -0.9745  -0.4935 
 -1.9076   0.6811 
  0.6571   0.7678 
  0.7286   0.3654 
 -0.5874   0.6644 
 -0.7672  -0.2758 
 -0.9220   0.3983 
 -0.8630   1.2711 
  0.5177   0.2808 
 -0.2483   0.2844 
 -0.6981   0.1028 
 -0.3615   0.5142 
 -0.1578  -0.5697 
  0.0118  -0.3371 
 -0.1204   0.7964 
  0.0093  -0.6689 
 -0.0959  -0.2041 
  0.3375  -1.1313 
  1.4925  -0.3737 
  0.5511   0.4051 
  1.0584  -0.9054 
 -0.2420  -0.6499 
 -0.2667  -0.7186 
  2.2315  -0.8883 
  0.8938   0.0240 
  0.3028  -0.7186 
  1.5498  -1.4427 
  0.4230  -0.6203 
  0.8511  -0.2879 
  0.0734  -1.0694 
 -0.0090   0.4005 
  1.2527  -0.4710 
 -1.0834  -0.8462 
 -0.7031   0.1354 
 -0.6527   0.5507 
 -0.7634   0.6242 
 -0.0830   0.6857 
 -0.5281   0.6483 
  0.5879   1.0939 
 -1.7689   0.3295 
 -0.9798  -0.1227 
 -0.0161   0.2842 
  0.6318   0.5898 
  0.2958   0.5536 
  0.3678   1.5364 
 -1.0716  -0.2407 
  0.7224  -0.3185 
 -0.2038   0.6702 
 -0.2956   0.8645 
 -0.8000   1.5895 
 -1.3453   0.3080 
  0.0968   0.4801 
 -0.4760   0.6704 
  0.2478   0.0737 
 -0.8590   0.2058 
 -1.1356   0.6313 
  0.6687   0.3247 
 -0.3917   0.0359 
  0.5476   0.1654 
  0.3392  -0.6519 
  0.4448  -0.7490 
  1.3451  -1.0954 
  0.9277  -0.4239 
  0.9366   0.3523 
  0.9179   0.2687 
  0.8017  -1.8303 
 -0.1188  -1.0713 
 -0.3087  -1.6943 
  1.1803  -0.0184 
  0.7436  -0.0140 
  1.0708  -0.5864 
  1.9771  -1.8386 
  0.4999  -1.2849 
  0.2272  -0.4875 
  0.2992   0.0680 
 -0.3099  -0.8560 
  0.4847   0.4702 
 -0.5484  -0.3962 
  0.1642   0.1614 
 -0.4369  -0.3357 
 -1.1888   0.7000 
 -0.2666   0.8550 
 -0.7172   1.1283 
 -0.3577   0.9148 
 -1.0766   0.9716 
 -0.8411   0.2737 
 -0.2949   0.3687 
  0.0601   0.7877 
 -0.1787   0.6366 
 -0.3463   1.1749 
 -0.8067  -0.4083 
  0.4346   0.9007 
 -1.2644   1.7479 
  0.0588   0.7166 
 -0.3415   1.5054 
 -0.9035   0.0145 
 -1.7159   1.4481 
 -0.1484   0.7325 
 -0.3190   1.1028 
 -0.9783  -0.4123 
 -0.9142  -0.1516 
 -1.6175   0.5797 
 -0.8050  -0.4190 
  0.0459  -0.8249 
  0.3159   0.4696 
 -0.0204   0.4283 
  1.4063  -0.7487 
  0.1772  -1.2778 
  2.2661  -0.7141 
  0.4310  -1.0234 
  0.5243  -1.1531 
  0.4440  -1.2523 
  0.9835  -1.5270 
  2.1004  -1.0891 
  0.6676   0.3983 
 -0.0320  -1.5088 
  0.3796  -1.3624 
  0.2463  -0.3520 
  0.6084  -0.1617 
  0.0283  -0.3220 
  1.0362   0.0332 
  0.1747  -0.2948 
 -0.3550  -0.8635 
 -0.3478   0.1812 
 -0.4940   0.5027 
 -0.5442  -0.7120 
 -0.5839   0.5896 
 -0.4497   0.7839 
 -0.9194   0.7702 
 -0.8958   1.0367 
 -0.5953  -0.0130 
 -0.3741   0.8241 
  0.0935   0.6621 
 -0.3360   1.1613 
  0.6157   1.2256 
 -1.0028   0.1200 
  1.2239   0.0362 
  0.2816   0.5609 
 -0.1315   1.1873 
 -0.2680   0.6217 
 -0.5945   0.1406 
  0.1475   0.1867 
 -0.6557   0.7407 
 -0.5905   0.2183 
 -0.3328   0.4285 
 -0.2270   0.1883 
 -0.2602   0.9753 
 -0.3897  -0.3699 
 -0.0554  -0.6435 
  0.4873   0.9592 
  0.0077  -0.0439 
  1.8343  -1.6956 
 -0.0295  -0.9552 
  0.2068   0.3807 
  1.0903   0.9333 
  0.8133  -0.5280 
  0.3327  -1.0949 
  1.1048  -1.5349 
  1.3609   0.5471 
  0.4464  -0.0826 
  0.8750  -1.5726 
 -0.5569  -0.6674 
 -0.6067  -0.8419 
  1.0224  -0.2496 
  0.4929  -0.0623 
 -0.5945   0.0437 
  1.7376  -1.1112 
 -0.4784  -1.0063 
 -0.4915  -0.8936 
 -0.5518   0.9679 
 -0.7196   0.2385 
 -1.0332   0.9556 
 -0.7403   0.5216 
 -0.9349   1.0078 
 -0.5005   0.5471 
 -0.8340   0.2781 
  1.0897  -0.9951 
  0.3010   0.7824 
  0.0116   0.8379 
 -0.2812  -0.0450 
 -1.0517  -0.3607 
 -0.1829  -0.6158 
  0.3003   0.5539 
 -0.0546   0.9548 
 -0.3050   0.6979 
 -0.9699   0.3804 
  0.9044   0.1486 
 -0.7043   0.7560 
  0.2078   0.1781 
 -0.9732  -0.4161 
 -0.6439   0.2542 
 -0.9285   0.7959 
 -0.2449  -0.7247 
  0.0709   0.2175 
  0.1814  -0.2473 
  0.6992  -0.9779 
 -0.4127   0.3649 
  0.3499  -1.2104 
  0.6963   0.2311 
  1.2312  -0.1792 
  1.1115  -0.6430 
  0.5644  -1.3257 
  0.4073  -1.6506 
  1.5866   0.2751 
  0.6313   0.0789 
  0.8864  -0.7666 
  0.9581  -1.7009 
  0.2230  -1.5807 
  0.8413  -0.1783 
  0.3026   0.4212 
  0.5032  -1.0038 
 -0.6759   0.3777 
 -0.7345  -0.5964 
 -0.5593   0.4759 
 -0.3437   0.2324 
 -1.3449   0.0570 
  0.6524   0.2981 
 -1.0076   1.0068 
 -1.0828   1.3796 
 -0.2801   0.8431 
 -1.3817   0.3563 
  0.9287  -0.6353 
 -0.5897   1.3258 
  0.5222   0.0697 
  0.4514   0.9983 
 -1.1347   0.1506 
  0.1168   0.7331 
 -0.5187   1.2018 
  0.0243   1.2593 
 -0.3345   0.4937 
 -1.0128  -0.0999 
 -0.5401   0.5281 
 -0.9718   0.2580 
 -0.6109  -0.0285 
 -0.8726   0.3514 
 -0.1700   0.3705 
 -1.4824   1.6669 
 -0.0616   0.1341 
 -0.0249  -0.7638 
  0.1797   0.8376 
  1.1249  -1.0052 
  0.6308  -0.7346 
 -0.6057  -1.2919 
  2.0202   0.1201 
  0.7475  -0.6363 
  0.7416  -0.3404 
  1.6793  -1.5779 
  0.9863  -1.4515 
  1.8188  -0.3642 
  1.3678  -0.1951 
  0.3829  -1.3451 
  1.2351  -1.1613 
 -0.0413  -1.1028 
  1.0115  -0.8542 
  0.4938  -0.3621 
 -0.1694  -0.2028 
 -0.0145   0.7953 
 -1.2418  -0.1878 
 -0.2411  -0.4533 
 -0.3244  -0.6363 
 -1.3582   0.2698 
  0.1393   0.6824 
 -0.3069   0.4583 
  0.2681   0.9827 
 -0.8574   0.4522 
 -0.5627  -0.2774 
 -0.8835   1.3371 
 -0.7789   0.9939 
  0.4923   0.9606 
 -0.4340   1.5846 
 -1.3332   0.0246 
 -0.0863  -0.0413 
 -0.1636   0.9574 
  0.7775   0.9093 
 -1.2633   0.4391 
 -1.4617   0.2837 
  1.0429  -0.0346 
 -0.9085   0.2185 
  0.0516   0.3839 
 -0.7783   0.9945 
  0.3621   0.1109 
 -0.5771   0.0244 
 -0.4628  -0.6478 
  0.0546  -0.1665 
  0.1007   0.4355 
  0.8120  -1.0817 
  0.3048  -0.6834 
  0.4326  -1.5441 
  1.6007   0.0598 
  0.8214   0.1723 
  0.3873  -1.4683 
  1.3362  -1.6972 
 -0.2552  -1.2838 
  0.8514   0.0175 
  0.7850   0.3450 
  0.9916  -0.0015 
  0.3242  -1.0194 
 -0.4194  -1.6223 
  0.8813  -0.0081 
  0.0031  -0.4406 
  0.2017  -0.9005 
 -0.3256  -1.2568 
 -1.1222  -0.7639 
 -0.6950   0.1584 
 -0.8492   0.4102 
 -0.4200   0.6983 
  0.9485   0.0399 
 -1.3445   1.1900 
 -0.9031   1.1361 
 -1.4935   1.4219 
 -0.8290  -0.2040 
 -0.6429   0.8722 
 -0.1263   1.1025 
 -0.1866   0.9193 
 -0.5627   0.9026 
 -0.7380  -0.6618 
 -0.1206   0.2128 
  0.1312   0.7003 
  0.6206   0.7171 
 -0.4202   0.8436 
 -0.9995   0.5856 
 -0.2716   0.9975 
 -0.3525   0.7678 
  0.3179  -0.2465 
 -0.2479  -0.3659 
 -0.2951   0.9824 
  1.8697  -1.2123 
 -0.2668  -0.1851 
  0.1425  -0.0715 
  0.5510   0.5505 
  0.0895  -0.7592 
  0.7109  -0.5612 
 -0.2464  -1.7019 
  1.5124  -0.8107 
  0.6608   0.1122 
  1.4079  -1.1044 
  1.4323  -2.0111 
  0.5805  -0.7727 
  1.3363  -0.3447 
  1.5203  -0.3040 
  0.5766  -1.0383 
  1.6868  -2.1357 
  0.0691  -0.5414 
  1.5463  -0.0380 
  0.3984  -0.7981 
 -0.4263  -0.7468 
 -0.0495  -0.3820 
 -0.2926  -0.7027 
 -0.6178  -0.0366 
 -1.3369   0.1026 
 -0.6980   0.5511 
 -0.4794   0.4190 
 -0.8633   0.7195 
  0.2607  -0.2028 
 -0.4626   0.8885 
 -1.0475   0.0691 
 -1.3695   0.3676 
 -1.1087   1.3686 
 -0.0591   1.0371 
 -0.8838   1.5034 
 -1.2052  -0.0538 
  0.5301  -0.5907 
 -0.0458   0.8756 
  0.4190   0.7306 
 -1.0959   1.2393 
 -1.0163   0.3134 
 -0.6858   0.4775 
 -0.3751   0.2024 
 -0.1752  -0.0092 
 -0.5020   0.1836 
  0.0637  -0.2759 
  0.1261  -0.0466 
 -0.6112  -1.1907 
 -0.1583  -0.9875 
  0.2195   0.8759 
  0.5605  -0.7306 
 -0.1786  -0.3555 
 -0.0077  -0.3413 
  1.7712  -1.1216 
  1.4340  -0.1673 
  0.8962  -0.9626 
  1.4205  -1.8188 
 -0.5442  -1.4250 
  0.4838  -0.3207 
  0.7917   0.1606 
  0.5412  -1.0422 
  1.3874  -1.9998 
  0.6423  -0.5742 
 -0.0505  -0.3568 
  0.2767   0.2341 
  1.0293  -1.0160 
 -0.2786  -0.8153 
 -0.1318   0.3248 
 -1.2220   0.7786 
 -0.3347  -0.0624 
 -1.0319  -0.2352 
 -0.1899   0.7327 
 -0.9438   1.2604 
  0.0542   1.2261 
 -0.1221   0.4264 
 -0.9131  -0.4600 
 -0.5243   0.3263 
 -1.1974   1.5096 
  0.1578   1.3470 
 -1.0023   0.9056 
 -0.8379  -0.6876 
 -0.9008   0.5880 
 -0.9411   1.1435 
  0.4014   0.3028 
 -0.1838   0.3065 
 -1.0157   0.3318 
 -0.0993  -0.1154 
  0.0459   0.4974 
 -0.5248   0.1153 
 -0.7991   0.5033 
  0.0780   0.1789 
 -1.3602   1.0508 
  0.4621  -0.4010 
  0.0471  -0.2542 
  0.7349   0.2627 
  1.2493  -0.4556 
  0.2234  -0.6499 
  1.5641  -0.7473 
  1.4579  -0.6194 
  0.7854   0.7469 
  1.1889  -1.4929 
  0.0773  -1.0050 
 -0.4129  -0.8462 
  1.3146  -0.3809 
  0.7277   0.3432 
  0.8011  -1.5796 
 -0.0400  -0.8732 
  0.1746  -0.5791 
  0.9634  -0.3757 
  0.5605  -0.6589 
  0.1246  -0.5657 
 -0.0947   0.1410 
 -1.0221   0.5123 
  0.0750   0.1192 
 -0.7768   0.6726 
 -1.2851   0.0664 
  1.4369  -0.2517 
 -0.2869   0.6119 
 -0.3174   0.1479 
 -0.3698   1.0154 
 -1.1561   0.2184 
  1.0910  -0.0169 
  0.1282   0.8511 
  0.3087   1.4216 
 -0.3860   1.4099 
 -1.0973   0.4488 
  1.2263   0.5346 
 -0.3650   0.6978 
  0.6489   0.9811 
 -1.0637   1.6220 
 -0.9768   0.0702 
 -1.1751   1.0549 
 -0.8145   0.5672 
 -0.7634  -0.2669 
 -1.0630   0.8551 
 -0.2567  -0.4777 
 -0.5375  -0.5013 
 -0.8103  -0.0875 
  0.0476  -0.2363 
  0.5347   0.6474 
  0.4613  -1.3564 
  0.4823  -0.9972 
  0.4590  -0.4982 
  1.2286   0.6480 
  1.0910   0.0950 
  0.9983  -1.2816 
 -0.2792  -0.9069 
  0.5106  -1.1516 
  1.5466  -0.7761 
  0.6387   0.3283 
  0.8957  -0.7216 
  0.5747  -0.9514 
  0.5895  -1.1140 
  1.0609  -0.9460 
  0.1147  -0.4526 
 -0.0007  -0.1160 
  0.2759  -0.9861 
 -0.4471  -0.1047 
 -0.4692   0.0812 
  0.1537   0.3590 
 -0.5688   0.1363 
 -0.0802   0.1629 
 -0.0606   0.3883 
 -0.0428   0.8231 
 -0.6784   0.7192 
 -1.0222   0.0657 
 -0.8632   0.5513 
 -0.3879   0.9243 
  0.5899   1.1022 
 -0.1032   1.0556 
 -1.1284  -0.0749 
  0.5731  -0.5713 
  0.4763   0.5323 
  0.9812   0.3310 
 -0.3184   0.5086 
 -0.6975  -0.4805 
 -0.5824   0.5948 
 -0.6657   0.7026 
 -0.5924   0.4753 
 -0.5466   0.2147 
 -0.7118   0.4841 
  0.6345   0.0827 
 -0.4221   0.6173 
  0.4339   0.3674 
  0.8514   0.2839 
  0.5815  -0.5772 
 -0.0572  -0.8773 
 -0.5606  -1.4503 
  1.5953  -0.6882 
  1.3258   0.8058 
  1.7587  -0.7431 
 -0.4155  -0.5763 
  0.5582  -0.8972 
  0.9534   0.5294 
  0.5885   0.2563 
  0.9731  -1.4344 
  0.2650  -0.7414 
  0.6867  -1.3190 
  0.1113  -0.2122 

