   0.917    0.999    0.710    1.998    0.231
   0.234    0.992    1.023    1.985    0.261
   0.706    0.135    1.572    0.270    1.133
   1.355    0.221    1.223    0.443    0.727
   1.185    0.033    1.328    0.066    0.902
   1.154    0.312    2.031    0.624    1.273
   1.101    0.541    1.361    1.082    0.873
   0.929    0.785    1.957    1.570    0.875
   1.528    0.242    2.279    0.485    1.495
   1.500    0.672    2.403    1.343    1.368
   1.708    0.484    2.164    0.969    1.891
   1.407    0.574    2.155    1.148    0.939
   0.990    0.311    2.132    0.621    1.041
   1.763    0.004    2.220    0.008    1.477
   1.260    0.645    2.041    1.290    1.492
   1.785    0.156    2.287    0.311    1.329
   1.540    0.729    2.300    1.458    1.788
   1.848    0.615    2.147    1.231    1.631
   1.310    0.647    2.675    1.294    1.248
   1.530    0.954    2.006    1.907    1.775
   1.113    0.845    1.906    1.691    1.127
   1.669    0.993    1.935    1.986    1.475
   1.004    0.714    2.138    1.428    1.675
   0.876    0.039    1.606    0.078    1.133
   0.891    0.403    1.226    0.806    0.847
   0.926    0.490    1.272    0.981    0.736
   0.684    0.114    1.410    0.228    0.581
   1.105    0.556    0.695    1.111    0.795
   0.597    0.073    0.769    0.146    0.737
   0.783    0.567    1.207    1.133    0.594
   0.593    0.592    1.081    1.183    0.094
   0.281    0.509    0.734    1.019    0.170
   0.140    0.631    0.638    1.263    0.378
   0.238    0.583   -0.081    1.167    0.437
   0.450    0.389   -0.649    0.779    0.231
  -0.300    0.930   -0.068    1.859   -0.055
  -0.353    0.385   -0.664    0.770    0.351
   0.167    0.606   -1.077    1.212    0.255
  -0.604    0.623   -1.039    1.245    0.268
  -0.724    0.985   -1.409    1.970   -0.584
  -0.162    0.310   -1.575    0.620   -0.747
  -0.841    0.716   -1.023    1.432   -0.498
  -0.484    0.786   -1.107    1.572   -0.830
  -0.617    0.150   -1.692    0.301   -0.383
  -0.605    0.582   -1.771    1.164   -0.120
  -0.050    0.365   -1.919    0.729   -0.024
  -0.302    0.158   -1.146    0.316   -0.703
  -0.168    0.177   -1.738    0.355   -0.585
   0.004    0.793   -1.081    1.586   -0.892
  -0.456    0.081   -1.594    0.163   -0.126
  -0.785    0.833   -1.311    1.666   -0.043
  -0.142    0.519   -1.504    1.038   -0.677
  -0.057    0.744   -1.506    1.487   -0.646
  -0.306    0.610   -1.178    1.220    0.060
  -0.179    0.859   -1.025    1.718   -0.090
   0.039    0.722   -1.153    1.444    0.331
   0.406    0.443   -0.650    0.887    0.180
   0.384    0.191   -0.215    0.382    0.324
   0.612    0.609   -0.386    1.218   -0.020
  -0.036    0.387    0.360    0.774   -0.029
   0.516    0.752    0.106    1.505    0.019
   0.393    0.737   -0.104    1.473    0.442
   0.081    0.260    0.658    0.519    0.247
   0.331    0.111    0.504    0.222    0.803
   0.701    0.819    0.757    1.638    0.491
   1.134    0.708    1.405    1.416    0.805
   0.761    0.292    1.236    0.583    1.029
   0.992    0.733    1.092    1.466    0.743
   1.461    0.187    1.990    0.375    0.974
   0.867    0.017    1.614    0.035    1.064
   0.831    0.182    1.730    0.364    1.326
   1.793    0.949    2.511    1.898    1.506
   1.333    0.851    1.837    1.701    1.598
   1.505    0.769    1.809    1.538    1.392
   1.045    0.781    1.993    1.562    1.330
   0.994    0.280    2.656    0.559    1.041
   1.900    0.596    2.841    1.193    1.510
   1.147    0.453    2.748    0.906    1.521
   1.587    0.220    2.651    0.440    1.436
   1.872    0.009    2.259    0.018    1.806
   1.600    0.730    2.678    1.459    0.972
   1.441    0.882    2.445    1.764    1.227
   1.199    0.323    1.834    0.645    1.060
   1.429    0.632    1.807    1.264    0.947
   1.201    0.965    1.688    1.931    1.034
   0.919    0.148    2.299    0.295    0.792
   0.955    0.463    1.658    0.927    1.176
   1.244    0.885    1.971    1.769    0.648
   1.155    0.418    1.375    0.836    0.818
   0.832    0.129    1.816    0.258    0.917
   0.422    0.872    1.469    1.744    0.606
   1.089    0.071    1.269    0.141    0.720
   0.780    0.711    0.908    1.421    0.860
   0.767    0.248    1.012    0.495    0.497
  -0.053    0.010    0.363    0.020   -0.029
   0.567    0.283    0.103    0.566    0.269
   0.692    0.450    0.068    0.901   -0.029
   0.392    0.467   -0.648    0.934    0.230
   0.516    0.092   -0.050    0.184    0.264
   0.324    0.821   -0.743    1.643   -0.353
  -0.146    0.731   -1.103    1.463   -0.084
   0.131    0.536   -1.340    1.071    0.105
  -0.103    0.052   -0.995    0.104   -0.709
   0.001    0.216   -1.582    0.432   -0.372
  -0.711    0.779   -1.500    1.558   -0.453
  -0.475    0.881   -1.053    1.763   -0.356
  -0.640    0.200   -1.219    0.401   -0.750
  -0.832    0.042   -1.190    0.084   -0.047
  -0.989    0.243   -1.029    0.487   -0.945
  -0.916    0.523   -1.285    1.047   -0.208
  -0.572    0.412   -1.056    0.824   -0.706
  -0.976    0.818   -1.067    1.637   -0.201
  -0.492    0.473   -0.911    0.947   -0.082
  -0.750    0.909   -1.402    1.819   -0.447
  -0.218    0.774   -1.357    1.549   -0.169
  -0.423    0.362   -1.026    0.724   -0.362
  -0.238    0.297   -0.746    0.594   -0.321
  -0.182    0.113   -0.807    0.227   -0.555
  -0.437    0.292   -0.697    0.585    0.093
  -0.500    0.571   -0.288    1.142   -0.450
  -0.187    0.087   -0.336    0.174   -0.256
   0.328    0.541   -0.679    1.082   -0.022
  -0.085    0.880   -0.389    1.760   -0.190
   0.380    0.335    0.452    0.670    0.501
   0.194    0.706    0.189    1.413    0.234
   0.491    0.517    0.350    1.035    0.865
   0.508    0.273    0.978    0.546    0.893
   0.945    0.182    0.901    0.364    1.109
   0.605    0.662    1.455    1.324    0.831
   0.518    0.644    1.773    1.289    0.729
   1.484    0.947    1.786    1.894    0.545
   1.044    0.270    1.348    0.539    0.792
   0.975    0.442    2.152    0.884    0.742
   1.534    0.240    2.287    0.479    1.379
   1.434    0.616    1.767    1.231    1.025
   1.478    0.383    2.383    0.766    1.051
   1.081    0.373    2.221    0.747    1.698
   1.596    0.528    2.769    1.056    1.644
   1.064    0.428    2.561    0.857    1.253
   1.818    0.665    2.569    1.331    1.846
   1.287    0.805    2.042    1.611    1.309
   1.539    0.251    2.022    0.502    1.562
   1.757    0.049    2.171    0.099    1.228
   1.518    0.176    2.507    0.352    1.405
   1.770    0.774    2.044    1.549    1.674
   1.841    0.474    2.614    0.948    1.561
   1.615    0.555    1.863    1.111    1.033
   1.058    0.484    2.148    0.969    1.268
   1.008    0.599    2.224    1.199    1.470
   1.036    0.286    1.715    0.572    1.638
   1.489    0.649    1.163    1.298    0.859
   1.046    0.954    1.467    1.908    1.053
   1.014    0.083    1.724    0.166    1.217
   0.517    0.184    1.180    0.368    0.355
   0.893    0.310    1.281    0.619    0.490
   0.808    0.066    1.100    0.131    0.278
   0.525    0.956    0.642    1.913    0.767
   0.770    0.899    0.145    1.798    0.303
  -0.011    0.160    0.146    0.321    0.624
   0.375    0.599   -0.122    1.197    0.650
   0.063    0.898    0.172    1.797    0.568
   0.322    0.694   -0.445    1.388   -0.124
  -0.083    0.725   -0.603    1.449    0.297
   0.061    0.887   -0.413    1.774    0.122
  -0.314    0.257   -0.564    0.515   -0.270
  -0.237    0.171   -1.021    0.343   -0.056
  -0.767    0.300   -1.213    0.600    0.012
  -0.513    0.796   -0.921    1.592   -0.763
  -0.221    0.592   -1.759    1.185   -0.556
  -0.904    0.623   -1.263    1.247   -0.699
  -0.786    0.481   -1.091    0.963   -0.751
  -0.112    0.755   -1.630    1.510   -0.605
  -0.403    0.811   -1.381    1.623   -0.593
  -0.166    0.940   -1.814    1.881   -0.072
  -0.021    0.737   -1.493    1.475   -0.609
  -0.901    0.544   -1.105    1.088   -0.164
  -0.374    0.352   -0.909    0.704   -0.877
  -0.331    0.234   -0.852    0.467   -0.230
  -0.192    0.949   -0.714    1.898    0.103
  -0.528    0.866   -1.061    1.733   -0.303
   0.141    0.013   -1.246    0.027    0.206
   0.122    0.780   -0.593    1.559    0.082
   0.154    0.977   -0.585    1.954   -0.390
   0.312    0.195    0.121    0.390    0.504
  -0.071    0.737   -0.400    1.473   -0.115
   0.658    0.938    0.291    1.876    0.370
  -0.069    0.182   -0.007    0.363    0.509
   0.279    0.813    0.472    1.627    0.649
   0.259    0.958    0.741    1.916    0.938
   0.228    0.827    1.280    1.654    0.815
   0.633    0.711    1.444    1.423    0.877
   1.252    0.631    0.990    1.261    0.501
   0.436    0.796    0.994    1.591    0.590
   1.439    0.260    1.418    0.521    0.838
   1.434    0.897    1.395    1.793    1.447
   1.300    0.082    1.955    0.163    0.762
   1.714    0.664    1.584    1.328    0.823
   1.661    0.277    2.617    0.555    1.330
   1.710    0.540    2.112    1.081    0.891
   1.836    0.774    2.597    1.549    1.426
   1.510    0.432    2.268    0.864    1.390
   1.957    0.717    2.651    1.434    1.825
   1.628    0.041    2.423    0.083    1.834
   1.520    0.286    2.283    0.572    1.797
   1.469    0.592    2.807    1.183    1.191
   1.328    0.123    2.700    0.246    1.214
   1.785    0.257    1.981    0.513    1.459
   1.640    0.847    2.227    1.693    1.689
   1.632    0.770    2.173    1.539    1.561
   0.903    0.557    1.930    1.113    1.239
   1.384    0.405    2.099    0.810    1.691
   0.938    0.709    2.420    1.419    1.383
   1.384    0.659    2.204    1.317    0.891
   1.201    0.469    1.158    0.939    0.688
   0.748    0.927    1.624    1.853    1.220
   0.602    0.657    0.950    1.315    0.813
   0.822    0.652    0.983    1.304    0.827
   0.501    0.157    1.055    0.314    1.121
   0.793    0.066    0.993    0.132    0.978
   0.626    0.173    0.836    0.347    0.124
   0.632    0.415   -0.086    0.830    0.188
   0.348    0.085    0.268    0.169   -0.064
   0.083    0.105    0.208    0.209    0.494
   0.213    0.118   -0.037    0.235   -0.323
   0.419    0.473   -0.697    0.945    0.321
  -0.351    0.135   -0.642    0.270   -0.442
  -0.564    0.400   -1.054    0.799   -0.119
  -0.210    0.171   -0.961    0.343    0.181
  -0.435    0.780   -0.619    1.560    0.062
  -0.011    0.505   -0.737    1.011   -0.513
  -0.692    0.729   -0.850    1.458   -0.137
  -0.577    0.995   -1.226    1.990   -0.218
  -0.401    0.395   -1.817    0.791   -0.277
  -0.055    0.388   -1.299    0.776   -0.905
  -0.212    0.013   -1.354    0.026   -0.299
  -0.296    0.257   -1.936    0.514   -0.245
  -0.967    0.506   -0.989    1.012   -0.204
   0.025    0.384   -1.383    0.768   -0.696
  -0.825    0.199   -1.764    0.397   -0.159
  -0.106    0.008   -1.637    0.016   -0.704
  -0.654    0.128   -1.132    0.256   -0.459
  -0.366    0.910   -0.796    1.819   -0.519
  -0.050    0.442   -1.348    0.884   -0.537
  -0.241    0.487   -0.856    0.975   -0.571
  -0.464    0.870   -0.712    1.740   -0.565
  -0.265    0.343   -1.014    0.687    0.406
  -0.227    0.907   -0.318    1.814    0.561
  -0.009    0.380   -0.047    0.760    0.017
  -0.146    0.685    0.329    1.369    0.414
   0.468    0.786    0.184    1.573    0.172
   0.014    0.122    0.619    0.245    0.861
   0.267    0.327    0.408    0.654    0.849
   0.844    0.776    0.368    1.552    0.593
   1.090    0.401    0.887    0.801    1.132
   0.680    0.852    0.818    1.703    0.379
   0.641    0.259    1.695    0.517    0.729
   1.488    0.553    1.373    1.105    1.165
   1.614    0.929    1.878    1.858    0.792
   1.397    0.747    1.743    1.494    1.495
   1.102    0.064    1.843    0.129    1.248
   1.608    0.850    2.442    1.701    1.724
   1.841    0.584    2.379    1.168    1.030
   1.871    0.476    1.863    0.953    1.753
   1.852    0.941    2.708    1.881    1.457
   1.883    0.495    2.168    0.989    1.300
   1.579    0.122    2.613    0.244    1.262
   1.619    0.336    2.544    0.671    1.541
   1.605    0.086    2.643    0.171    1.906
   1.771    0.974    2.050    1.948    1.553
   1.805    0.151    2.229    0.303    1.252
   1.237    0.276    2.364    0.553    0.937
   0.939    0.324    1.780    0.649    1.685
   1.818    0.624    2.111    1.248    1.458
   0.787    0.831    1.808    1.662    1.489
   1.455    0.236    2.335    0.472    0.705
   1.529    0.473    1.602    0.947    1.127
   0.917    0.404    2.018    0.807    0.707
   1.439    0.661    1.755    1.322    1.020
   0.496    0.621    0.976    1.243    1.077
   0.446    0.336    1.054    0.672    0.562
   0.212    0.686    0.448    1.372    1.088
   0.199    0.874    0.208    1.748    0.599
   0.213    0.985    0.535    1.970    0.126
   0.848    0.618    0.357    1.236    0.017
   0.237    0.406    0.078    0.813   -0.002
  -0.069    0.624   -0.418    1.247    0.160
   0.354    0.369   -0.186    0.737    0.549
  -0.083    0.107   -0.288    0.215   -0.031
   0.199    0.431   -0.418    0.862   -0.027
   0.260    0.683   -0.630    1.366   -0.489
  -0.553    0.878   -0.735    1.756   -0.727
  -0.458    0.944   -1.496    1.888   -0.166
  -0.084    0.555   -0.795    1.109    0.052
  -0.113    0.641   -1.257    1.283   -0.347
  -0.420    0.385   -0.941    0.769   -0.413
  -0.806    0.503   -1.867    1.005   -0.058
  -0.321    0.957   -1.165    1.914   -0.211
  -0.198    0.892   -1.597    1.784   -0.258
  -0.930    0.237   -1.923    0.474   -0.392
  -0.088    0.263   -1.024    0.526   -0.658
  -0.059    0.804   -1.671    1.609   -0.429
  -0.195    0.549   -0.911    1.099   -0.328
   0.037    0.685   -0.801    1.370   -0.024
  -0.758    0.185   -0.813    0.370   -0.015
  -0.657    0.746   -0.957    1.492   -0.500
  -0.246    0.301   -0.562    0.601    0.145
  -0.191    0.004   -0.485    0.007   -0.215
  -0.471    0.490   -0.329    0.979    0.030
   0.380    0.299   -0.059    0.598    0.148
  -0.084    0.862    0.134    1.724    0.005
  -0.263    0.361   -0.010    0.722   -0.104
  -0.154    0.839    0.474    1.678    0.649
   0.174    0.600    0.187    1.200    0.243
   0.430    0.807    0.478    1.614    0.229
   0.196    0.370    0.559    0.741    0.685
   0.954    0.547    1.202    1.094    0.785
   0.558    0.737    1.224    1.475    1.269
   1.134    0.590    1.648    1.180    1.313
   0.968    0.598    1.853    1.196    0.713
   0.727    0.912    1.957    1.824    1.423
   0.688    0.064    1.724    0.127    0.656
   0.822    0.663    1.769    1.327    1.358
   1.279    0.607    2.231    1.214    1.354
   1.310    0.368    1.943    0.737    1.754
   1.678    0.294    2.294    0.588    1.232
   1.753    0.191    1.996    0.382    1.141
   1.083    0.408    2.461    0.815    1.566
   1.055    0.795    2.918    1.589    1.760
   1.498    0.245    2.911    0.491    1.173
   1.651    0.596    2.818    1.192    1.251
   1.249    0.597    2.724    1.195    1.149
   1.775    0.306    2.763    0.613    1.018
   1.360    0.421    2.396    0.843    1.125
   1.064    0.806    1.986    1.612    1.068
   1.344    0.944    1.896    1.887    1.280
   1.675    0.159    2.249    0.319    1.591
   0.960    0.007    2.243    0.015    1.270
   0.831    0.802    2.165    1.604    0.852
   1.466    0.636    1.890    1.273    1.438
   1.195    0.694    1.336    1.389    0.770
   0.850    0.377    1.472    0.755    0.940
   0.887    0.211    0.881    0.422    0.870
   0.367    0.681    0.580    1.362    1.151
   0.937    0.283    1.126    0.565    0.764
   1.025    0.871    0.822    1.742    0.579
   0.685    0.463    0.651    0.927    0.404
   0.039    0.667   -0.151    1.335   -0.107
   0.308    0.492    0.232    0.984    0.120
  -0.276    0.004   -0.174    0.009    0.538
  -0.176    0.986   -0.653    1.972    0.321
  -0.262    0.835   -0.316    1.671   -0.169
   0.103    0.525   -0.736    1.049    0.109
  -0.546    0.262   -1.312    0.523    0.179
  -0.631    0.313   -0.819    0.625   -0.590
  -0.073    0.725   -1.051    1.450   -0.358
  -0.547    0.445   -1.437    0.891   -0.544
   0.010    0.853   -1.416    1.707   -0.579
  -0.545    0.353   -1.857    0.707   -0.300
  -0.479    0.112   -1.839    0.223   -0.499
  -0.058    0.748   -1.910    1.497   -0.982
  -0.432    0.713   -1.923    1.426   -0.204
  -0.936    0.772   -1.518    1.545   -0.439
  -0.279    0.877   -1.527    1.754   -0.074
  -0.771    0.922   -1.269    1.844   -0.862
  -0.242    0.662   -1.573    1.323   -0.815
  -0.536    0.695   -0.933    1.391   -0.434
  -0.700    0.116   -1.195    0.232   -0.481
   0.207    0.167   -1.278    0.335   -0.444
  -0.574    0.374   -0.548    0.748   -0.217
   0.088    0.542   -0.836    1.083   -0.153
   0.286    0.586   -0.420    1.173   -0.558
  -0.405    0.200   -0.160    0.400    0.294
   0.012    0.687    0.190    1.373    0.165
   0.694    0.711   -0.490    1.423    0.490
  -0.106    0.390    0.070    0.780    0.689
   0.117    0.467    0.088    0.933    0.065
   0.119    0.027    0.182    0.054    0.585
   0.257    0.173    0.455    0.345    0.673
   1.027    0.101    0.811    0.201    0.849
   1.141    0.914    0.839    1.827    0.484
   0.962    0.969    1.337    1.939    0.979
   0.515    0.188    1.265    0.377    0.515
   1.265    0.384    1.715    0.768    0.632
   0.944    0.349    2.285    0.697    1.025
   0.841    0.881    2.211    1.761    1.310
   1.649    0.782    1.967    1.564    0.899
   1.187    0.671    2.673    1.341    1.415
   1.824    0.786    2.495    1.572    1.177
   1.097    0.034    2.308    0.068    1.360
   0.991    0.427    2.052    0.854    1.018
   1.205    0.861    2.015    1.723    1.896
   1.555    0.853    2.018    1.705    1.823
   1.979    0.870    2.834    1.739    1.094
   1.472    0.636    2.120    1.271    1.259
   1.927    0.653    2.931    1.306    1.696
   1.045    0.991    2.246    1.982    1.940
   1.881    0.470    2.215    0.940    1.309
   1.003    0.851    2.191    1.702    1.045
   1.313    0.066    2.542    0.133    0.958
   1.454    0.508    1.832    1.015    1.040
   1.323    0.333    1.942    0.665    0.882
   1.584    0.975    1.395    1.950    1.143
   1.285    0.512    1.614    1.023    0.520
   0.967    0.910    1.041    1.819    0.786
   0.555    0.041    1.345    0.081    0.568
   0.628    0.584    0.608    1.167    0.750
   0.641    0.015    1.005    0.030    1.037
   0.955    0.231    0.244    0.462    0.279
   0.918    0.828    0.879    1.657   -0.037
   0.663    0.537    0.039    1.074    0.331
   0.708    0.167   -0.275    0.334    0.078
  -0.078    0.811   -0.610    1.622   -0.347
   0.133    0.904   -0.383    1.809    0.369
   0.469    0.100   -0.448    0.200   -0.074
   0.090    0.921   -0.390    1.842   -0.549
  -0.457    0.648   -0.748    1.297   -0.521
  -0.737    0.493   -0.952    0.986   -0.181
   0.086    0.068   -1.564    0.136   -0.355
  -0.624    0.012   -0.937    0.024   -0.218
  -0.799    0.634   -1.095    1.267   -0.303
  -0.234    0.283   -1.618    0.566   -0.021
  -0.510    0.576   -1.875    1.152   -0.838
  -0.676    0.833   -1.825    1.666   -0.733
  -0.999    0.647   -1.836    1.295   -0.799
  -0.601    0.040   -1.959    0.081   -0.572
  -0.490    0.767   -1.266    1.534   -0.199
  -0.397    0.510   -1.442    1.020   -0.639
  -0.508    0.225   -1.119    0.450   -0.011
   0.056    0.530   -1.677    1.060   -0.442
  -0.514    0.604   -0.989    1.207    0.152
   0.020    0.478   -0.647    0.956   -0.533
   0.036    0.579   -0.672    1.158   -0.270
   0.056    0.232   -0.557    0.463    0.325
  -0.273    0.822   -0.304    1.643    0.357
   0.446    0.768   -0.162    1.536   -0.251
  -0.179    0.200    0.088    0.400    0.466
  -0.276    0.124    0.013    0.248   -0.267
   0.393    0.011   -0.319    0.023    0.612
   0.472    0.524    0.562    1.049    0.526
   0.132    0.709    0.499    1.419    0.365
   0.623    0.613    0.261    1.225    0.526
   0.240    0.885    0.656    1.770    0.971
   1.227    0.243    1.130    0.486    0.673
   1.092    0.391    1.723    0.781    0.899
   1.381    0.865    1.701    1.731    0.751
   1.032    0.282    1.478    0.564    0.909
   1.108    0.616    2.281    1.232    0.781
   1.727    0.290    2.357    0.581    0.785
   0.827    0.921    1.928    1.842    0.827
   1.615    0.633    2.109    1.267    0.979
   1.014    0.760    2.255    1.520    1.189
   1.740    0.908    2.044    1.816    1.652
   0.992    0.932    2.097    1.863    1.561
   1.681    0.817    2.494    1.635    1.822
   1.624    0.011    2.369    0.021    1.072
   1.812    0.730    2.414    1.459    1.019
   1.696    0.874    2.395    1.748    1.519
   1.707    0.465    2.778    0.929    1.085
   1.577    0.372    2.188    0.744    1.862
   1.127    0.436    1.889    0.871    1.698
   1.661    0.159    2.207    0.318    1.234
   1.635    0.063    2.497    0.127    0.918
   1.374    0.854    2.140    1.709    0.814
   0.967    0.530    1.663    1.060    1.383
   1.322    0.175    1.569    0.351    1.042
   1.256    0.582    1.560    1.165    1.243
   1.201    0.216    1.460    0.432    0.564
   1.164    0.646    1.470    1.292    0.810
   0.840    0.146    1.357    0.291    0.346
   0.521    0.723    0.699    1.446    0.190
   0.726    0.543    0.956    1.086    0.968
   0.356    0.564    0.333    1.129    0.512
   0.069    0.621    0.161    1.241    0.185
  -0.271    0.198   -0.053    0.395    0.277
   0.091    0.554   -0.176    1.108    0.109
   0.050    0.141   -0.641    0.282    0.438
  -0.130    0.398   -0.222    0.797   -0.084
  -0.141    0.984   -0.930    1.968    0.016
  -0.431    0.305   -0.495    0.610   -0.025
  -0.262    0.460   -0.734    0.921   -0.066
  -0.648    0.726   -0.865    1.453   -0.250
  -0.356    0.867   -1.739    1.733   -0.350
  -0.178    0.091   -1.726    0.182   -0.217
  -0.245    0.076   -1.386    0.152   -0.921
  -0.399    0.626   -1.575    1.252   -0.269
  -0.527    0.748   -1.006    1.496   -0.952
  -0.461    0.033   -1.343    0.065   -0.827
  -0.203    0.705   -1.004    1.411   -0.693
  -0.928    0.194   -1.138    0.388   -0.205
  -0.488    0.678   -1.647    1.355   -0.035
  -0.391    0.077   -1.832    0.154   -0.337
  -0.530    0.124   -0.964    0.247   -0.584
  -0.169    0.817   -0.911    1.634   -0.237
  -0.259    0.914   -0.822    1.829    0.127
  -0.112    0.854   -1.110    1.708   -0.048
   0.082    0.329   -0.623    0.657    0.106
   0.323    0.976   -0.621    1.952   -0.252
   0.416    0.267   -0.584    0.535    0.370
   0.416    1.000    0.084    1.999   -0.084
  -0.198    0.144    0.349    0.287   -0.066
  -0.042    0.261    0.439    0.522    0.551
   0.112    0.055   -0.081    0.111    0.184
   0.649    0.525    0.164    1.049    0.234
   0.587    0.112    0.591    0.225    0.886
   1.098    0.059    0.943    0.118    0.677
   1.033    0.323    1.283    0.645    1.296
   1.056    0.589    1.563    1.178    0.877
   0.644    0.309    1.162    0.618    0.910
   0.898    0.568    1.589    1.135    1.087
   1.553    0.916    2.011    1.832    1.267
   0.778    0.485    1.919    0.969    0.748
   1.171    0.952    2.228    1.904    1.266
   1.747    0.882    2.704    1.764    1.741
   1.600    0.156    2.022    0.313    1.213
   1.559    0.327    2.651    0.654    1.913
   1.229    0.293    1.993    0.585    1.062
   1.542    0.075    2.786    0.150    1.860
   1.789    0.684    2.256    1.369    1.252
   1.393    0.365    2.802    0.729    1.867
   1.149    0.171    2.676    0.342    1.601
   1.074    0.093    2.178    0.186    1.282
   1.882    0.717    2.199    1.433    1.427
   1.013    0.517    2.262    1.034    1.365
   1.825    0.799    2.163    1.598    1.467
   0.981    0.638    2.126    1.277    0.845
   0.870    0.819    1.956    1.637    0.949
   0.947    0.897    1.357    1.793    1.605
   0.611    0.388    1.992    0.775    0.646
   1.098    0.390    1.841    0.780    0.809
   1.346    0.544    1.410    1.088    0.988
   1.227    0.098    0.720    0.196    0.346
   0.244    0.379    0.916    0.758    0.616
   0.445    0.057    1.076    0.114    0.933
   0.108    0.600    0.309    1.201    0.842
   0.621    0.894    0.450    1.789    0.184
   0.094    0.467    0.137    0.933    0.079
  -0.215    0.956    0.350    1.911    0.346
   0.187    0.143    0.127    0.285   -0.247
  -0.308    0.534   -0.682    1.069    0.315
  -0.263    0.367   -0.293    0.734    0.061
  -0.504    0.162   -0.387    0.324   -0.091
  -0.435    0.919   -1.157    1.839   -0.447
  -0.137    0.514   -1.091    1.028   -0.773
  -0.814    0.400   -1.078    0.800   -0.022
  -0.633    0.685   -1.727    1.371   -0.866
  -0.923    0.586   -1.126    1.171   -0.658
   0.010    0.878   -1.617    1.756   -0.339
  -0.460    0.635   -1.668    1.271   -0.959
  -0.785    0.846   -1.714    1.691   -0.894
  -0.838    0.555   -1.528    1.109   -0.387
  -0.119    0.587   -1.835    1.175   -0.329
  -0.625    0.802   -1.869    1.605   -0.123
  -0.795    0.627   -1.335    1.255   -0.720
  -0.221    0.275   -1.060    0.550   -0.545
  -0.463    0.435   -1.514    0.870   -0.444
  -0.223    0.379   -1.610    0.758   -0.655
  -0.535    0.362   -0.746    0.725   -0.236
  -0.194    0.509   -0.914    1.018    0.079
  -0.509    0.751   -0.806    1.502    0.051
  -0.180    0.958   -0.455    1.916    0.388
   0.006    0.665   -0.865    1.331   -0.028
   0.055    0.262    0.055    0.524   -0.170
   0.164    0.741   -0.218    1.483    0.210
   0.093    0.640    0.545    1.281    0.402
   0.060    0.632    0.627    1.263    0.791
   0.550    0.386    0.771    0.773    0.164
   0.925    0.040    0.975    0.081    0.226
   0.328    0.111    0.979    0.222    0.944
   1.075    0.849    1.212    1.699    0.488
   1.308    0.429    1.564    0.858    1.304
   0.549    0.346    1.254    0.693    0.906
   1.174    0.654    1.321    1.308    1.135
   1.505    0.379    2.156    0.757    1.456
   1.144    0.147    1.663    0.293    1.185
   1.208    0.050    2.006    0.100    1.501
   1.474    0.722    2.654    1.444    1.113
   1.715    0.160    2.302    0.320    1.019
   1.584    0.571    2.819    1.141    1.453
   1.971    0.074    2.845    0.147    1.903
   1.449    0.720    2.869    1.440    1.909
   1.915    0.094    2.115    0.188    1.171
   1.428    0.312    2.052    0.623    1.190
   1.674    0.611    2.032    1.222    1.602
   1.777    0.615    2.599    1.231    1.616
   1.525    0.617    2.229    1.234    1.062
   1.563    0.856    2.227    1.712    1.863
   1.617    0.483    2.427    0.965    1.467
   0.907    0.581    1.942    1.163    0.845
   1.517    0.208    1.850    0.416    1.472
   1.602    0.144    1.305    0.287    1.165
   1.309    0.250    1.414    0.500    0.909
   0.551    0.598    1.338    1.196    1.459
   0.642    0.196    1.437    0.391    0.467
   1.218    0.863    1.290    1.726    0.375
   0.309    0.438    0.996    0.877    0.590
   0.907    0.222    0.691    0.444    0.197
   0.510    0.287    0.918    0.574    0.984
  -0.019    0.970    0.366    1.940    0.575
   0.489    0.175    0.566    0.350    0.212
   0.492    0.123    0.039    0.247   -0.007
  -0.106    0.741   -0.252    1.482    0.027
   0.368    0.398   -0.566    0.797    0.330
  -0.258    0.798   -0.952    1.596   -0.359
  -0.408    0.316   -0.790    0.632    0.285
  -0.547    0.408   -1.301    0.815   -0.436
   0.168    0.550   -0.630    1.101    0.139
  -0.005    0.392   -1.639    0.783   -0.532
  -0.732    0.173   -1.484    0.346   -0.534
  -0.749    0.527   -1.073    1.053   -0.348
  -0.027    0.231   -1.868    0.463   -0.546
  -0.609    0.859   -1.642    1.718   -0.345
  -0.832    0.574   -1.812    1.148   -0.749
  -0.457    0.174   -1.871    0.347   -0.810
  -0.599    0.269   -1.841    0.539   -0.434
  -0.445    0.570   -1.608    1.141   -0.969
  -0.893    0.578   -1.204    1.157   -0.533
  -0.868    0.551   -1.280    1.102   -0.191
  -0.522    0.902   -0.983    1.805    0.132
  -0.593    0.555   -0.661    1.110   -0.426
  -0.561    0.844   -1.177    1.687   -0.252
  -0.344    0.060   -0.831    0.121   -0.555
   0.017    0.014   -0.602    0.027    0.008
   0.375    0.105   -0.570    0.210   -0.178
   0.522    0.725   -0.694    1.449    0.319
   0.540    0.744    0.237    1.488    0.382
  -0.097    0.927   -0.202    1.854   -0.218
  -0.063    0.979    0.265    1.959    0.247
   0.758    0.041    0.417    0.083    0.417
   0.454    0.117    0.536    0.233    0.937
   0.744    0.472    0.560    0.943    0.321
   0.461    0.582    1.104    1.164    1.145
   1.200    0.980    0.874    1.959    1.270
   0.538    0.839    1.794    1.677    0.782
   1.151    0.212    1.367    0.424    1.392
   1.119    0.698    2.160    1.396    0.820
   1.517    0.278    1.831    0.557    1.431
   1.703    0.736    1.901    1.471    1.318
   1.723    0.808    2.495    1.616    0.850
   0.982    0.329    2.039    0.659    0.994
   1.225    0.900    2.654    1.801    1.869
   1.288    0.895    1.977    1.790    1.162
   1.179    0.997    2.368    1.993    1.218
   1.028    0.400    2.069    0.800    1.689
   1.619    0.532    2.868    1.064    1.793
   1.734    0.138    2.466    0.277    1.285
   1.276    0.666    2.703    1.331    1.700
   0.986    0.650    2.533    1.300    1.245
   1.684    0.867    1.939    1.733    0.954
   1.184    0.489    2.492    0.979    0.955
   0.896    0.122    2.550    0.244    0.828
   0.904    0.755    2.376    1.509    1.059
   0.873    0.050    2.089    0.100    1.226
   1.190    0.862    1.683    1.725    0.675
   0.990    0.193    1.381    0.385    0.941
   0.695    0.736    1.355    1.473    1.344
   0.510    0.478    1.690    0.957    0.913
   0.731    0.654    1.291    1.308    0.953
   0.904    0.386    0.785    0.773    1.164
   0.621    0.795    0.160    1.589    0.118
   0.305    0.336   -0.013    0.673    0.192
   0.828    0.559    0.115    1.117    0.054
   0.674    0.984   -0.338    1.968    0.205
  -0.249    0.516   -0.085    1.032   -0.015
  -0.305    0.912   -0.420    1.824    0.301
   0.265    0.974   -0.230    1.948    0.441
  -0.368    0.879   -1.052    1.759   -0.012
  -0.436    0.635   -1.022    1.269   -0.323
  -0.587    0.872   -1.123    1.744   -0.528
  -0.583    0.151   -1.089    0.303   -0.016
  -0.652    0.634   -1.444    1.267   -0.213
  -0.400    0.257   -1.322    0.515   -0.423
  -0.032    0.980   -1.448    1.961   -0.033
  -0.684    0.362   -1.648    0.724   -0.164
  -0.499    0.731   -1.658    1.461   -0.514
  -0.144    0.561   -1.863    1.122   -0.553
  -0.308    0.718   -1.883    1.436   -0.192
  -0.790    0.953   -1.090    1.905   -0.042
  -0.512    0.927   -1.222    1.855   -0.537
  -0.185    0.512   -1.072    1.024   -0.145
   0.074    0.666   -0.818    1.331   -0.696
  -0.349    0.682   -1.470    1.363    0.116
  -0.111    0.732   -0.837    1.464   -0.792
  -0.684    0.600   -1.096    1.201    0.238
   0.104    0.822   -0.774    1.644    0.248
  -0.082    0.112   -0.562    0.224   -0.064
  -0.103    0.307   -0.158    0.614    0.236
   0.299    0.686   -0.739    1.372    0.200
   0.446    0.172   -0.500    0.344    0.217
   0.233    0.135    0.411    0.270   -0.202
  -0.053    0.996    0.613    1.992    0.550
   0.203    0.252    0.712    0.503    0.800
   0.640    0.432    0.963    0.865    0.249
   1.135    0.598    0.460    1.195    0.661
   0.868    0.785    0.749    1.570    0.724
   0.385    0.809    1.327    1.618    0.720
   1.130    0.161    1.211    0.323    0.914
   0.725    0.864    1.806    1.728    0.821
   1.235    0.901    1.569    1.803    0.996
   1.265    0.789    2.128    1.577    0.771
   0.902    0.947    1.667    1.893    1.680
   1.437    0.615    2.598    1.230    0.879
   1.170    0.478    2.238    0.956    1.029
   1.069    0.772    2.441    1.544    0.952
   1.883    0.578    2.692    1.156    1.459
   1.845    0.505    2.055    1.010    1.976
   1.374    0.603    2.959    1.207    1.175
   1.643    0.996    2.313    1.992    1.006
   1.075    0.508    2.936    1.017    1.796
   1.953    0.137    2.004    0.273    1.479
   1.320    0.190    2.238    0.380    1.758
   1.841    0.660    1.935    1.320    1.720
   1.303    0.766    2.585    1.531    1.748
   1.055    0.832    1.789    1.664    1.164
   1.594    0.117    1.595    0.234    0.904
   1.307    0.600    1.440    1.200    1.021
   0.919    0.728    1.295    1.455    1.077
   0.920    0.777    1.999    1.554    1.443
   0.529    0.060    0.914    0.120    0.799
   0.831    0.057    1.462    0.114    0.815
   0.599    0.154    1.064    0.308    0.887
   0.969    0.095    1.167    0.190    0.254
   0.930    0.812    0.689    1.624    0.109
   0.717    0.969   -0.049    1.939    0.149
   0.581    0.055    0.144    0.110    0.648
  -0.127    0.397    0.100    0.793    0.331
   0.032    0.931   -0.249    1.862    0.065
   0.276    0.211   -0.360    0.422    0.489
   0.363    0.169   -0.951    0.337    0.304
  -0.557    0.240   -0.227    0.479   -0.162
  -0.176    0.720   -0.982    1.439    0.261
  -0.337    0.802   -1.359    1.603   -0.708
  -0.354    0.567   -0.754    1.135   -0.161
  -0.845    0.156   -1.499    0.311    0.107
  -0.622    0.989   -1.135    1.978    0.037
  -0.667    0.888   -1.651    1.776   -0.352
  -0.579    0.591   -1.025    1.182   -0.677
  -0.900    0.351   -1.924    0.703   -0.214
  -0.344    0.028   -1.888    0.056   -0.249
  -0.464    0.701   -1.941    1.402   -0.918
  -0.864    0.280   -1.421    0.560   -0.309
   0.005    0.111   -1.556    0.221   -0.929
  -0.483    0.112   -1.551    0.223   -0.739
  -0.601    0.306   -0.803    0.611    0.040
  -0.838    0.756   -1.383    1.512    0.058
  -0.017    0.044   -0.664    0.087   -0.013
  -0.139    0.771   -0.538    1.542   -0.558
  -0.165    0.450   -1.156    0.900   -0.206
  -0.474    0.059   -1.008    0.118    0.433
  -0.404    0.731   -0.928    1.462   -0.197
  -0.167    0.280    0.047    0.560    0.095
   0.580    0.513   -0.006    1.026    0.131
   0.757    0.414    0.248    0.828    0.074
   0.723    0.594   -0.153    1.187    0.123
   0.122    0.100    0.330    0.199    0.764
   0.489    0.247    0.878    0.495    0.229
   0.300    0.575    1.258    1.150    0.864
   1.286    0.004    0.691    0.007    1.018
   0.482    0.477    0.870    0.953    1.341
   0.606    0.402    1.125    0.805    0.728
   0.761    0.266    1.908    0.532    1.384
   1.247    0.003    2.067    0.007    1.094
   1.154    0.469    1.640    0.938    1.492
   1.111    0.547    2.220    1.094    1.105
   1.136    0.060    1.874    0.120    1.051
   1.089    0.381    2.715    0.761    1.671
   1.073    0.843    2.183    1.687    1.799
   1.143    0.842    2.545    1.684    1.190
   1.465    0.497    2.077    0.995    1.408
   1.555    0.396    2.207    0.793    1.326
   1.960    0.250    2.501    0.501    1.737
   1.978    0.131    2.200    0.262    1.406
   1.835    0.598    2.901    1.195    1.038
   1.108    0.334    2.686    0.667    1.126
   1.594    0.443    2.653    0.885    1.166
   1.285    0.908    2.210    1.817    1.596
   0.864    0.747    1.649    1.494    0.984
   1.032    0.735    2.233    1.470    1.182
   0.976    0.272    1.575    0.544    1.386
   0.598    0.445    2.105    0.890    1.437
   1.414    0.454    1.269    0.908    1.093
   1.052    0.685    1.542    1.370    0.832
   0.392    0.988    1.148    1.976    0.788
   0.528    0.954    0.556    1.908    0.821
   0.782    0.959    0.913    1.917    0.619
   0.078    0.984    0.799    1.969    0.426
   0.270    0.498    0.084    0.995    0.470
  -0.037    0.405   -0.014    0.811   -0.052
  -0.229    0.470   -0.133    0.939    0.629
  -0.227    0.184   -0.365    0.368    0.506
   0.362    0.708   -0.753    1.415   -0.210
   0.279    0.447   -0.630    0.893    0.406
   0.300    0.591   -1.211    1.183   -0.137
   0.072    0.304   -0.539    0.609   -0.311
  -0.604    0.664   -0.707    1.329   -0.101
   0.069    0.851   -1.063    1.702   -0.644
   0.079    0.021   -1.582    0.041   -0.709
  -0.394    0.615   -0.908    1.229   -0.905
  -0.735    0.941   -0.985    1.882   -0.262
  -0.520    0.337   -1.290    0.675   -0.623
  -0.656    0.628   -1.151    1.256   -0.709
  -0.442    0.346   -1.323    0.693   -0.954
  -0.048    0.987   -1.281    1.973   -0.212
  -0.246    0.069   -1.004    0.139   -0.306
  -0.375    0.580   -1.825    1.161   -0.245
  -0.834    0.392   -1.379    0.785   -0.565
  -0.337    0.774   -1.627    1.548   -0.119
  -0.349    0.827   -1.157    1.653   -0.533
   0.210    0.352   -0.594    0.704   -0.089
  -0.207    0.043   -0.468    0.085   -0.379
   0.132    0.488   -0.305    0.976   -0.395
   0.312    0.536   -0.405    1.071    0.439
  -0.326    0.166    0.006    0.332    0.326
  -0.175    0.891   -0.489    1.782   -0.117
  -0.232    0.091   -0.545    0.182    0.407
   0.364    0.306   -0.118    0.612    0.661
   0.395    0.047   -0.060    0.095    0.446
   0.596    0.636    0.100    1.271    0.101
   0.537    0.827    1.136    1.654    1.033
   0.925    0.814    1.156    1.629    0.285
   0.366    0.707    1.389    1.413    1.068
   1.158    0.605    1.573    1.211    0.522
   1.391    0.498    1.028    0.996    0.973
   1.358    0.878    2.003    1.756    1.467
   1.632    0.635    1.959    1.270    0.687
   1.539    0.048    2.124    0.096    1.269
   1.070    0.009    2.452    0.018    0.882
   1.588    0.229    2.340    0.458    1.435
   1.717    0.003    2.334    0.005    1.219
   1.614    0.381    2.228    0.762    1.226
   1.014    0.449    2.300    0.899    1.251
   1.915    0.896    2.179    1.793    1.497
   1.775    0.225    2.250    0.450    1.018
   1.886    0.434    2.781    0.868    1.174
   1.617    0.256    2.682    0.511    1.126
   1.608    0.015    2.118    0.029    1.484
   1.321    0.488    1.996    0.976    1.488
   1.107    0.712    2.316    1.425    1.488
   1.316    0.122    2.408    0.245    1.661
   1.023    0.517    2.440    1.035    1.598
   1.558    0.531    1.783    1.061    0.791
   1.036    0.148    1.430    0.295    1.404
   0.656    0.389    2.095    0.778    1.487
   0.603    0.056    1.275    0.112    0.842
   1.043    0.168    1.550    0.335    0.557
   0.821    0.522    0.993    1.044    1.276
   1.024    0.567    0.683    1.134    0.739
   0.598    0.511    0.888    1.021    0.784
   0.937    0.985    0.758    1.969    0.865
   0.385    0.211    0.155    0.422    0.756
   0.586    0.962   -0.043    1.924    0.501
   0.679    0.174   -0.375    0.348    0.075
  -0.255    0.556   -0.401    1.111    0.269
  -0.006    0.813   -0.264    1.626    0.369
  -0.528    0.277   -0.848    0.553   -0.195
  -0.166    0.997   -0.815    1.995   -0.581
  -0.333    0.592   -0.830    1.184   -0.094
  -0.487    0.711   -0.756    1.422   -0.120
  -0.760    0.014   -0.971    0.029   -0.740
  -0.229    0.112   -1.358    0.224    0.071
  -0.738    0.618   -1.227    1.235   -0.025
  -0.338    0.188   -1.757    0.376   -0.945
  -0.428    0.545   -1.319    1.089   -0.498
  -0.551    0.005   -1.356    0.010   -0.320
  -0.333    0.655   -1.803    1.309   -0.233
  -0.288    0.879   -1.150    1.758   -0.017
  -0.266    0.408   -1.331    0.816   -0.974
  -0.146    0.495   -1.018    0.990   -0.293
  -0.284    0.814   -1.578    1.627   -0.314
  -0.608    0.025   -0.879    0.050   -0.329
  -0.413    0.009   -1.256    0.019   -0.322
  -0.570    0.661   -1.370    1.322   -0.087
   0.188    0.457   -1.256    0.915   -0.478
   0.033    0.684   -1.164    1.368    0.308
   0.425    0.131   -0.931    0.263   -0.301
  -0.110    0.983   -0.582    1.965   -0.184
   0.211    0.750   -0.023    1.501    0.184
   0.476    0.252    0.065    0.505    0.181
  -0.002    0.465   -0.307    0.930    0.706
   0.516    0.368    0.347    0.737    0.889
   1.020    0.797    1.001    1.594    0.792
   0.624    0.230    0.395    0.459    0.884
   0.927    0.068    1.355    0.136    1.123
   0.376    0.536    1.631    1.072    0.895
   0.991    0.916    1.771    1.832    0.619
   0.606    0.029    1.090    0.059    0.555
   1.585    0.353    1.922    0.707    1.280
   1.613    0.103    1.498    0.206    0.751
   0.756    0.485    1.580    0.971    1.417
   0.919    0.544    2.509    1.087    1.013
   1.382    0.026    2.084    0.051    1.155
   1.723    0.669    2.354    1.338    1.120
   0.965    0.308    2.884    0.616    1.925
   1.798    0.379    2.117    0.758    1.045
   1.491    0.894    2.365    1.788    1.933
   1.993    0.283    2.728    0.566    1.203
   1.118    0.094    2.691    0.188    1.251
   1.545    0.695    2.111    1.390    1.276
   1.849    0.955    2.078    1.910    1.439
   1.317    0.637    2.843    1.275    1.004
   1.389    0.676    2.353    1.352    1.687
   1.113    0.887    2.522    1.774    1.704
   1.078    0.429    2.015    0.857    1.046
   1.691    0.205    2.439    0.409    1.561
   1.294    0.417    1.450    0.835    1.329
   1.393    0.245    1.598    0.489    1.302
   1.284    0.617    1.595    1.234    0.650
   0.824    0.772    1.136    1.544    0.407
   0.858    0.155    0.607    0.311    1.124
   1.098    0.373    0.683    0.746    0.441
   1.020    0.187    1.026    0.374    1.057
   0.220    0.043    0.016    0.086    0.583
   0.196    0.320   -0.105    0.640    0.333
  -0.150    0.350    0.549    0.699    0.706
   0.390    0.916    0.237    1.831    0.682
  -0.088    0.386   -0.434    0.773   -0.030
  -0.088    0.845    0.032    1.691   -0.100
   0.306    0.133   -0.367    0.265    0.071
  -0.459    0.678   -0.844    1.356   -0.438
   0.206    0.297   -1.095    0.593   -0.100
  -0.701    0.487   -1.401    0.975    0.084
  -0.362    0.682   -0.838    1.364   -0.728
  -0.349    0.870   -1.136    1.740   -0.843
  -0.908    0.398   -1.442    0.796   -0.724
  -0.311    0.840   -1.497    1.680   -0.322
  -0.442    0.233   -1.574    0.466   -0.929
  -0.383    0.127   -1.156    0.255   -0.766
  -0.330    0.788   -1.287    1.576   -0.388
  -0.162    0.116   -1.147    0.232   -0.303
  -0.334    0.047   -1.354    0.093   -0.058
  -0.748    0.562   -1.097    1.123   -0.268
  -0.059    0.704   -1.074    1.408   -0.315
   0.012    0.499   -1.515    0.999   -0.012
  -0.783    0.636   -1.080    1.273   -0.102
  -0.681    0.641   -0.942    1.281   -0.401
   0.159    0.121   -0.760    0.242   -0.508
  -0.183    0.155   -1.065    0.310   -0.028
   0.364    0.010   -0.650    0.019   -0.036
   0.091    0.515   -0.783    1.029    0.110
   0.331    0.565   -0.459    1.131   -0.115
   0.475    0.678   -0.378    1.356   -0.231
   0.158    0.469    0.121    0.938    0.440
   0.811    0.631    0.349    1.262    0.288
   0.449    0.209    0.743    0.419    0.401
   0.520    0.307    0.900    0.614    1.028
   0.835    0.046    0.561    0.092    0.661
   0.884    0.392    0.741    0.784    0.478
   1.084    0.362    0.972    0.725    0.914
   0.858    0.183    1.761    0.366    1.057
   1.570    0.629    1.623    1.258    1.518
   0.963    0.921    2.188    1.842    0.804
   1.488    0.875    1.874    1.749    1.192
   0.980    0.531    2.005    1.062    0.827
   1.365    0.066    2.076    0.131    0.926
   1.536    0.502    2.735    1.004    1.492
   1.885    0.894    2.552    1.787    1.880
   1.541    0.707    2.401    1.414    1.054
   1.267    0.973    2.648    1.945    1.317
   1.684    0.341    2.164    0.681    1.644
   1.129    0.202    2.292    0.405    1.270
   1.095    0.695    2.853    1.391    1.325
   1.087    0.790    2.863    1.581    1.199
   1.326    0.434    2.378    0.868    1.229
   1.841    0.464    2.238    0.928    1.693
   1.120    0.117    2.517    0.234    1.238
   0.979    0.010    2.109    0.020    1.647
   1.390    0.097    2.193    0.194    1.484
   0.776    0.596    2.089    1.191    0.776
   1.313    0.179    1.537    0.358    0.579
   1.219    0.341    1.543    0.682    1.092
   0.871    0.265    1.005    0.531    1.242
   1.107    0.494    0.698    0.988    0.439
   0.882    0.148    0.885    0.296    0.603
   0.726    0.070    0.765    0.140    0.809
   0.974    0.386    0.412    0.773    0.673
   0.707    0.694    0.485    1.387    0.634
   0.621    0.327    0.238    0.655    0.491
  -0.156    0.936   -0.571    1.872   -0.236
   0.525    0.999    0.074    1.998    0.320
  -0.353    0.148   -0.093    0.296    0.077
   0.066    0.004   -0.976    0.007    0.050
   0.073    0.514   -1.042    1.027    0.108
  -0.461    0.641   -1.321    1.281   -0.121
  -0.545    0.838   -0.664    1.675   -0.635
  -0.277    0.682   -1.580    1.363    0.139
  -0.253    0.045   -1.562    0.091   -0.747
  -0.696    0.743   -1.418    1.487   -0.850
  -0.232    0.246   -1.716    0.491   -0.085
  -0.001    0.896   -1.672    1.792   -0.611
  -0.813    0.297   -1.545    0.594   -0.076
  -0.226    0.954   -1.523    1.908   -0.076
  -0.798    0.512   -1.277    1.023   -0.342
  -0.965    0.699   -1.175    1.398   -0.898
  -0.548    0.498   -1.661    0.996   -0.075
  -0.129    0.438   -0.999    0.875   -0.602
  -0.404    0.780   -1.221    1.559   -0.259
  -0.344    0.257   -0.942    0.514   -0.170
  -0.713    0.578   -1.342    1.156   -0.473
  -0.534    0.146   -1.050    0.293   -0.319
  -0.333    0.883   -0.568    1.765   -0.325
  -0.022    0.961   -0.885    1.922   -0.097
