0 5   -9.084610411522492E-002
0 6   -5.334868294847118E-002
0 5    0.243649456004103     
0 6    6.174055325799330E-002
0 7   -1.703741532603208E-002
0 8   -1.798455799839114E-002
0 9   -2.142420177943927E-002
0 10  -9.936071077363490E-003
0 11  -2.160253283659265E-003
0 12  -9.952561856876908E-003
0 13  -5.465475177489720E-003
0 14  -5.112032028286401E-003
0 15  -8.055756439619173E-004
0 16  -2.621269134285450E-003
0 17  -1.123826910316909E-003
0 7    1.859193146455078E-002
0 8   -7.165474459271308E-002
0 9    0.337968509260199     
0 10  -0.269469089499977     
0 11   2.579507690326963E-002
0 12   3.361405319213580E-002
0 13   3.023396465441213E-002
0 14  -0.112141211723317     
0 15   3.235452514353958E-002
0 16   3.946977068920674E-002
0 17   3.421323017754895E-002
1 5   -6.323256633615722E-002
1 6   -3.767439931177926E-002
1 5    0.205211009490562     
1 6    7.394569975202259E-002
1 7    3.151198942198417E-003
1 8   -2.199171231643713E-002
1 9   -4.800778679433178E-002
1 10  -1.446452827953790E-002
1 11  -3.525845079926940E-003
1 12  -1.041578547121826E-002
1 13  -4.442697723125323E-003
1 14  -1.703630287415530E-002
1 15  -2.269693408033407E-003
1 16  -1.450319893760425E-002
1 17  -3.867363858175526E-003
1 7    2.607609366541215E-002
1 8   -7.483608649579575E-002
1 9    0.397754571776735     
1 10  -0.287636982281186     
1 11   2.803576072460697E-002
1 12   3.389256996645120E-002
1 13   2.916996417082883E-002
1 14  -0.139910896258499     
1 15   3.851748049685327E-002
1 16   5.336990062980024E-002
1 17   4.217684791332058E-002
2 5   -5.868516970305832E-002
2 6   -8.264170343613991E-003
2 5    0.201817352991872     
2 6    7.589460468103566E-002
2 7   -1.293957588071258E-002
2 8   -2.722951140485649E-002
2 9   -2.935368144947106E-002
2 10  -8.783218917953483E-003
2 11  -8.073130272367349E-003
2 12  -3.435823460215721E-002
2 13  -1.182822563786651E-002
2 14  -8.184485697760605E-003
2 15  -1.033162291376159E-003
2 16  -4.104420553758347E-003
2 17  -2.534238500344238E-003
2 7    2.554399469222276E-002
2 8   -9.161600224819146E-002
2 9    0.358640206413960     
2 10  -0.263813564607204     
2 11   3.237642132868226E-002
2 12   4.806400239255013E-002
2 13   3.469120538708127E-002
2 14  -0.121848747950732     
2 15   3.373337949692728E-002
2 16   4.260962514664510E-002
2 17   3.924417775507583E-002
3 7    0.256894027201833     
3 8   -6.237975268605657E-002
3 9   -0.132108564047251     
3 7   -7.854707530648636E-002
3 8    0.263602340877478     
3 9    -1.22244940387902     
3 10  -5.065630670776761E-002
3 11  -1.555382491762198E-002
3 12  -2.349204019700464E-002
3 13  -2.608323919682935E-002
3 14  -3.182875599850577E-002
3 15  -4.858092106980357E-003
3 16  -1.903377954744924E-002
3 17  -8.619563097817131E-003
3 10   0.909018324999180     
3 11  -9.277731320811085E-002
3 12  -0.123793606345712     
3 13  -0.104014166274235     
3 14   0.401672982930447     
3 15  -0.111152745879556     
3 16  -0.143158552894500     
3 17  -0.122988967332397     
4 11  -0.266995192315024     
4 12  -7.103935382626790E-002
4 13  -8.802111360036523E-002
4 10  -8.985027592665770E-002
4 14  -0.122721356358801     
4 11    8.01486485676903     
4 12  -0.706800666001848     
4 13  -0.891478565541368     
4 10  -0.889897008295153     
4 14    3.04545343494408     
4 15  -1.836959961423477E-002
4 16  -4.896905932626362E-002
4 17  -2.934072081316073E-002
4 15  -0.819329599788561     
4 16   -1.00803075171187     
4 17  -0.896083747583341     
5 7   -5.814277645622440E-002
5 8   -6.112566327380543E-002
5 9   -7.054822664862610E-002
5 7    0.201408563080716     
5 8   -0.937990150384345     
5 9     5.06037539872072     
5 10  -0.194880742839058     
5 11  -1.395658058919126E-002
5 12  -3.243070595949489E-002
5 13  -4.299941728075334E-002
5 14  -3.031780724028893E-002
5 15  -5.559016531626011E-003
5 16  -1.067475072950450E-002
5 17  -5.970191904178635E-003
5 10   -4.43136772176353     
5 11   0.310895885025341     
5 12   0.367793228229298     
5 13   0.440272117697772     
5 14   -1.37176407761190     
5 15   0.391413753997754     
5 16   0.438654980001519     
5 17   0.396255191898410     
6 15  -5.844885757219159E-002
6 16   8.604825086425436E-002
6 17   0.191752003129642     
6 15   0.187870723403746     
6 16   0.234830459404525     
6 17   0.241464476156207     
7 11  -8.587979506469424E-002
7 12  -6.583438785063511E-002
7 13  -6.069170427815824E-002
7 10  -4.588602586619540E-002
7 14   0.616727298152825     
7 11  -0.395186714740799     
7 12   5.443326749970660E-002
7 13   5.506956928602395E-002
7 10   4.438726674715424E-002
7 14  -0.243408497288084     
7 15  -1.932218769328679E-002
7 16   0.129041798805044     
7 17   7.582993855570358E-002
7 15   5.646880722109268E-002
7 16   8.290343643089823E-002
7 17   8.116003637329638E-002
8 10  -0.155545538202351     
8 14    1.85646157952622     
8 10  -5.200809154752977E-002
8 14   0.792969000004750     
8 15  -1.795164262028314E-002
8 16  -2.460286564909399E-002
8 17  -1.681721779309754E-002
8 15  -0.212127941907047     
8 16  -0.227600422017035     
8 17  -0.279624016555786     
9 11  -0.100707453986025     
9 12  -8.442882185279930E-002
9 13  -0.109654963131709     
9 11    1.08864717593218     
9 12   0.867198357722344     
9 13    1.08009607340877     
10 15 -5.566442233969737E-002
10 16 -2.361504906299196E-002
10 17 -7.606811162842979E-002
10 15 -0.745052066983829     
10 16 -0.627883442109531     
10 17 -0.882158600608673     
10 11  9.253791200937835E-003
10 12 -0.131966984978983     
10 13 -0.124248639394905     
10 11  -1.59387133959939     
10 12  -1.29290134421220     
10 13  -1.27212067564104     
11 14 -2.428760031240147E-002
11 15 -9.499295666486997E-003
11 16 -1.070836268521499E-002
11 17 -3.233535204032900E-002
11 14 -0.365704771535320     
11 15  9.871505162457783E-002
11 16  0.100881756130678     
11 17  0.144048426950538     
12 14 -1.716085680967592E-002
12 15 -2.233288720370900E-003
12 16 -4.279562954851637E-003
12 17 -9.661016731219198E-003
12 14 -0.280236490352309     
12 15  7.682430590617376E-002
12 16  8.583351836879531E-002
12 17  9.901594424709328E-002
13 14 -2.661269436396312E-002
13 15 -5.067127291113556E-003
13 16 -4.924297307882022E-003
13 17 -1.264418318405680E-002
13 14 -0.309708388168367     
13 15  8.837189586124582E-002
13 16  8.793585231800471E-002
13 17  0.104017980395200     
   3.98650336956661     
   6.41754580253159     
  -2.43120569439057     
0 5   -9.084610411520398E-002
0 6   -5.334868294845953E-002
0 5    0.243649456004123     
0 6    6.174055325798963E-002
0 7   -1.703741532587291E-002
0 8   -1.798455799881504E-002
0 9   -2.142420177909528E-002
0 10  -9.936071076707258E-003
0 11  -2.160253284159352E-003
0 12  -9.952561863885512E-003
0 13  -5.465475173065645E-003
0 14  -5.112032028410591E-003
0 15  -8.055756439536217E-004
0 16  -2.621269134413008E-003
0 17  -1.123826910388171E-003
0 7    1.859193146451652E-002
0 8   -7.165474459306230E-002
0 9    0.337968509259200     
0 10  -0.269469089496909     
0 11   2.579507690428020E-002
0 12   3.361405319641931E-002
0 13   3.023396465016190E-002
0 14  -0.112141211723791     
0 15   3.235452514348374E-002
0 16   3.946977068953290E-002
0 17   3.421323017791337E-002
1 5   -6.323256633600609E-002
1 6   -3.767439931107639E-002
1 5    0.205211009490450     
1 6    7.394569975208296E-002
1 7    3.151198947545049E-003
1 8   -2.199171231734284E-002
1 9   -4.800778679185730E-002
1 10  -1.446452827764396E-002
1 11  -3.525845081347675E-003
1 12  -1.041578547388728E-002
1 13  -4.442697720995192E-003
1 14  -1.703630287413263E-002
1 15  -2.269693407898937E-003
1 16  -1.450319893751285E-002
1 17  -3.867363858589072E-003
1 7    2.607609366556101E-002
1 8   -7.483608649649667E-002
1 9    0.397754571771868     
1 10  -0.287636982274581     
1 11   2.803576072653860E-002
1 12   3.389256996803026E-002
1 13   2.916996416842009E-002
1 14  -0.139910896258461     
1 15   3.851748049646676E-002
1 16   5.336990062973616E-002
1 17   4.217684791409378E-002
2 5   -5.868516970318516E-002
2 6   -8.264170344719620E-003
2 5    0.201817352991968     
2 6    7.589460468097721E-002
2 7   -1.293957588960871E-002
2 8   -2.722951140090972E-002
2 9   -2.935368144876743E-002
2 10  -8.783218917669738E-003
2 11  -8.073130277743323E-003
2 12  -3.435823458793569E-002
2 13  -1.182822562863454E-002
2 14  -8.184485697593672E-003
2 15  -1.033162291341988E-003
2 16  -4.104420553459302E-003
2 17  -2.534238500458764E-003
2 7    2.554399469186705E-002
2 8   -9.161600224972290E-002
2 9    0.358640206412292     
2 10  -0.263813564605741     
2 11   3.237642133251338E-002
2 12   4.806400239748985E-002
2 13   3.469120538208353E-002
2 14  -0.121848747950286     
2 15   3.373337949674000E-002
2 16   4.260962514611186E-002
2 17   3.924417775537680E-002
3 7    0.256894027182936     
3 8   -6.237975268087743E-002
3 9   -0.132108564045083     
3 7   -7.854707530622268E-002
3 8    0.263602340879994     
3 9    -1.22244940387144     
3 10  -5.065630670462850E-002
3 11  -1.555382492285359E-002
3 12  -2.349204016088615E-002
3 13  -2.608323918368376E-002
3 14  -3.182875599864465E-002
3 15  -4.858092106849552E-003
3 16  -1.903377954749058E-002
3 17  -8.619563098410237E-003
3 10   0.909018324986874     
3 11  -9.277731321428578E-002
3 12  -0.123793606359352     
3 13  -0.104014166260349     
3 14   0.401672982930959     
3 15  -0.111152745879037     
3 16  -0.143158552894566     
3 17  -0.122988967333922     
4 11  -0.266995192327656     
4 12  -7.103935382645665E-002
4 13  -8.802111344033571E-002
4 10  -8.985027608032393E-002
4 14  -0.122721356360144     
4 11    8.01486485668721     
4 12  -0.706800666002253     
4 13  -0.891478565676930     
4 10  -0.889897008159502     
4 14    3.04545343496752     
4 15  -1.836959961440778E-002
4 16  -4.896905932835053E-002
4 17  -2.934072081478040E-002
4 15  -0.819329599789980     
4 16   -1.00803075172428     
4 17  -0.896083747593296     
5 7   -5.814277645671799E-002
5 8   -6.112566328119887E-002
5 9   -7.054822662429371E-002
5 7    0.201408563081088     
5 8   -0.937990150374848     
5 9     5.06037539876577     
5 10  -0.194880742833670     
5 11  -1.395658058448889E-002
5 12  -3.243070598320079E-002
5 13  -4.299941731613624E-002
5 14  -3.031780724198824E-002
5 15  -5.559016531900739E-003
5 16  -1.067475073100295E-002
5 17  -5.970191904465338E-003
5 10   -4.43136772174868     
5 11   0.310895885006210     
5 12   0.367793228291777     
5 13   0.440272117626474     
5 14   -1.37176407763100     
5 15   0.391413754001082     
5 16   0.438654980012484     
5 17   0.396255191901692     
6 15  -5.844885757228151E-002
6 16   8.604825083704229E-002
6 17   0.191752003170021     
6 15   0.187870723403841     
6 16   0.234830459402416     
6 17   0.241464476158299     
7 11  -8.587979506394097E-002
7 12  -6.583438779991194E-002
7 13  -6.069170434725255E-002
7 10  -4.588602586536863E-002
7 14   0.616727298191197     
7 11  -0.395186714740086     
7 12   5.443326750713129E-002
7 13   5.506956927867122E-002
7 10   4.438726674697867E-002
7 14  -0.243408497288953     
7 15  -1.932218769345438E-002
7 16   0.129041798738346     
7 17   7.582993862324237E-002
7 15   5.646880722119283E-002
7 16   8.290343642900722E-002
7 17   8.116003637588094E-002
8 10  -0.155545538196530     
8 14    1.85646157954667     
8 10  -5.200809155586352E-002
8 14   0.792968999996428     
8 15  -1.795164262010526E-002
8 16  -2.460286564747022E-002
8 17  -1.681721780093112E-002
8 15  -0.212127941906612     
8 16  -0.227600422013306     
8 17  -0.279624016551151     
9 11  -0.100707454166907     
9 12  -8.442882185179404E-002
9 13  -0.109654962981039     
9 11    1.08864717577430     
9 12   0.867198357720084     
9 13    1.08009607356732     
10 15 -5.566442230023183E-002
10 16 -2.361504907061036E-002
10 17 -7.606811158418167E-002
10 15 -0.745052066860325     
10 16 -0.627883442146502     
10 17 -0.882158600752371     
10 11  9.253791198006194E-003
10 12 -0.131966984981551     
10 13 -0.124248639392586     
10 11  -1.59387133959823     
10 12  -1.29290134421927     
10 13  -1.27212067563490     
11 14 -2.428760034261760E-002
11 15 -9.499295660797798E-003
11 16 -1.070836268265955E-002
11 17 -3.233535205755503E-002
11 14 -0.365704771499582     
11 15  9.871505161392762E-002
11 16  0.100881756126288     
11 17  0.144048426938340     
12 14 -1.716085680408132E-002
12 15 -2.233288719843342E-003
12 16 -4.279562953035093E-003
12 17 -9.661016724817364E-003
12 14 -0.280236490333715     
12 15  7.682430590310085E-002
12 16  8.583351836252870E-002
12 17  9.901594423525471E-002
13 14 -2.661269437579603E-002
13 15 -5.067127294992617E-003
13 16 -4.924297309760913E-003
13 17 -1.264418319289037E-002
13 14 -0.309708388205854     
13 15  8.837189587295623E-002
13 16  8.793585232380580E-002
13 17  0.104017980408737     
   3.98650336956662     
   6.41754580245073     
  -2.43120569436620     
0 5   -9.084610411521797E-002
0 6   -5.334868294846729E-002
0 5    0.243649456004110     
0 6    6.174055325799208E-002
0 7   -1.703741532597903E-002
0 8   -1.798455799853244E-002
0 9   -2.142420177932460E-002
0 10  -9.936071077144752E-003
0 11  -2.160253283825962E-003
0 12  -9.952561859213111E-003
0 13  -5.465475176015029E-003
0 14  -5.112032028327802E-003
0 15  -8.055756439591521E-004
0 16  -2.621269134327969E-003
0 17  -1.123826910340664E-003
0 7    1.859193146453936E-002
0 8   -7.165474459282949E-002
0 9    0.337968509259866     
0 10  -0.269469089498954     
0 11   2.579507690360649E-002
0 12   3.361405319356364E-002
0 13   3.023396465299539E-002
0 14  -0.112141211723475     
0 15   3.235452514352096E-002
0 16   3.946977068931547E-002
0 17   3.421323017767043E-002
1 5   -6.323256633610684E-002
1 6   -3.767439931154486E-002
1 5    0.205211009490525     
1 6    7.394569975204272E-002
1 7    3.151198943980661E-003
1 8   -2.199171231673903E-002
1 9   -4.800778679350697E-002
1 10  -1.446452827890660E-002
1 11  -3.525845080400521E-003
1 12  -1.041578547210794E-002
1 13  -4.442697722415279E-003
1 14  -1.703630287414774E-002
1 15  -2.269693407988586E-003
1 16  -1.450319893757379E-002
1 17  -3.867363858313378E-003
1 7    2.607609366546177E-002
1 8   -7.483608649602938E-002
1 9    0.397754571775113     
1 10  -0.287636982278985     
1 11   2.803576072525085E-002
1 12   3.389256996697756E-002
1 13   2.916996417002592E-002
1 14  -0.139910896258487     
1 15   3.851748049672443E-002
1 16   5.336990062977887E-002
1 17   4.217684791357831E-002
2 5   -5.868516970310061E-002
2 6   -8.264170343982488E-003
2 5    0.201817352991904     
2 6    7.589460468101619E-002
2 7   -1.293957588367788E-002
2 8   -2.722951140354089E-002
2 9   -2.935368144923651E-002
2 10  -8.783218917858901E-003
2 11  -8.073130274159344E-003
2 12  -3.435823459741671E-002
2 13  -1.182822563478918E-002
2 14  -8.184485697704960E-003
2 15  -1.033162291364769E-003
2 16  -4.104420553658666E-003
2 17  -2.534238500382412E-003
2 7    2.554399469210419E-002
2 8   -9.161600224870194E-002
2 9    0.358640206413404     
2 10  -0.263813564606716     
2 11   3.237642132995931E-002
2 12   4.806400239419670E-002
2 13   3.469120538541536E-002
2 14  -0.121848747950583     
2 15   3.373337949686486E-002
2 16   4.260962514646736E-002
2 17   3.924417775517616E-002
3 7    0.256894027195534     
3 8   -6.237975268433017E-002
3 9   -0.132108564046529     
3 7   -7.854707530639847E-002
3 8    0.263602340878317     
3 9    -1.22244940387649     
3 10  -5.065630670672128E-002
3 11  -1.555382491936585E-002
3 12  -2.349204018496514E-002
3 13  -2.608323919244748E-002
3 14  -3.182875599855207E-002
3 15  -4.858092106936755E-003
3 16  -1.903377954746303E-002
3 17  -8.619563098014834E-003
3 10   0.909018324995078     
3 11  -9.277731321016916E-002
3 12  -0.123793606350259     
3 13  -0.104014166269606     
3 14   0.401672982930618     
3 15  -0.111152745879383     
3 16  -0.143158552894522     
3 17  -0.122988967332905     
4 11  -0.266995192319234     
4 12  -7.103935382633085E-002
4 13  -8.802111354702183E-002
4 10  -8.985027597787978E-002
4 14  -0.122721356359248     
4 11    8.01486485674175     
4 12  -0.706800666001983     
4 13  -0.891478565586555     
4 10  -0.889897008249936     
4 14    3.04545343495189     
4 15  -1.836959961429245E-002
4 16  -4.896905932695927E-002
4 17  -2.934072081370061E-002
4 15  -0.819329599789034     
4 16   -1.00803075171601     
4 17  -0.896083747586659     
5 7   -5.814277645638893E-002
5 8   -6.112566327626990E-002
5 9   -7.054822664051545E-002
5 7    0.201408563080840     
5 8   -0.937990150381179     
5 9     5.06037539873573     
5 10  -0.194880742837262     
5 11  -1.395658058762381E-002
5 12  -3.243070596739689E-002
5 13  -4.299941729254765E-002
5 14  -3.031780724085537E-002
5 15  -5.559016531717587E-003
5 16  -1.067475073000398E-002
5 17  -5.970191904274206E-003
5 10   -4.43136772175858     
5 11   0.310895885018964     
5 12   0.367793228250125     
5 13   0.440272117674006     
5 14   -1.37176407761826     
5 15   0.391413753998864     
5 16   0.438654980005174     
5 17   0.396255191899504     
6 15  -5.844885757222159E-002
6 16   8.604825085518458E-002
6 17   0.191752003143102     
6 15   0.187870723403778     
6 16   0.234830459403822     
6 17   0.241464476156904     
7 11  -8.587979506444318E-002
7 12  -6.583438783372732E-002
7 13  -6.069170430118959E-002
7 10  -4.588602586591984E-002
7 14   0.616727298165616     
7 11  -0.395186714740561     
7 12   5.443326750218151E-002
7 13   5.506956928357305E-002
7 10   4.438726674709573E-002
7 14  -0.243408497288374     
7 15  -1.932218769334266E-002
7 16   0.129041798782812     
7 17   7.582993857821722E-002
7 15   5.646880722112607E-002
7 16   8.290343643026792E-002
7 17   8.116003637415793E-002
8 10  -0.155545538200411     
8 14    1.85646157953303     
8 10  -5.200809155030759E-002
8 14   0.792969000001976     
8 15  -1.795164262022386E-002
8 16  -2.460286564855276E-002
8 17  -1.681721779570869E-002
8 15  -0.212127941906902     
8 16  -0.227600422015792     
8 17  -0.279624016554241     
9 11  -0.100707454046319     
9 12  -8.442882185246425E-002
9 13  -0.109654963081486     
9 11    1.08864717587955     
9 12   0.867198357721591     
9 13    1.08009607346162     
10 15 -5.566442232654222E-002
10 16 -2.361504906553146E-002
10 17 -7.606811161368043E-002
10 15 -0.745052066942661     
10 16 -0.627883442121855     
10 17 -0.882158600656573     
10 11  9.253791199960670E-003
10 12 -0.131966984979839     
10 13 -0.124248639394132     
10 11  -1.59387133959900     
10 12  -1.29290134421456     
10 13  -1.27212067563899     
11 14 -2.428760032247350E-002
11 15 -9.499295664590601E-003
11 16 -1.070836268436320E-002
11 17 -3.233535204607101E-002
11 14 -0.365704771523407     
11 15  9.871505162102778E-002
11 16  0.100881756129215     
11 17  0.144048426946472     
12 14 -1.716085680781107E-002
12 15 -2.233288720195049E-003
12 16 -4.279562954246127E-003
12 17 -9.661016729085255E-003
12 14 -0.280236490346111     
12 15  7.682430590514946E-002
12 16  8.583351836670645E-002
12 17  9.901594424314709E-002
13 14 -2.661269436790743E-002
13 15 -5.067127292406579E-003
13 16 -4.924297308508321E-003
13 17 -1.264418318700132E-002
13 14 -0.309708388180862     
13 15  8.837189586514929E-002
13 16  8.793585231993842E-002
13 17  0.104017980399712     
   3.98650336956662     
   6.41754580250464     
  -2.43120569438244     

input ALA_3_13.o
