
0 5 -4.8475e-02
0 6 1.9910e-01
0 5 1.9387e-01
0 6 8.1661e-02
0 7 -2.5691e-02
0 8 -2.9658e-02
0 9 1.1663e+01
0 10 -6.8862e-02
0 11 -1.1199e-02
0 12 -4.2674e-03
0 13 -1.1377e-02
0 14 3.4042e+04
0 15 1.9544e+01
0 16 1.9544e+01
0 17 2.4903e+11
0 7 2.0287e-02
0 8 -8.1038e-02
0 9 7.0427e-01
0 10 -3.9381e-01
0 11 3.4344e-02
0 12 2.8969e-02
0 13 3.4444e-02
0 14 -5.4099e-01
0 15 1.1653e-01
0 16 1.1653e-01
0 17 8.0428e-01
1 5 -9.0455e-02
1 6 -6.3061e-02
1 5 2.2781e-01
1 6 6.5311e-02
1 7 -1.6424e-02
1 8 -1.3570e-02
1 9 -6.4531e-02
1 10 -1.1453e-02
1 11 -2.7477e-03
1 12 -2.1541e-03
1 13 -5.7485e-03
1 14 3.1185e-01
1 15 -3.5710e-02
1 16 -2.0714e-02
1 17 1.3183e+01
1 7 1.8459e-02
1 8 -6.7758e-02
1 9 4.3435e-01
1 10 -2.7617e-01
1 11 2.6869e-02
1 12 2.5783e-02
1 13 3.0500e-02
1 14 -2.1699e-01
1 15 6.6570e-02
1 16 5.7287e-02
1 17 1.1295e-01
2 5 -9.0455e-02
2 6 -6.3061e-02
2 5 2.2781e-01
2 6 6.5311e-02
2 7 -9.1644e-03
2 8 -2.3951e-02
2 9 -6.4531e-02
2 10 -1.1453e-02
2 11 -6.5418e-03
2 12 -3.0409e-03
2 13 -1.6670e-02
2 14 3.1185e-01
2 15 -2.0714e-02
2 16 -3.5710e-02
2 17 1.3183e+01
2 7 1.6559e-02
2 8 -7.6348e-02
2 9 4.3435e-01
2 10 -2.7617e-01
2 11 3.1197e-02
2 12 2.7337e-02
2 13 3.7025e-02
2 14 -2.1699e-01
2 15 5.7287e-02
2 16 6.6570e-02
2 17 1.1295e-01
3 7 -6.4086e-02
3 8 -7.5469e-02
3 9 1.5539e+00
3 7 -6.2641e-02
3 8 2.5114e-01
3 9 -1.6564e+00
3 10 -6.7961e-02
3 11 -2.1942e-02
3 12 -1.3267e-02
3 13 -3.2866e-02
3 14 1.2953e+02
3 15 4.9358e-01
3 16 4.9358e-01
3 17 1.1158e+05
3 10 9.7659e-01
3 11 -9.9730e-02
3 12 -8.9955e-02
3 13 -1.1377e-01
3 14 8.6406e-01
3 15 -2.2306e-01
3 16 -2.2306e-01
3 17 -5.9720e-01
4 11 -9.3779e-02
4 12 -9.3781e-02
4 13 2.9206e-01
4 10 -1.5270e-01
4 14 2.1380e+00
4 11 -7.5493e-01
4 12 -7.5493e-01
4 13 -9.9331e-01
4 10 6.3379e+00
4 14 4.1134e+00
4 15 -5.6992e-02
4 16 -5.6992e-02
4 17 3.1266e+01
4 15 -1.0665e+00
4 16 -1.0665e+00
4 17 -1.8686e+00
5 7 -9.1106e-02
5 8 1.9135e-02
5 9 -1.0619e-01
5 7 2.4340e-01
5 8 -9.9311e-01
5 9 3.9351e+00
5 10 -1.1820e-03
5 11 -1.8813e-02
5 12 -3.3064e-02
5 13 9.9499e-02
5 14 -3.7880e-02
5 15 -7.0784e-03
5 16 -7.0784e-03
5 17 -4.6947e-02
5 10 -2.5396e+00
5 11 3.2869e-01
5 12 3.6946e-01
5 13 4.9939e-01
5 14 -1.4659e+00
5 15 4.0811e-01
5 16 4.0811e-01
5 17 6.1682e-01
6 15 -6.6076e-02
6 16 -6.6076e-02
6 17 1.2156e+00
6 15 2.0088e-01
6 16 2.0088e-01
6 17 2.6672e-01
7 11 -5.7993e-02
7 12 7.4994e-02
7 13 -6.0110e-02
7 10 -1.5925e-01
7 14 -6.5866e-02
7 11 4.6935e-02
7 12 6.0228e-02
7 13 4.7395e-02
7 10 -4.7079e-01
7 14 -1.9333e-01
7 15 -1.9132e-02
7 16 -1.0486e-02
7 17 -3.3386e-02
7 15 5.6355e-02
7 16 5.0248e-02
7 17 6.4613e-02
8 10 -1.1854e-01
8 14 -6.9801e-02
8 10 1.9265e+00
8 14 7.6730e-01
8 15 -1.4808e-02
8 16 -2.6085e-02
8 17 -3.3043e-02
8 15 -2.0409e-01
8 16 -2.3104e-01
8 17 -2.5571e-01
9 11 2.7921e-01
9 12 -1.1150e-01
9 13 -1.0871e-01
9 11 1.2032e+00
9 12 9.2775e-01
9 13 9.2130e-01
10 15 -1.5199e-01
10 16 -1.5199e-01
10 17 -1.0150e-01
10 15 -1.4666e+00
10 16 -1.4666e+00
10 17 -1.2127e+00
10 11 2.3002e-02
10 12 -5.4259e-02
10 13 -2.9311e-02
10 11 -9.6711e-01
10 12 -7.4065e-01
10 13 -6.5350e-01
11 14 -3.2947e-02
11 15 -5.9130e-03
11 16 -1.8055e-02
11 17 -1.4731e-02
11 14 -3.4427e-01
11 15 9.0774e-02
11 16 1.1140e-01
11 17 1.0706e-01
12 14 -1.5342e-02
12 15 -2.3778e-03
12 16 -3.3963e-03
12 17 -5.7898e-03
12 14 -2.7402e-01
12 15 7.7645e-02
12 16 8.2500e-02
12 17 9.0441e-02
13 14 -2.4350e-02
13 15 -3.0329e-03
13 16 -7.1903e-03
13 17 -1.5457e-02
13 14 -3.0269e-01
13 15 8.0922e-02
13 16 9.3939e-02
13 17 1.0805e-01


input /calspa/TAMD/spectrum/nmadas/ALA_3_13/ALA.preo /work/programs/inspidas/data/bd8
