0 5  -4.847297757504583E-002
0 6   0.199087186639395     
0 5   0.193871554239404     
0 6   8.166038950179251E-002
0 7  -2.569070826728054E-002
0 8  -2.965806600083602E-002
0 9    11.6642986074723     
0 10  -6.886428583701297E-002
0 11  -1.119860529788412E-002
0 12  -4.267346671459348E-003
0 13  -1.137748697038740E-002
0 14    34036.5885987475     
0 15    12103.4077277351     
0 16    12103.7508808814     
0 17    3.15926190183657     
0 7   2.028647776101500E-002
0 8  -8.103826788623300E-002
0 9   0.704277902630335     
0 10  -0.393813647046422     
0 11   3.434391525537995E-002
0 12   2.896850017901026E-002
0 13   3.444392926647829E-002
0 14  -0.540984847665282     
0 15   0.197736268072741     
0 16   0.197736734434717     
0 17   0.101189117117262     
1 5  -9.045352660031102E-002
1 6  -6.306158314210408E-002
1 5   0.227810560249119     
1 6   6.531111721451294E-002
1 7  -1.642442228686133E-002
1 8  -1.356975190197263E-002
1 9  -6.453132331718564E-002
1 10  -1.145391198999488E-002
1 11  -2.747706158084177E-003
1 12  -2.154047825922541E-003
1 13  -5.748803696097374E-003
1 14   0.311819031586903     
1 15  -2.136233861601535E-002
1 16    2.49699349696994     
1 17  -1.735841446778011E-002
1 7   1.845865585373989E-002
1 8  -6.775825469250923E-002
1 9   0.434351728733552     
1 10  -0.276171829919822     
1 11   2.686909476897429E-002
1 12   2.578252223670294E-002
1 13   3.050082242587844E-002
1 14  -0.216991242214731     
1 15   7.450053114359971E-002
1 16   9.944590751018637E-002
1 17   5.526426459231709E-002
2 5  -9.045353973059087E-002
2 6  -6.306157409951668E-002
2 5   0.227810576568740     
2 6   6.531111278712891E-002
2 7  -9.164456058961289E-003
2 8  -2.395119069228067E-002
2 9  -6.453131670680963E-002
2 10  -1.145390677173006E-002
2 11  -6.541596351901589E-003
2 12  -3.040842078650847E-003
2 13  -1.667105997985712E-002
2 14   0.311819644215446     
2 15    2.49697222928484     
2 16  -2.136194684083971E-002
2 17  -1.735841620117777E-002
2 7   1.655896488917879E-002
2 8  -7.634801933223195E-002
2 9   0.434351708279761     
2 10  -0.276171808110960     
2 11   3.119686816785381E-002
2 12   2.733657515357922E-002
2 13   3.702522076675228E-002
2 14  -0.216991266744361     
2 15   9.944584541765467E-002
2 16   7.450059349585519E-002
2 17   5.526426568589373E-002
3 7  -6.408622391295724E-002
3 8  -7.546864806814726E-002
3 9    1.55394024620533     
3 7  -6.264074027040764E-002
3 8   0.251136563463053     
3 9   -1.65641587191137     
3 10  -6.796220798287629E-002
3 11  -2.194160994671879E-002
3 12  -1.326692708935736E-002
3 13  -3.286618950824425E-002
3 14    129.500949214438     
3 15    132.934054218906     
3 16    132.935823918946     
3 17   2.656248431733936E-002
3 10   0.976589103711706     
3 11  -9.972974056308326E-002
3 12  -8.995479089752337E-002
3 13  -0.113773419763114     
3 14   0.864043949965584     
3 15  -0.341635074732173     
3 16  -0.341635447759895     
3 17  -0.196640836696297     
4 11  -0.152701259583772     
4 12  -9.377736513367797E-002
4 13  -9.377972947651929E-002
4 10   0.292215950681709     
4 14    2.13754074140482     
4 11    6.33789872515830     
4 12  -0.754924140709268     
4 13  -0.754929273749604     
4 10  -0.993330029989477     
4 14    4.11333485610296     
4 15   0.878624553095247     
4 16   0.878629642294840     
4 17  -4.113477161692070E-002
4 15   -1.43747953408112     
4 16   -1.43748005442139     
4 17  -0.963740751883958     
5 7  -9.110577434837751E-002
5 8   1.913472240829054E-002
5 9  -0.106193485404642     
5 7   0.243400934162462     
5 8  -0.993112344337210     
5 9    3.93506132302151     
5 10  -1.182010551876677E-003
5 11  -1.881253884677596E-002
5 12  -3.306323333949319E-002
5 13   9.955172881850381E-002
5 14  -3.787905124899953E-002
5 15  -2.533257140158048E-002
5 16  -2.533259574135802E-002
5 17  -4.297400529625479E-003
5 10   -2.53955863992582     
5 11   0.328685228304949     
5 12   0.369459599299981     
5 13   0.499402310420474     
5 14   -1.46585387480556     
5 15   0.516159814576202     
5 16   0.516159916640476     
5 17   0.374523037806200     
6 15   0.133726030407409     
6 16   0.133726462541047     
6 17  -5.837945896862654E-002
6 15   0.238155446033370     
6 16   0.238155473283028     
6 17   0.187797553638681     
7 11  -0.159246590344399     
7 12  -5.799371815966758E-002
7 13   7.502575130127066E-002
7 10  -6.011211189731343E-002
7 14  -6.586633675442582E-002
7 11  -0.470784250100163     
7 12   4.693476497490955E-002
7 13   6.022860827650440E-002
7 10   4.739533287436992E-002
7 14  -0.193325618872588     
7 15  -1.856227018843972E-002
7 16  -3.375682534263601E-002
7 17  -1.062856192288487E-002
7 15   5.601034018546183E-002
7 16   6.487815558840439E-002
7 17   5.037214474669717E-002
8 10  -0.118543787001680     
8 14    1.92650579549003     
8 10  -6.980244594285506E-002
8 14   0.767298854655591     
8 15  -3.253474878129338E-002
8 16  -2.296436665543892E-002
8 17  -1.580865623720452E-002
8 15  -0.260978143517710     
8 16  -0.223854019363303     
8 17  -0.206737828733933     
9 11   0.279228282703618     
9 12  -0.111501806579094     
9 13  -0.108714543155481     
9 11    1.20321392374835     
9 12   0.927749026222915     
9 13   0.921307482351243     
10 15  2.300783604766722E-002
10 16 -5.425896641973398E-002
10 17 -2.931202413411915E-002
10 15 -0.967110951267949     
10 16 -0.740650367394149     
10 17 -0.653502401589910     
10 11 -0.128005548691548     
10 12 -0.128005516956520     
10 13  1.158474014794804E-002
10 11  -1.28213692586088     
10 12  -1.28213684056086     
10 13  -1.59479110474994     
11 14 -3.294693786819008E-002
11 15 -2.402329848034267E-002
11 16 -7.393377989488394E-003
11 17 -8.783586181866169E-003
11 14 -0.344265089416774     
11 15  0.118316683432343     
11 16  9.440169890083035E-002
11 17  9.733671860122842E-002
12 14 -1.534211137192273E-002
12 15 -5.537971737808605E-003
12 16 -3.668035302564314E-003
12 17 -2.298936289066812E-003
12 14 -0.274020749671344     
12 15  8.974425466111066E-002
12 16  8.359248136291142E-002
12 17  7.720219179235058E-002
13 14 -2.435007380157238E-002
13 15 -1.741990377117737E-002
13 16 -5.945616526398000E-003
13 17 -3.272609791855509E-003
13 14 -0.302694082460127     
13 15  0.110606040515937     
13 16  9.086068658281951E-002
13 17  8.197860447104657E-002
   58671.1710537233     
   5.44141722575365     
   58663.0296364976     


input ALA_3_13.imp
