0 5 -9.0821e-02 1-4nb
0 6 -5.3352e-02 1-4nb
0 5 2.4367e-01 1-4es
0 6 6.1742e-02 1-4es
0 7 -1.7036e-02 1-5nb
0 8 -1.7992e-02 1-5nb
0 9 -2.1422e-02 1-5nb
0 10 -9.9288e-03 1-5nb
0 11 -2.1604e-03 1-5nb
0 12 -9.9531e-03 1-5nb
0 13 -5.4619e-03 1-5nb
0 14 -5.1124e-03 1-5nb
0 15 -8.0546e-04 1-5nb
0 16 -2.6211e-03 1-5nb
0 17 -1.1234e-03 1-5nb
0 7 1.8592e-02 1-5es
0 8 -7.1661e-02 1-5es
0 9 3.3796e-01 1-5es
0 10 -2.6944e-01 1-5es
0 11 2.5795e-02 1-5es
0 12 3.3614e-02 1-5es
0 13 3.0231e-02 1-5es
0 14 -1.1214e-01 1-5es
0 15 3.2354e-02 1-5es
0 16 3.9469e-02 1-5es
0 17 3.4211e-02 1-5es
1 5 -6.3283e-02 1-4nb
1 6 -3.7653e-02 1-4nb
1 5 2.0525e-01 1-4es
1 6 7.3948e-02 1-4es
1 7 3.0038e-03 1-5nb
1 8 -2.2007e-02 1-5nb
1 9 -4.8020e-02 1-5nb
1 10 -1.4458e-02 1-5nb
1 11 -3.5261e-03 1-5nb
1 12 -1.0417e-02 1-5nb
1 13 -4.4410e-03 1-5nb
1 14 -1.7038e-02 1-5nb
1 15 -2.2695e-03 1-5nb
1 16 -1.4503e-02 1-5nb
1 17 -3.8655e-03 1-5nb
1 7 2.6072e-02 1-5es
1 8 -7.4848e-02 1-5es
1 9 3.9778e-01 1-5es
1 10 -2.8761e-01 1-5es
1 11 2.8036e-02 1-5es
1 12 3.3893e-02 1-5es
1 13 2.9168e-02 1-5es
1 14 -1.3991e-01 1-5es
1 15 3.8517e-02 1-5es
1 16 5.3370e-02 1-5es
1 17 4.2173e-02 1-5es
2 5 -5.8722e-02 1-4nb
2 6 -8.3506e-03 1-4nb
2 5 2.0184e-01 1-4es
2 6 7.5890e-02 1-4es
2 7 -1.2960e-02 1-5nb
2 8 -2.7193e-02 1-5nb
2 9 -2.9357e-02 1-5nb
2 10 -8.7779e-03 1-5nb
2 11 -8.0731e-03 1-5nb
2 12 -3.4359e-02 1-5nb
2 13 -1.1823e-02 1-5nb
2 14 -8.1863e-03 1-5nb
2 15 -1.0331e-03 1-5nb
2 16 -4.1052e-03 1-5nb
2 17 -2.5334e-03 1-5nb
2 7 2.5543e-02 1-5es
2 8 -9.1630e-02 1-5es
2 9 3.5865e-01 1-5es
2 10 -2.6379e-01 1-5es
2 11 3.2376e-02 1-5es
2 12 4.8064e-02 1-5es
2 13 3.4688e-02 1-5es
2 14 -1.2185e-01 1-5es
2 15 3.3733e-02 1-5es
2 16 4.2611e-02 1-5es
2 17 3.9242e-02 1-5es
3 7 2.5660e-01 1-4nb
3 8 -6.2267e-02 1-4nb
3 9 -1.3214e-01 1-4nb
3 7 -7.8543e-02 1-4es
3 8 2.6366e-01 1-4es
3 9 -1.2226e+00 1-4es
3 10 -5.0650e-02 1-5nb
3 11 -1.5558e-02 1-5nb
3 12 -2.3474e-02 1-5nb
3 13 -2.6082e-02 1-5nb
3 14 -3.1835e-02 1-5nb
3 15 -4.8586e-03 1-5nb
3 16 -1.9036e-02 1-5nb
3 17 -8.6170e-03 1-5nb
3 10 9.0899e-01 1-5es
3 11 -9.2782e-02 1-5es
3 12 -1.2380e-01 1-5es
3 13 -1.0401e-01 1-5es
3 14 4.0170e-01 1-5es
3 15 -1.1115e-01 1-5es
3 16 -1.4316e-01 1-5es
3 17 -1.2298e-01 1-5es
4 10 -2.6722e-01 1-4nb
4 11 -7.1056e-02 1-4nb
4 12 -8.7949e-02 1-4nb
4 13 -8.9975e-02 1-4nb
4 14 -1.2273e-01 1-4nb
4 10 8.0134e+00 1-4es
4 11 -7.0684e-01 1-4es
4 12 -8.9154e-01 1-4es
4 13 -8.8979e-01 1-4es
4 14 3.0456e+00 1-4es
4 15 -1.8368e-02 1-5nb
4 16 -4.8966e-02 1-5nb
4 17 -2.9328e-02 1-5nb
4 15 -8.1931e-01 1-5es
4 16 -1.0080e+00 1-5es
4 17 -8.9601e-01 1-5es
5 7 -5.8188e-02 1-4nb
5 8 -6.1086e-02 1-4nb
5 9 -7.0813e-02 1-4nb
5 7 2.0144e-01 1-4es
5 8 -9.3804e-01 1-4es
5 9 5.0599e+00 1-4es
5 10 -1.9444e-01 1-5nb
5 11 -1.3960e-02 1-5nb
5 12 -3.2439e-02 1-5nb
5 13 -4.3050e-02 1-5nb
5 14 -3.0323e-02 1-5nb
5 15 -5.5584e-03 1-5nb
5 16 -1.0675e-02 1-5nb
5 17 -5.9681e-03 1-5nb
5 10 -4.4301e+00 1-5es
5 11 3.1091e-01 1-5es
5 12 3.6782e-01 1-5es
5 13 4.4017e-01 1-5es
5 14 -1.3718e+00 1-5es
5 15 3.9141e-01 1-5es
5 16 4.3866e-01 1-5es
5 17 3.9623e-01 1-5es
6 15 -5.8462e-02 1-4nb
6 16 8.6451e-02 1-4nb
6 17 1.9130e-01 1-4nb
6 15 1.8788e-01 1-4es
6 16 2.3486e-01 1-4es
6 17 2.4144e-01 1-4es
7 10 -8.5871e-02 1-4nb
7 11 -6.5730e-02 1-4nb
7 12 -6.0527e-02 1-4nb
7 13 -4.5924e-02 1-4nb
7 14 6.1809e-01 1-4nb
7 10 -3.9518e-01 1-4es
7 11 5.4448e-02 1-4es
7 12 5.5087e-02 1-4es
7 13 4.4395e-02 1-4es
7 14 -2.4344e-01 1-4es
7 15 -1.9324e-02 1-5nb
7 16 1.2914e-01 1-5nb
7 17 7.5711e-02 1-5nb
7 15 5.6470e-02 1-5es
7 16 8.2906e-02 1-5es
7 17 8.1155e-02 1-5es
8 10 -1.5561e-01 1-4nb
8 14 -5.1839e-02 1-4nb
8 10 1.8562e+00 1-4es
8 14 7.9314e-01 1-4es
8 15 -1.7958e-02 1-5nb
8 16 -2.4622e-02 1-5nb
8 17 -1.6768e-02 1-5nb
8 15 -2.1214e-01 1-5es
8 16 -2.2765e-01 1-5es
8 17 -2.7965e-01 1-5es
9 11 -1.0063e-01 1-4nb
9 12 -8.4451e-02 1-4nb
9 13 -1.0979e-01 1-4nb
9 11 1.0887e+00 1-4es
9 12 8.6725e-01 1-4es
9 13 1.0800e+00 1-4es
10 15 9.6422e-03 1-4nb
10 16 -1.3192e-01 1-4nb
10 17 -1.2420e-01 1-4nb
10 15 -1.5940e+00 1-4es
10 16 -1.2928e+00 1-4es
10 17 -1.2720e+00 1-4es
10 11 -5.5658e-02 1-5nb
10 12 -2.3607e-02 1-5nb
10 13 -7.6118e-02 1-5nb
10 11 -7.4503e-01 1-5es
10 12 -6.2784e-01 1-5es
10 13 -8.8200e-01 1-5es
11 14 -2.4238e-02 1-5nb
11 15 -9.5029e-03 1-5nb
11 16 -1.0715e-02 1-5nb
11 17 -3.2320e-02 1-5nb
11 14 -3.6576e-01 1-5es
11 15 9.8722e-02 1-5es
11 16 1.0089e-01 1-5es
11 17 1.4406e-01 1-5es
12 14 -1.7173e-02 1-5nb
12 15 -2.2341e-03 1-5nb
12 16 -4.2825e-03 1-5nb
12 17 -9.6639e-03 1-5nb
12 14 -2.8028e-01 1-5es
12 15 7.6829e-02 1-5es
12 16 8.5844e-02 1-5es
12 17 9.9021e-02 1-5es
13 14 -2.6621e-02 1-5nb
13 15 -5.0678e-03 1-5nb
13 16 -4.9248e-03 1-5nb
13 17 -1.2646e-02 1-5nb
13 14 -3.0973e-01 1-5es
13 15 8.8374e-02 1-5es
13 16 8.7937e-02 1-5es
13 17 1.0402e-01 1-5es
