-9.084610411524585E-002  0 5 -9.0821e-02 1-4nb
-5.334868294848278E-002	 0 6 -5.3352e-02 1-4nb
 0.243649456004084     	 0 5 2.4367e-01 1-4es
 6.174055325799697E-002	 0 6 6.1742e-02 1-4es
-1.703741532619125E-002	 0 7 -1.7036e-02 1-5nb
-1.798455799796723E-002	 0 8 -1.7992e-02 1-5nb
-2.142420177978327E-002	 0 9 -2.1422e-02 1-5nb
-9.936071078019719E-003	 0 10 -9.9288e-03 1-5nb
-2.160253283159181E-003	 0 11 -2.1604e-03 1-5nb
-9.952561849868301E-003	 0 12 -9.9531e-03 1-5nb
-5.465475181913781E-003	 0 13 -5.4619e-03 1-5nb
-5.112032028162210E-003	 0 14 -5.1124e-03 1-5nb
-8.055756439702119E-004	 0 15 -8.0546e-04 1-5nb
-2.621269134157890E-003	 0 16 -2.6211e-03 1-5nb
-1.123826910245649E-003	 0 17 -1.1234e-03 1-5nb
 1.859193146458503E-002	 0 7 1.8592e-02 1-5es
-7.165474459236383E-002	 0 8 -7.1661e-02 1-5es
 0.337968509261198     	 0 9 3.3796e-01 1-5es
-0.269469089503044     	 0 10 -2.6944e-01 1-5es
 2.579507690225906E-002	 0 11 2.5795e-02 1-5es
 3.361405318785229E-002	 0 12 3.3614e-02 1-5es
 3.023396465866235E-002	 0 13 3.0231e-02 1-5es
-0.112141211722843     	 0 14 -1.1214e-01 1-5es
 3.235452514359541E-002	 0 15 3.2354e-02 1-5es
 3.946977068888057E-002	 0 16 3.9469e-02 1-5es
 3.421323017718455E-002	 0 17 3.4211e-02 1-5es
-6.323256633630839E-002	 1 5 -6.3283e-02 1-4nb
-3.767439931248204E-002	 1 6 -3.7653e-02 1-4nb
 0.205211009490675     	 1 5 2.0525e-01 1-4es
 7.394569975196223E-002	 1 6 7.3948e-02 1-4es
 3.151198936851582E-003	 1 7 3.0038e-03 1-5nb
-2.199171231553142E-002	 1 8 -2.2007e-02 1-5nb
-4.800778679680631E-002	 1 9 -4.8020e-02 1-5nb
-1.446452828143185E-002	 1 10 -1.4458e-02 1-5nb
-3.525845078506204E-003	 1 11 -3.5261e-03 1-5nb
-1.041578546854925E-002	 1 12 -1.0417e-02 1-5nb
-4.442697725255448E-003	 1 13 -4.4410e-03 1-5nb
-1.703630287417799E-002	 1 14 -1.7038e-02 1-5nb
-2.269693408167877E-003	 1 15 -2.2695e-03 1-5nb
-1.450319893769566E-002	 1 16 -1.4503e-02 1-5nb
-3.867363857761988E-003	 1 17 -3.8655e-03 1-5nb
 2.607609366526327E-002	 1 7 2.6072e-02 1-5es
-7.483608649509479E-002	 1 8 -7.4848e-02 1-5es
 0.397754571781602     	 1 9 3.9778e-01 1-5es
-0.287636982287791     	 1 10 -2.8761e-01 1-5es
 2.803576072267533E-002	 1 11 2.8036e-02 1-5es
 3.389256996487214E-002	 1 12 3.3893e-02 1-5es
 2.916996417323757E-002	 1 13 2.9168e-02 1-5es
-0.139910896258537     	 1 14 -1.3991e-01 1-5es
 3.851748049723977E-002	 1 15 3.8517e-02 1-5es
 5.336990062986432E-002	 1 16 5.3370e-02 1-5es
 4.217684791254737E-002	 1 17 4.2173e-02 1-5es
-5.868516970293156E-002	 2 5 -5.8722e-02 1-4nb
-8.264170342508443E-003	 2 6 -8.3506e-03 1-4nb
 0.201817352991777     	 2 5 2.0184e-01 1-4es
 7.589460468109412E-002	 2 6 7.5890e-02 1-4es
-1.293957587181632E-002	 2 7 -1.2960e-02 1-5nb
-2.722951140880328E-002	 2 8 -2.7193e-02 1-5nb
-2.935368145017471E-002	 2 9 -2.9357e-02 1-5nb
-8.783218918237235E-003	 2 10 -8.7779e-03 1-5nb
-8.073130266991364E-003	 2 11 -8.0731e-03 1-5nb
-3.435823461637878E-002	 2 12 -3.4359e-02 1-5nb
-1.182822564709845E-002	 2 13 -1.1823e-02 1-5nb
-8.184485697927540E-003	 2 14 -8.1863e-03 1-5nb
-1.033162291410331E-003	 2 15 -1.0331e-03 1-5nb
-4.104420554057396E-003	 2 16 -4.1052e-03 1-5nb
-2.534238500229710E-003	 2 17 -2.5334e-03 1-5nb
 2.554399469257846E-002	 2 7 2.5543e-02 1-5es
-9.161600224665999E-002	 2 8 -9.1630e-02 1-5es
 0.358640206415627     	 2 9 3.5865e-01 1-5es
-0.263813564608666     	 2 10 -2.6379e-01 1-5es
 3.237642132485113E-002	 2 11 3.2376e-02 1-5es
 4.806400238761040E-002	 2 12 4.8064e-02 1-5es
 3.469120539207899E-002	 2 13 3.4688e-02 1-5es
-0.121848747951178     	 2 14 -1.2185e-01 1-5es
 3.373337949711459E-002	 2 15 3.3733e-02 1-5es
 4.260962514717834E-002	 2 16 4.2611e-02 1-5es
 3.924417775477485E-002	 2 17 3.9242e-02 1-5es
 0.256894027220731     	 3 7 2.5660e-01 1-4nb
-6.237975269123586E-002	 3 8 -6.2267e-02 1-4nb
-0.132108564049419     	 3 9 -1.3214e-01 1-4nb
-7.854707530675008E-002	 3 7 -7.8543e-02 1-4es
 0.263602340874962     	 3 8 2.6366e-01 1-4es
 -1.22244940388660     	 3 9 -1.2226e+00 1-4es
-5.065630671090678E-002	 3 10 -5.0650e-02 1-5nb
-1.555382491239038E-002	 3 11 -1.5558e-02 1-5nb
-2.349204023312317E-002	 3 12 -2.3474e-02 1-5nb
-2.608323920997495E-002	 3 13 -2.6082e-02 1-5nb
-3.182875599836690E-002	 3 14 -3.1835e-02 1-5nb
-4.858092107111159E-003	 3 15 -4.8586e-03 1-5nb
-1.903377954740791E-002	 3 16 -1.9036e-02 1-5nb
-8.619563097224028E-003	 3 17 -8.6170e-03 1-5nb
 0.909018325011486     	 3 10 9.0899e-01 1-5es
-9.277731320193590E-002	 3 11 -9.2782e-02 1-5es
-0.123793606332073     	 3 12 -1.2380e-01 1-5es
-0.104014166288122     	 3 13 -1.0401e-01 1-5es
 0.401672982929936     	 3 14 4.0170e-01 1-5es
-0.111152745880076     	 3 15 -1.1115e-01 1-5es
-0.143158552894435     	 3 16 -1.4316e-01 1-5es
-0.122988967330871     	 3 17 -1.2298e-01 1-5es
-0.266995192302392     	 4 10 -2.6722e-01 1-4nb
-7.103935382607909E-002	 4 11 -7.1056e-02 1-4nb
-8.802111376039463E-002	 4 12 -8.7949e-02 1-4nb
-8.985027577299151E-002	 4 13 -8.9975e-02 1-4nb
-0.122721356357457     	 4 14 -1.2273e-01 1-4nb
  8.01486485685084     	 4 10 8.0134e+00 1-4es
-0.706800666001442     	 4 11 -7.0684e-01 1-4es
-0.891478565405806     	 4 12 -8.9154e-01 1-4es
-0.889897008430804     	 4 13 -8.8979e-01 1-4es
  3.04545343492063     	 4 14 3.0456e+00 1-4es
-1.836959961406178E-002	 4 15 -1.8368e-02 1-5nb
-4.896905932417669E-002	 4 16 -4.8966e-02 1-5nb
-2.934072081154103E-002	 4 17 -2.9328e-02 1-5nb
-0.819329599787142     	 4 15 -8.1931e-01 1-5es
 -1.00803075169946     	 4 16 -1.0080e+00 1-5es
-0.896083747573385     	 4 17 -8.9601e-01 1-5es
-5.814277645573080E-002	 5 7 -5.8188e-02 1-4nb
-6.112566326641199E-002	 5 8 -6.1086e-02 1-4nb
-7.054822667295850E-002	 5 9 -7.0813e-02 1-4nb
 0.201408563080343     	 5 7 2.0144e-01 1-4es
-0.937990150393843     	 5 8 -9.3804e-01 1-4es
  5.06037539867566     	 5 9 5.0599e+00 1-4es
-0.194880742844447     	 5 10 -1.9444e-01 1-5nb
-1.395658059389364E-002	 5 11 -1.3960e-02 1-5nb
-3.243070593578902E-002	 5 12 -3.2439e-02 1-5nb
-4.299941724537044E-002	 5 13 -4.3050e-02 1-5nb
-3.031780723858959E-002	 5 14 -3.0323e-02 1-5nb
-5.559016531351278E-003	 5 15 -5.5584e-03 1-5nb
-1.067475072800605E-002	 5 16 -1.0675e-02 1-5nb
-5.970191903891933E-003	 5 17 -5.9681e-03 1-5nb
 -4.43136772177838     	 5 10 -4.4301e+00 1-5es
 0.310895885044473     	 5 11 3.1091e-01 1-5es
 0.367793228166819     	 5 12 3.6782e-01 1-5es
 0.440272117769069     	 5 13 4.4017e-01 1-5es
 -1.37176407759280     	 5 14 -1.3718e+00 1-5es
 0.391413753994426     	 5 15 3.9141e-01 1-5es
 0.438654979990554     	 5 16 4.3866e-01 1-5es
 0.396255191895127     	 5 17 3.9623e-01 1-5es
-5.844885757210173E-002	 6 15 -5.8462e-02 1-4nb
 8.604825089146777E-002	 6 16 8.6451e-02 1-4nb
 0.191752003089262     	 6 17 1.9130e-01 1-4nb
 0.187870723403651     	 6 15 1.8788e-01 1-4es
 0.234830459406635     	 6 16 2.3486e-01 1-4es
 0.241464476154115     	 6 17 2.4144e-01 1-4es
-8.587979506544757E-002	 7 10 -8.5871e-02 1-4nb
-6.583438790135827E-002	 7 11 -6.5730e-02 1-4nb
-6.069170420906381E-002	 7 12 -6.0527e-02 1-4nb
-4.588602586702215E-002	 7 13 -4.5924e-02 1-4nb
 0.616727298114455     	 7 14 6.1809e-01 1-4nb
-0.395186714741511     	 7 10 -3.9518e-01 1-4es
 5.443326749228192E-002	 7 11 5.4448e-02 1-4es
 5.506956929337668E-002	 7 12 5.5087e-02 1-4es
 4.438726674732980E-002	 7 13 4.4395e-02 1-4es
-0.243408497287214     	 7 14 -2.4344e-01 1-4es
-1.932218769311921E-002	 7 15 -1.9324e-02 1-5nb
 0.129041798871743     	 7 16 1.2914e-01 1-5nb
 7.582993848816497E-002	 7 17 7.5711e-02 1-5nb
 5.646880722099254E-002	 7 15 5.6470e-02 1-5es
 8.290343643278929E-002	 7 16 8.2906e-02 1-5es
 8.116003637071184E-002	 7 17 8.1155e-02 1-5es
-0.155545538208172     	 8 10 -1.5561e-01 1-4nb
  1.85646157950577     	 8 14 -5.1839e-02 1-4nb
-5.200809153919569E-002	 8 10 1.8562e+00 1-4es
 0.792969000013073     	 8 14 7.9314e-01 1-4es
-1.795164262046104E-002	 8 15 -1.7958e-02 1-5nb
-2.460286565071779E-002	 8 16 -2.4622e-02 1-5nb
-1.681721778526375E-002	 8 17 -1.6768e-02 1-5nb
-0.212127941907481     	 8 15 -2.1214e-01 1-5es
-0.227600422020763     	 8 16 -2.2765e-01 1-5es
-0.279624016560421     	 8 17 -2.7965e-01 1-5es
-0.100707453805142     	 9 11 -1.0063e-01 1-4nb
-8.442882185380467E-002	 9 12 -8.4451e-02 1-4nb
-0.109654963282380     	 9 13 -1.0979e-01 1-4nb
  1.08864717609006     	 9 11 1.0887e+00 1-4es
 0.867198357724604     	 9 12 8.6725e-01 1-4es
  1.08009607325022     	 9 13 1.0800e+00 1-4es
-5.566442237916301E-002	 10 15 9.6422e-03 1-4nb
-2.361504905537358E-002	 10 16 -1.3192e-01 1-4nb
-7.606811167267787E-002	 10 17 -1.2420e-01 1-4nb
-0.745052067107332     	 10 15 -1.5940e+00 1-4es
-0.627883442072560     	 10 16 -1.2928e+00 1-4es
-0.882158600464975     	 10 17 -1.2720e+00 1-4es
 9.253791203869183E-003	 10 11 -5.5658e-02 1-5nb
-0.131966984976415     	 10 12 -2.3607e-02 1-5nb
-0.124248639397223     	 10 13 -7.6118e-02 1-5nb
 -1.59387133960055     	 10 11 -7.4503e-01 1-5es
 -1.29290134420514     	 10 12 -6.2784e-01 1-5es
 -1.27212067564718     	 10 13 -8.8200e-01 1-5es
-2.428760028218518E-002	 11 14 -2.4238e-02 1-5nb
-9.499295672176212E-003	 11 15 -9.5029e-03 1-5nb
-1.070836268777046E-002	 11 16 -1.0715e-02 1-5nb
-3.233535202310291E-002	 11 17 -3.2320e-02 1-5nb
-0.365704771571058     	 11 14 -3.6576e-01 1-5es
 9.871505163522809E-002	 11 15 9.8722e-02 1-5es
 0.100881756135069     	 11 16 1.0089e-01 1-5es
 0.144048426962735     	 11 17 1.4406e-01 1-5es
-1.716085681527054E-002	 12 14 -1.7173e-02 1-5nb
-2.233288720898458E-003	 12 15 -2.2341e-03 1-5nb
-4.279562956668189E-003	 12 16 -4.2825e-03 1-5nb
-9.661016737621037E-003	 12 17 -9.6639e-03 1-5nb
-0.280236490370904     	 12 14 -2.8028e-01 1-5es
 7.682430590924665E-002	 12 15 7.6829e-02 1-5es
 8.583351837506195E-002	 12 16 8.5844e-02 1-5es
 9.901594425893187E-002	 12 17 9.9021e-02 1-5es
-2.661269435213023E-002	 13 14 -2.6621e-02 1-5nb
-5.067127287234508E-003	 13 15 -5.0678e-03 1-5nb
-4.924297306003139E-003	 13 16 -4.9248e-03 1-5nb
-1.264418317522322E-002	 13 17 -1.2646e-02 1-5nb
-0.309708388130879     	 13 14 -3.0973e-01 1-5es
 8.837189584953545E-002	 13 15 8.8374e-02 1-5es
 8.793585231220366E-002	 13 16 8.7937e-02 1-5es
 0.104017980381663 	 13 17 1.0402e-01 1-5es
