
22
  2.00000100   1.00000000  -0.00000130
  2.00000100   2.09000000   0.00000010
  1.48626400   2.45384900   0.88982400
  1.48625900   2.45385200  -0.88982000
  3.42742000   2.64079500  -0.00000300
  4.38859496   1.88255096   0.10792583
  3.55761310   3.96384897  -0.12167035
  2.74467014   4.53741191  -0.29559202
  4.84487651   4.61992409  -0.01157737
  5.51104642   4.01347796   0.60205108
  5.48359890   4.80940423  -1.38334831
  4.83711401   5.43082370  -2.00302181
  6.45284360   5.29489320  -1.26948214
  5.61801713   3.83812086  -1.85941516
  4.70700138   5.99275035   0.63093538
  3.59676676   6.45045344   0.89232998
  5.84067068   6.65019916   0.88545435
  6.69351549   6.38834167   0.41197188
  5.89458344   7.74533657   1.83275031
  5.15567105   8.49888109   1.56020687
  5.67932326   7.37148607   2.83374947
  6.88936868   8.19062526   1.81790276
