60
16
    6     5     7     8     1     3 
    6     5     7     8     2     3 
    5     7     9    10     3     4 
    4     2     5     6     7     2 
    4     2     5     6     3     2 
    4     2     5     6     9     2 
    4     2     5     7     3     2 
    3     2     5     6     7     2 
    3     2     5     6     3     2 
    3     2     5     6     9     2 
    3     2     5     7     3     2 
    2     5     7     8     2     3 
    1     2     5     6     7     2 
    1     2     5     6     3     2 
    1     2     5     6     9     2 
    1     2     5     7     3     2 
   16    15    17    18     1     7 
   16    15    17    18     2     7 
   15    17    19    20     3     8 
   15    17    19    21     3     8 
   15    17    19    22     3     8 
   14    11     9    15    10     5 
   13    11     9    15    10     5 
   12    11     9    15    10     5 
   10     9    11    12    10     5 
   10     9    11    13    10     5 
   10     9    11    14    10     5 
   10     9    15    16     7     6 
   10     9    15    16     9     6 
   10     9    15    17     3     6 
    9    15    17    18     2     7 
    8     7     9    10     3     4 
    8     7     9    11     3     4 
    8     7     9    15     3     4 
    7     9    11    12    10     5 
    7     9    11    13    10     5 
    7     9    11    14    10     5 
   18    17    19    20     3     8 
   18    17    19    21     3     8 
   18    17    19    22     3     8 
    5     9     7     8    16     4 
   15    19    17    18    16     8 
    6     5     7     9     2     3 
    5     7     9    11     4     4 
    5     7     9    11     3     4 
    5     7     9    11     5     4 
    5     7     9    11     6     4 
    5     7     9    15     7     4 
    5     7     9    15     8     4 
    2     5     7     9     2     3 
   16    15    17    19     2     7 
   11     9    15    16     3     6 
   11     9    15    17    11     6 
   11     9    15    17    12     6 
    9    15    17    19     2     7 
    7     9    15    16     3     6 
    7     9    15    17    13     6 
    7     9    15    17    14     6 
    2     7     5     6    15     3 
    9    17    15    16    15     7 
   40    41 
   16    17 
