     1	  1.0472078522   2.0650309215   2.0943973440   3.1415923271   5.2360122005 
     2	  1.0472082759   2.0650321794   2.0943973644   3.1415918888   5.2360121669 
     3	  3.5247783987   6.0570077447   2.1307328472   5.1972426169   3.1306090761 
     4	  5.1954963981   5.7652696929   2.9345752614   5.7618995632   3.2848158029 
     5	  5.1458895137   5.6756262881   3.1902456972   5.6172796332   3.1555265346 
     6	  5.1074461029   5.7284472467   3.1147596143   5.5771350153   3.0285872155 
     7	  5.0245383215   5.7198678325   3.1761556275   5.5367377407   3.0242058238 
     8	  4.9586773816   5.7875738052   3.1046281714   5.5474219974   3.0345445586 
     9	  4.8568878374   5.7752665442   3.1837276871   5.5231955263   3.0296194952 
    10	  4.7819580218   5.8472912660   3.1022130451   5.5328171887   3.0373762432 
    11	  4.6859452435   5.8434950075   3.1849294599   5.5089659178   3.0329817483 
    12	  4.6168793272   5.8930977638   3.1090109102   5.5140631905   3.0406395646 
    13	  4.5451815937   5.9010690477   3.1774281878   5.4955469021   3.0377202179 
    14	  4.4922013361   5.9294403134   3.1201313595   5.4956702663   3.0438089715 
    15	  4.4431792256   5.9391892863   3.1679714093   5.4823162058   3.0427852385 
    16	  4.4064791400   5.9569260760   3.1295810713   5.4798723069   3.0472470211 
    17	  4.3733226354   5.9655117650   3.1605222573   5.4696574775   3.0474550798 
    18	  4.3476578798   5.9780886263   3.1363087953   5.4655468343   3.0509745918 
    19	  4.3243467073   5.9863930921   3.1549901110   5.4565013887   3.0521749220 
    20	  4.3068414804   5.9965356582   3.1415154533   5.4503498200   3.0553824077 
    21	  4.2938191843   6.0041504526   3.1502192512   5.4416499107   3.0574932985 
    22	  4.2872952959   6.0104340989   3.1453144564   5.4352766417   3.0600680508 
    23	  4.2847725093   6.0135675193   3.1473762796   5.4306846171   3.0614501472 
    24	  4.2841429182   6.0147083358   3.1466674104   5.4290900919   3.0620577560 
    25	  4.2840118204   6.0149365494   3.1467939977   5.4287170414   3.0621748195 
    26	  4.2839970223   6.0149646110   3.1467781753   5.4286769732   3.0621899254 
    27	  4.2839960790   6.0149662435   3.1467790205   5.4286743199   3.0621907638 
    28	  4.2839960511   6.0149662960   3.1467789913   5.4286742452   3.0621907919 
    29	  4.2839960501   6.0149662977   3.1467789911   5.4286742425   3.0621907929 
