     1	  0.0000000000  0.0000000000  0.0000000000  0.0000000000  3.1415926536
     2	  0.0000004237  0.0000012580  0.0000000204 -0.0000004390  3.1415926200
     3	  2.4775705465  3.9919768232  0.0363355031 -4.2275350179  1.0361895293
     4	  4.1482885459  3.7002387715  0.8401779173 -3.6628780717  1.1903962562
     5	  4.0986816614  3.6105953666  1.0958483532 -3.8074980018  1.0611069878
     6	  4.0602382508  3.6634163252  1.0203622703 -3.8476426196  0.9341676687
     7	  3.9773304693  3.6548369111  1.0817582835 -3.8880398943  0.9297862770
     8	  3.9114695294  3.7225428837  1.0102308273 -3.8773556375  0.9401250119
     9	  3.8096799852  3.7102356227  1.0893303431 -3.9015821087  0.9351999484
    10	  3.7347501696  3.7822603444  1.0078157011 -3.8919604462  0.9429566964
    11	  3.6387373913  3.7784640860  1.0905321159 -3.9158117171  0.9385622014
    12	  3.5696714749  3.8280668423  1.0146135661 -3.9107144444  0.9462200178
    13	  3.4979737415  3.8360381262  1.0830308438 -3.9292307328  0.9433006711
    14	  3.4449934839  3.8644093919  1.0257340154 -3.9291073687  0.9493894247
    15	  3.3959713734  3.8741583649  1.0735740653 -3.9424614290  0.9483656918
    16	  3.3592712878  3.8918951544  1.0351837272 -3.9449053280  0.9528274743
    17	  3.3261147832  3.9004808434  1.0661249133 -3.9551201574  0.9530355330
    18	  3.3004500277  3.9130577047  1.0419114512 -3.9592308007  0.9565550450
    19	  3.2771388552  3.9213621705  1.0605927670 -3.9682762462  0.9577553752
    20	  3.2596336282  3.9315047366  1.0471181092 -3.9744278150  0.9609628608
    21	  3.2466113322  3.9391195310  1.0558219073 -3.9831277242  0.9630737517
    22	  3.2400874438  3.9454031774  1.0509171123 -3.9895009932  0.9656485040
    23	  3.2375646571  3.9485365978  1.0529789356 -3.9940930178  0.9670306004
    24	  3.2369350660  3.9496774142  1.0522700664 -3.9956875429  0.9676382092
    25	  3.2368039682  3.9499056278  1.0523966536 -3.9960605935  0.9677552727
    26	  3.2367891701  3.9499336895  1.0523808313 -3.9961006617  0.9677703785
    27	  3.2367882268  3.9499353219  1.0523816765 -3.9961033151  0.9677712170
    28	  3.2367881989  3.9499353745  1.0523816472 -3.9961033898  0.9677712451
    29	  3.2367881979  3.9499353762  1.0523816471 -3.9961033925  0.9677712460
