     1	        2.70000E+00  5.44142E+00  5.86630E+04  0.00000E+00  0.00000E+00  5.86712E+04
     2	        2.70000E+00  5.44142E+00  5.86630E+04  0.00000E+00  0.00000E+00  5.86712E+04
     3	        2.69199E+00  6.30980E+00 -6.51294E-01  0.00000E+00  0.00000E+00  8.35050E+00
     4	        2.52095E-01  6.53986E+00 -1.42135E+00  0.00000E+00  0.00000E+00  5.37061E+00
     5	        1.43534E-02  6.48797E+00 -1.90739E+00  0.00000E+00  0.00000E+00  4.59493E+00
     6	        4.37244E-03  6.47719E+00 -2.01514E+00  0.00000E+00  0.00000E+00  4.46642E+00
     7	        7.24975E-03  6.46560E+00 -2.05042E+00  0.00000E+00  0.00000E+00  4.42243E+00
     8	        8.29322E-03  6.46511E+00 -2.10607E+00  0.00000E+00  0.00000E+00  4.36734E+00
     9	        1.07698E-02  6.45572E+00 -2.16523E+00  0.00000E+00  0.00000E+00  4.30126E+00
    10	        9.41095E-03  6.45845E+00 -2.23571E+00  0.00000E+00  0.00000E+00  4.23215E+00
    11	        1.13921E-02  6.44700E+00 -2.29199E+00  0.00000E+00  0.00000E+00  4.16641E+00
    12	        6.44479E-03  6.45141E+00 -2.34584E+00  0.00000E+00  0.00000E+00  4.11202E+00
    13	        7.79294E-03  6.44149E+00 -2.37891E+00  0.00000E+00  0.00000E+00  4.07037E+00
    14	        2.79768E-03  6.44451E+00 -2.40661E+00  0.00000E+00  0.00000E+00  4.04069E+00
    15	        4.22430E-03  6.43719E+00 -2.42098E+00  0.00000E+00  0.00000E+00  4.02043E+00
    16	        8.76722E-04  6.43848E+00 -2.43228E+00  0.00000E+00  0.00000E+00  4.00707E+00
    17	        2.17575E-03  6.43303E+00 -2.43680E+00  0.00000E+00  0.00000E+00  3.99841E+00
    18	        1.69749E-04  6.43288E+00 -2.44013E+00  0.00000E+00  0.00000E+00  3.99292E+00
    19	        1.08990E-03  6.42839E+00 -2.43993E+00  0.00000E+00  0.00000E+00  3.98954E+00
    20	        3.83395E-08  6.42674E+00 -2.43906E+00  0.00000E+00  0.00000E+00  3.98769E+00
    21	        4.51830E-04  6.42277E+00 -2.43637E+00  0.00000E+00  0.00000E+00  3.98684E+00
    22	        8.40476E-05  6.42041E+00 -2.43392E+00  0.00000E+00  0.00000E+00  3.98657E+00
    23	        2.03048E-04  6.41837E+00 -2.43206E+00  0.00000E+00  0.00000E+00  3.98651E+00
    24	        1.56309E-04  6.41773E+00 -2.43138E+00  0.00000E+00  0.00000E+00  3.98650E+00
    25	        1.64208E-04  6.41756E+00 -2.43122E+00  0.00000E+00  0.00000E+00  3.98650E+00
    26	        1.63210E-04  6.41755E+00 -2.43121E+00  0.00000E+00  0.00000E+00  3.98650E+00
    27	        1.63263E-04  6.41755E+00 -2.43121E+00  0.00000E+00  0.00000E+00  3.98650E+00
    28	        1.63261E-04  6.41755E+00 -2.43121E+00  0.00000E+00  0.00000E+00  3.98650E+00
    29	        1.63261E-04  6.41755E+00 -2.43121E+00  0.00000E+00  0.00000E+00  3.98650E+00
