     1	2.7000000000e+00 5.4414172257e+00 5.8663029609e+04    0.0000000000e+00    0.0000000000e+00 5.8671171026e+04 
     2	2.7000000000e+00 5.4414172233e+00 5.8663029604e+04    0.0000000000e+00    0.0000000000e+00 5.8671171021e+04 
     3	2.6919863183e+00 6.3098029470e+00 -6.5129382367e-01    0.0000000000e+00    0.0000000000e+00 8.3504954417e+00 
     4	2.5209001629e-01 6.5398606526e+00 -1.4213483925e+00    0.0000000000e+00    0.0000000000e+00 5.3706022763e+00 
     5	1.4354734149e-02 6.4879729199e+00 -1.9073942873e+00    0.0000000000e+00    0.0000000000e+00 4.5949333667e+00 
     6	4.3717113699e-03 6.4771877229e+00 -2.0151412035e+00    0.0000000000e+00    0.0000000000e+00 4.4664182307e+00 
     7	7.2506901724e-03 6.4656042072e+00 -2.0504224973e+00    0.0000000000e+00    0.0000000000e+00 4.4224324001e+00 
     8	8.2922127142e-03 6.4651135536e+00 -2.1060662976e+00    0.0000000000e+00    0.0000000000e+00 4.3673394686e+00 
     9	1.0770965161e-02 6.4557161023e+00 -2.1652263694e+00    0.0000000000e+00    0.0000000000e+00 4.3012606981e+00 
    10	9.4098759589e-03 6.4584534418e+00 -2.2357121401e+00    0.0000000000e+00    0.0000000000e+00 4.2321511777e+00 
    11	1.1393266924e-02 6.4469993584e+00 -2.2919852713e+00    0.0000000000e+00    0.0000000000e+00 4.1664073540e+00 
    12	6.4439048382e-03 6.4514129697e+00 -2.3458377253e+00    0.0000000000e+00    0.0000000000e+00 4.1120191492e+00 
    13	7.7939160133e-03 6.4414902830e+00 -2.3789086113e+00    0.0000000000e+00    0.0000000000e+00 4.0703755877e+00 
    14	2.7971004807e-03 6.4445082208e+00 -2.4066141169e+00    0.0000000000e+00    0.0000000000e+00 4.0406912044e+00 
    15	4.2250147813e-03 6.4371900936e+00 -2.4209820486e+00    0.0000000000e+00    0.0000000000e+00 4.0204330598e+00 
    16	8.7639467768e-04 6.4384765460e+00 -2.4322830071e+00    0.0000000000e+00    0.0000000000e+00 4.0070699337e+00 
    17	2.1762691682e-03 6.4330272460e+00 -2.4367957459e+00    0.0000000000e+00    0.0000000000e+00 3.9984077693e+00 
    18	1.6960533799e-04 6.4328790751e+00 -2.4401304775e+00    0.0000000000e+00    0.0000000000e+00 3.9929182029e+00 
    19	1.0902663007e-03 6.4283878350e+00 -2.4399336139e+00    0.0000000000e+00    0.0000000000e+00 3.9895444874e+00 
    20	3.6206320292e-08 6.4267437146e+00 -2.4390566967e+00    0.0000000000e+00    0.0000000000e+00 3.9876870541e+00 
    21	4.5206524825e-04 6.4227652678e+00 -2.4363732524e+00    0.0000000000e+00    0.0000000000e+00 3.9868440806e+00 
    22	8.4148909678e-05 6.4204073755e+00 -2.4339229138e+00    0.0000000000e+00    0.0000000000e+00 3.9865686106e+00 
    23	2.0320565770e-04 6.4183659568e+00 -2.4320590725e+00    0.0000000000e+00    0.0000000000e+00 3.9865100900e+00 
    24	1.5644740582e-04 6.4177285070e+00 -2.4313811810e+00    0.0000000000e+00    0.0000000000e+00 3.9865037734e+00 
    25	1.6434959444e-04 6.4175631637e+00 -2.4312239986e+00    0.0000000000e+00    0.0000000000e+00 3.9865035147e+00 
    26	1.6335124248e-04 6.4175470068e+00 -2.4312068472e+00    0.0000000000e+00    0.0000000000e+00 3.9865035109e+00 
    27	1.6340449385e-04 6.4175458339e+00 -2.4312057273e+00    0.0000000000e+00    0.0000000000e+00 3.9865035111e+00 
    28	1.6340265590e-04 6.4175458037e+00 -2.4312056957e+00    0.0000000000e+00    0.0000000000e+00 3.9865035107e+00 
    29	1.6340264233e-04 6.4175458023e+00 -2.4312056942e+00    0.0000000000e+00    0.0000000000e+00 3.9865035108e+00 
