  0.0000000000
  0.0000000000
 -0.0736798299 -2.1179218122  0.0000003348
 -1.3949819732 -1.3240259425 -0.8900001674
 -1.3949824704 -1.3240256438  0.8899998326
 -0.7674000000 -1.2772000000  0.0000000000
  0.0000000000  0.0000000000  0.0000000000
 -0.4226000000  0.9063000000  0.0000000000
  1.4530000000  0.0000000000  0.0000000000
  1.7849000000  0.4924997022 -0.9140001605
  1.9637000000  0.7966003918  1.2022997404
  1.9587000000 -1.4440000000  0.0000004705
  3.1652831807 -1.6829220587  0.0000002030
  2.5693327235  0.1491088271  1.8363760884
  2.5693264643  1.6328977839  0.8532594209
  1.1162722547  1.1752704072  1.7737678175
  1.0068350933 -2.3729235486  0.0000011660
  0.3879547991 -2.2588688168  0.8900014743
  0.3879538466 -2.2588691735 -0.8899985257
  1.4646150134 -3.3621110605  0.0000011192
  0.0000000000  0.0000000000  0.0000000000
  0.0000000000  0.0000000000  0.0000000000
