  0.0000004237
  0.0000012580
 -0.0736798299 -2.1179218122  0.0000003348
 -1.3949819732 -1.3240259425 -0.8900001674
 -1.3949824704 -1.3240256438  0.8899998326
 -0.7674000000 -1.2772000000  0.0000000000
  0.0000000000  0.0000000000  0.0000000000
 -0.4226000000  0.9063000000  0.0000003513
  1.4530000000  0.0000000000 -0.0000005278
  1.7848996680  0.4925010514 -0.9140000818
  1.9637004367  0.7965986169  1.2023002031
  1.9587000000 -1.4440000000 -0.0000023726
  3.1652831807 -1.6829220587 -0.0000038962
  2.5693334076  0.1491061217  1.8363753644
  2.5693267572  1.6328965364  0.8532608974
  1.1162728990  1.1752677713  1.7737691585
  1.0068350933 -2.3729235486 -0.0000021736
  0.3879555119 -2.2588700229  0.8899987850
  0.3879531338 -2.2588679674 -0.8900012150
  1.4646150134 -3.3621110605 -0.0000039275
  0.0000000000  0.0000000000  0.0000000000
  0.0000000000  0.0000000000  0.0000000000
  2.4775705465
  3.9919768232
 -0.0736798299 -2.1179218122  0.0000003348
 -1.3949819732 -1.3240259425 -0.8900001674
 -1.3949824704 -1.3240256438  0.8899998326
 -0.7674000000 -1.2772000000  0.0000000000
  0.0000000000  0.0000000000  0.0000000000
  0.8476231453  0.1430920125  0.5109110779
 -0.4553297968  1.1466115613 -0.7675713021
 -1.2347882038  0.8025649351 -1.4474142036
 -1.0522854465  2.1901977118  0.1787284595
  0.7112087886  1.7021487850 -1.5869824393
  1.7124234827  2.1455287079 -1.0267056305
 -0.5164076261  3.1325260774  0.0649684046
 -2.1047441786  2.3393431483 -0.0622946576
 -0.9609621387  1.8421753797  1.2076312911
  0.5424066195  1.6597783711 -2.9055636220
  1.4169482522  2.0854416528 -3.3976099130
  0.4150706710  0.6246382224 -3.2224110266
 -0.3430493853  2.2344955322 -3.1770820141
  0.0000000000  0.0000000000  0.0000000000
  0.0000000000  0.0000000000  0.0000000000
  4.1482885459
  3.7002387715
 -0.0736798299 -2.1179218122  0.0000003348
 -1.3949819732 -1.3240259425 -0.8900001674
 -1.3949824704 -1.3240256438  0.8899998326
 -0.7674000000 -1.2772000000  0.0000000000
  0.0000000000  0.0000000000  0.0000000000
  0.6679363593  0.2510560272 -0.7005728664
 -0.1853759315  0.9844109692  1.0525111913
 -1.2112126719  0.8981190292  1.4107325518
  0.7679268480  0.6802443210  2.2099254648
  0.0252743481  2.3861642756  0.4766790822
  0.7934864729  2.5643684570 -0.4672595404
  0.7833934947  1.5244171533  2.8992890473
  0.4280118318 -0.2119807950  2.7356611504
  1.7714855381  0.5116242109  1.8193646613
 -0.6733247242  3.3490197341  1.0715021330
 -0.5708796007  4.2748486946  0.5054035710
 -1.7242638025  3.0627656362  1.1128239714
 -0.2972830241  3.4983878523  2.0835970861
  0.0000000000  0.0000000000  0.0000000000
  0.0000000000  0.0000000000  0.0000000000
  4.0986816614
  3.6105953666
 -0.0736798299 -2.1179218122  0.0000003348
 -1.3949819732 -1.3240259425 -0.8900001674
 -1.3949824704 -1.3240256438  0.8899998326
 -0.7674000000 -1.2772000000  0.0000000000
  0.0000000000  0.0000000000  0.0000000000
  0.6972463009  0.2334452777 -0.6777325049
 -0.2294099544  1.0108686181  1.0181967933
 -1.2902038066  0.9952180027  1.2683593831
  0.5775271747  0.6657285261  2.2714494121
  0.1295050566  2.3871401069  0.4543481488
  1.0989733713  2.5232586650 -0.2903193253
  0.3669220205  1.3968746415  3.0519364166
  0.2991046885 -0.3286170672  2.6203958939
  1.6413929050  0.6830634865  2.0348279122
 -0.6747191909  3.3766752482  0.8324874401
 -0.3470117295  4.3078756645  0.3703235584
 -1.6951094936  3.1551697428  0.5196603467
 -0.6410118721  3.4777878872  1.9172429148
  0.0000000000  0.0000000000  0.0000000000
  0.0000000000  0.0000000000  0.0000000000
  4.0602382508
  3.6634163252
 -0.0736798299 -2.1179218122  0.0000003348
 -1.3949819732 -1.3240259425 -0.8900001674
 -1.3949824704 -1.3240256438  0.8899998326
 -0.7674000000 -1.2772000000  0.0000000000
  0.0000000000  0.0000000000  0.0000000000
  0.7192715148  0.2202115249 -0.6588822523
 -0.2624997087  1.0307504513  0.9898769671
 -1.3210953277  0.9836756431  1.2453552201
  0.5610686460  0.7514834107  2.2487083399
  0.0438156687  2.4023703963  0.3851471876
  1.0289794595  2.5617386832 -0.3338665650
  0.3846453477  1.5397400707  2.9805658361
  0.2652663280 -0.2089420782  2.6707151597
  1.6199806733  0.7247159175  1.9916298559
 -0.8219963701  3.3615939548  0.7001161354
 -0.4593163205  4.3170801239  0.3211290494
 -1.7907048418  3.1375805982  0.2534129206
 -0.9253978947  3.4160950853  1.7838098838
  0.0000000000  0.0000000000  0.0000000000
  0.0000000000  0.0000000000  0.0000000000
  3.9773304693
  3.6548369111
 -0.0736798299 -2.1179218122  0.0000003348
 -1.3949819732 -1.3240259425 -0.8900001674
 -1.3949824704 -1.3240256438  0.8899998326
 -0.7674000000 -1.2772000000  0.0000000000
  0.0000000000  0.0000000000  0.0000000000
  0.7645608766  0.1929996111 -0.6149538731
 -0.3305405400  1.0716324854  0.9238808189
 -1.4059883444  1.0394074426  1.0984758548
  0.3915310659  0.8410039433  2.2529159620
  0.0313744547  2.4159747774  0.2893496307
  1.0902566187  2.5532067478 -0.3212751896
  0.1157498221  1.6258819321  2.9571889100
  0.1042228970 -0.1288438366  2.6589395905
  1.4690005959  0.8616863135  2.0894161808
 -0.8720532482  3.3776947731  0.4562591728
 -0.4746613311  4.3191857417  0.0770543873
 -1.7806393601  3.1210969554 -0.0884891051
 -1.1011017441  3.4808175816  1.5168990089
  0.0000000000  0.0000000000  0.0000000000
  0.0000000000  0.0000000000  0.0000000000
  3.9114695294
  3.7225428837
 -0.0736798299 -2.1179218122  0.0000003348
 -1.3949819732 -1.3240259425 -0.8900001674
 -1.3949824704 -1.3240256438  0.8899998326
 -0.7674000000 -1.2772000000  0.0000000000
  0.0000000000  0.0000000000  0.0000000000
  0.7982193313  0.1727760767 -0.5770310013
 -0.3811075858  1.1020154724  0.8669070923
 -1.4554542772  1.0336314412  1.0378242389
  0.3408275035  0.9690288191  2.2093062940
 -0.0710605866  2.4266725351  0.1668906536
  0.9803735803  2.5733722762 -0.4543114881
  0.0838131558  1.8159553476  2.8455045471
  0.0350523700  0.0429802859  2.6960727359
  1.4179000795  0.9534232719  2.0426579812
 -1.0091447090  3.3612559908  0.2913804262
 -0.6520372749  4.2946326794 -0.1438253722
 -1.9125040349  3.0405904037 -0.2275004452
 -1.2315331058  3.5143218127  1.3473958825
  0.0000000000  0.0000000000  0.0000000000
  0.0000000000  0.0000000000  0.0000000000
  3.8096799852
  3.7102356227
 -0.0736798299 -2.1179218122  0.0000003348
 -1.3949819732 -1.3240259425 -0.8900001674
 -1.3949824704 -1.3240256438  0.8899998326
 -0.7674000000 -1.2772000000  0.0000000000
  0.0000000000  0.0000000000  0.0000000000
  0.8458382050  0.1441644860 -0.5135608844
 -0.4526481776  1.1450003222  0.7715522598
 -1.5390579745  1.0900101756  0.8408321046
  0.1352291736  1.0748125379  2.1823623940
 -0.0642474233  2.4322406370  0.0414661581
  1.0525935976  2.5531481649 -0.4595071206
 -0.2386840771  1.9106008027  2.7737472048
 -0.1593530671  0.1365842981  2.6524208590
  1.2225053282  1.1272612226  2.1259688986
 -1.0115740089  3.3650481462  0.0042069234
 -0.6056300686  4.2778380218 -0.4318504233
 -1.8453423426  3.0120061964 -0.6026815314
 -1.3599539145  3.5696182034  1.0165492183
  0.0000000000  0.0000000000  0.0000000000
  0.0000000000  0.0000000000  0.0000000000
  3.7347501696
  3.7822603444
 -0.0736798299 -2.1179218122  0.0000003348
 -1.3949819732 -1.3240259425 -0.8900001674
 -1.3949824704 -1.3240256438  0.8899998326
 -0.7674000000 -1.2772000000  0.0000000000
  0.0000000000  0.0000000000  0.0000000000
  0.8772270066  0.1253046626 -0.4634026007
 -0.4998053922  1.1733345271  0.6961965652
 -1.5840267195  1.0830432396  0.7626906010
  0.0791243411  1.2123586355  2.1119044528
 -0.1524850383  2.4261467547 -0.1104623368
  0.9598212086  2.5519689799 -0.6202370938
 -0.2641632940  2.1134689820  2.6200804854
 -0.2538978761  0.3341341981  2.6649179493
  1.1678410487  1.2172837702  2.0592527588
 -1.1288117338  3.3247377973 -0.2013803298
 -0.7541529389  4.2191022032 -0.6992406977
 -1.9544640985  2.9070333632 -0.7775253008
 -1.4777848114  3.5843551819  0.7980550076
  0.0000000000  0.0000000000  0.0000000000
  0.0000000000  0.0000000000  0.0000000000
  3.6387373913
  3.7784640860
 -0.0736798299 -2.1179218122  0.0000003348
 -1.3949819732 -1.3240259425 -0.8900001674
 -1.3949824704 -1.3240256438  0.8899998326
 -0.7674000000 -1.2772000000  0.0000000000
  0.0000000000  0.0000000000  0.0000000000
  0.9125925029  0.1040554598 -0.3953705033
 -0.5529370255  1.2052584351  0.5939880052
 -1.6392102209  1.1178709425  0.5719918424
 -0.0966354207  1.3124958159  2.0504221196
 -0.1334488380  2.4179772257 -0.2392054210
  1.0250333475  2.5318978483 -0.6365312821
 -0.5471326206  2.1930726105  2.5083805443
 -0.4070048271  0.4207813949  2.5949605572
  0.9892781539  1.4000376386  2.0854744374
 -1.1022885797  3.2967677228 -0.4800841809
 -0.6842129337  4.1703731851 -0.9802322586
 -1.8573934615  2.8389193728 -1.1190781990
 -1.5590834116  3.6010603522  0.4616158064
  0.0000000000  0.0000000000  0.0000000000
  0.0000000000  0.0000000000  0.0000000000
  3.5696714749
  3.8280668423
 -0.0736798299 -2.1179218122  0.0000003348
 -1.3949819732 -1.3240259425 -0.8900001674
 -1.3949824704 -1.3240256438  0.8899998326
 -0.7674000000 -1.2772000000  0.0000000000
  0.0000000000  0.0000000000  0.0000000000
  0.9344913239  0.0908976496 -0.3441424602
 -0.5858368925  1.2250261755  0.5170251491
 -1.6697292749  1.1154513428  0.4812408028
 -0.1581892584  1.4208033144  1.9729441554
 -0.1737274248  2.3981730335 -0.3744683877
  0.9883243507  2.5097280676 -0.7619188589
 -0.5707487372  2.3565650527  2.3500830987
 -0.5289565580  0.5914179531  2.5751545996
  0.9297722224  1.4539068643  2.0307757944
 -1.1527624846  3.2467504971 -0.6750551468
 -0.7426302974  4.0953321036 -1.2226158241
 -1.8953640367  2.7407895861 -1.2920384047
 -1.6224701862  3.5994197743  0.2431242719
  0.0000000000  0.0000000000  0.0000000000
  0.0000000000  0.0000000000  0.0000000000
  3.4979737415
  3.8360381262
 -0.0736798299 -2.1179218122  0.0000003348
 -1.3949819732 -1.3240259425 -0.8900001674
 -1.3949824704 -1.3240256438  0.8899998326
 -0.7674000000 -1.2772000000  0.0000000000
  0.0000000000  0.0000000000  0.0000000000
  0.9539623581  0.0791985644 -0.2892297647
 -0.6150893548  1.2426023887  0.4345266264
 -1.6952351486  1.1276598115  0.3440659825
 -0.2680112143  1.4982222573  1.9025547553
 -0.1566085512  2.3805562917 -0.4796532013
  1.0279581017  2.4920999310 -0.7915611739
 -0.7593996451  2.4113793695  2.2383681492
 -0.6088983866  0.6584407133  2.5080039944
  0.8115016058  1.6069567507  2.0070985658
 -1.1226944353  3.1998841697 -0.8850242076
 -0.6857373858  4.0306420411 -1.4391286610
 -1.8132697815  2.6562875806 -1.5297957087
 -1.6606378179  3.5840437591 -0.0183681537
  0.0000000000  0.0000000000  0.0000000000
  0.0000000000  0.0000000000  0.0000000000
  3.4449934839
  3.8644093919
 -0.0736798299 -2.1179218122  0.0000003348
 -1.3949819732 -1.3240259425 -0.8900001674
 -1.3949824704 -1.3240256438  0.8899998326
 -0.7674000000 -1.2772000000  0.0000000000
  0.0000000000  0.0000000000  0.0000000000
  0.9661566568  0.0718716737 -0.2476817053
 -0.6334095560  1.2536100010  0.3721065704
 -1.7105090545  1.1262424204  0.2637366960
 -0.3194246809  1.5697195004  1.8358003986
 -0.1641680542  2.3584374488 -0.5765963407
  1.0258574733  2.4673470337 -0.8679803975
 -0.7765978178  2.5209734599  2.1081930644
 -0.7183766110  0.7795483891  2.4717822060
  0.7603628163  1.6338396096  1.9701436143
 -1.1275153769  3.1532169842 -1.0340164820
 -0.6855309855  3.9616052982 -1.6164939328
 -1.8038154098  2.5776305213 -1.6660294079
 -1.6825162246  3.5716188535 -0.1943925640
  0.0000000000  0.0000000000  0.0000000000
  0.0000000000  0.0000000000  0.0000000000
  3.3959713734
  3.8741583649
 -0.0736798299 -2.1179218122  0.0000003348
 -1.3949819732 -1.3240259425 -0.8900001674
 -1.3949824704 -1.3240256438  0.8899998326
 -0.7674000000 -1.2772000000  0.0000000000
  0.0000000000  0.0000000000  0.0000000000
  0.9757454891  0.0661102659 -0.2086159706
 -0.6478154142  1.2622656975  0.3134158548
 -1.7204338345  1.1287456861  0.1728029432
 -0.3837604060  1.6222931935  1.7768250576
 -0.1489550719  2.3399332117 -0.6512807699
  1.0514228577  2.4525435050 -0.8948756593
 -0.8921639475  2.5556053179  2.0187826043
 -0.7592983529  0.8266200687  2.4201612185
  0.6882736090  1.7411429835  1.9340456835
 -1.0994493218  3.1079204405 -1.1763541525
 -0.6406938392  3.9019191680 -1.7656174868
 -1.7414082110  2.5040222316 -1.8176946135
 -1.6950277755  3.5470687923 -0.3760483238
  0.0000000000  0.0000000000  0.0000000000
  0.0000000000  0.0000000000  0.0000000000
  3.3592712878
  3.8918951544
 -0.0736798299 -2.1179218122  0.0000003348
 -1.3949819732 -1.3240259425 -0.8900001674
 -1.3949824704 -1.3240256438  0.8899998326
 -0.7674000000 -1.2772000000  0.0000000000
  0.0000000000  0.0000000000  0.0000000000
  0.9818436198  0.0624462310 -0.1790363777
 -0.6569769891  1.2677703895  0.2689767191
 -1.7267470595  1.1264824925  0.1149001584
 -0.4176611076  1.6679311656  1.7262037440
 -0.1462904827  2.3210355207 -0.7162645434
  1.0576673445  2.4333028539 -0.9416715495
 -0.9003992410  2.6249467577  1.9241284471
 -0.8356040191  0.9070019027  2.3852305012
  0.6534889611  1.7569246133  1.9073617512
 -1.0910231296  3.0691225202 -1.2791071741
 -0.6257782782  3.8461921658 -1.8855985947
 -1.7212995554  2.4434871948 -1.9111308414
 -1.7000514387  3.5306294000 -0.5018361098
  0.0000000000  0.0000000000  0.0000000000
  0.0000000000  0.0000000000  0.0000000000
  3.3261147832
  3.9004808434
 -0.0736798299 -2.1179218122  0.0000003348
 -1.3949819732 -1.3240259425 -0.8900001674
 -1.3949824704 -1.3240256438  0.8899998326
 -0.7674000000 -1.2772000000  0.0000000000
  0.0000000000  0.0000000000  0.0000000000
  0.9865497040  0.0596186009 -0.1521044178
 -0.6640472120  1.2720185018  0.2285152760
 -1.7301808344  1.1257249755  0.0551164201
 -0.4557822170  1.7030414482  1.6817035817
 -0.1341701868  2.3052607503 -0.7677323257
  1.0747166054  2.4221484605 -0.9623003319
 -0.9702466254  2.6477241395  1.8577436969
 -0.8584720965  0.9403362925  2.3481325677
  0.6097205362  1.8281289784  1.8744664406
 -1.0685522607  3.0314438040 -1.3748023977
 -0.5925511159  3.7972815376 -1.9872053085
 -1.6761720794  2.3852908454 -2.0083687787
 -1.7025105030  3.5067513571 -0.6263145449
  0.0000000000  0.0000000000  0.0000000000
  0.0000000000  0.0000000000  0.0000000000
  3.3004500277
  3.9130577047
 -0.0736798299 -2.1179218122  0.0000003348
 -1.3949819732 -1.3240259425 -0.8900001674
 -1.3949824704 -1.3240256438  0.8899998326
 -0.7674000000 -1.2772000000  0.0000000000
  0.0000000000  0.0000000000  0.0000000000
  0.9896654568  0.0577465146 -0.1311414259
 -0.6687281879  1.2748310456  0.1970213593
 -1.7326355124  1.1231992504  0.0147609313
 -0.4771991698  1.7337555181  1.6439547731
 -0.1297279948  2.2900122964 -0.8128074924
  1.0811983009  2.4085608202 -0.9931695619
 -0.9744702954  2.6926826162  1.7897950460
 -0.9078317471  0.9947101220  2.3195088959
  0.5871307325  1.8408159022  1.8533359095
 -1.0588439566  2.9992888503 -1.4473278305
 -0.5777273937  3.7523596614 -2.0714536635
 -1.6571223144  2.3369784220 -2.0730512138
 -1.7029433419  3.4896666869 -0.7174511642
  0.0000000000  0.0000000000  0.0000000000
  0.0000000000  0.0000000000  0.0000000000
  3.2771388552
  3.9213621705
 -0.0736798299 -2.1179218122  0.0000003348
 -1.3949819732 -1.3240259425 -0.8900001674
 -1.3949824704 -1.3240256438  0.8899998326
 -0.7674000000 -1.2772000000  0.0000000000
  0.0000000000  0.0000000000  0.0000000000
  0.9920950132  0.0562867263 -0.1120256185
 -0.6723782511  1.2770241700  0.1683025747
 -1.7337422516  1.1213084635 -0.0250078939
 -0.4996684463  1.7590166191  1.6100951889
 -0.1215584976  2.2767076808 -0.8505688437
  1.0916882614  2.4005470277 -1.0106402035
 -1.0157384357  2.7103514540  1.7394123769
 -0.9212223822  1.0212573656  2.2927440371
  0.5609749351  1.8888161235  1.8252421930
 -1.0434858863  2.9670803392 -1.5156863086
 -0.5559015998  3.7107983242 -2.1459774887
 -1.6261886419  2.2885350582 -2.1387076962
 -1.7037371790  3.4675554626 -0.8074156894
  0.0000000000  0.0000000000  0.0000000000
  0.0000000000  0.0000000000  0.0000000000
  3.2596336282
  3.9315047366
 -0.0736798299 -2.1179218122  0.0000003348
 -1.3949819732 -1.3240259425 -0.8900001674
 -1.3949824704 -1.3240256438  0.8899998326
 -0.7674000000 -1.2772000000  0.0000000000
  0.0000000000  0.0000000000  0.0000000000
  0.9936679974  0.0553416057 -0.0976302597
 -0.6747414364  1.2784440795  0.1466755935
 -1.7347426355  1.1188809814 -0.0509273813
 -0.5113293860  1.7803604679  1.5827423680
 -0.1187816113  2.2646888317 -0.8824494968
  1.0953707455  2.3923893761 -1.0322939085
 -1.0175876621  2.7394262037  1.6922166082
 -0.9484799725  1.0579959540  2.2720135489
  0.5484754642  1.9012280583  1.8070306473
 -1.0374651011  2.9394956482 -1.5677247449
 -0.5471781741  3.6734358794 -2.2073123584
 -1.6124875977  2.2476260911 -2.1831818870
 -1.7054407141  3.4503175577 -0.8742379419
  0.0000000000  0.0000000000  0.0000000000
  0.0000000000  0.0000000000  0.0000000000
  3.2466113322
  3.9391195310
 -0.0736798299 -2.1179218122  0.0000003348
 -1.3949819732 -1.3240259425 -0.8900001674
 -1.3949824704 -1.3240256438  0.8899998326
 -0.7674000000 -1.2772000000  0.0000000000
  0.0000000000  0.0000000000  0.0000000000
  0.9946979185  0.0547227821 -0.0869017726
 -0.6762887465  1.2793737739  0.1305575659
 -1.7352848656  1.1170003229 -0.0701211378
 -0.5196413148  1.7960991009  1.5621189019
 -0.1164350854  2.2554393448 -0.9061335015
  1.0983063121  2.3892145899 -1.0455402566
 -1.0345669347  2.7516057647  1.6618573520
 -0.9514680725  1.0763387688  2.2574437199
  0.5386879377  1.9284711134  1.7868795985
 -1.0325508600  2.9148730176 -1.6095714011
 -0.5405075895  3.6419511892 -2.2556152088
 -1.5982323323  2.2107512434 -2.2197671468
 -1.7095192268  3.4322121339 -0.9297710936
  0.0000000000  0.0000000000  0.0000000000
  0.0000000000  0.0000000000  0.0000000000
  3.2400874438
  3.9454031774
 -0.0736798299 -2.1179218122  0.0000003348
 -1.3949819732 -1.3240259425 -0.8900001674
 -1.3949824704 -1.3240256438  0.8899998326
 -0.7674000000 -1.2772000000  0.0000000000
  0.0000000000  0.0000000000  0.0000000000
  0.9951688398  0.0544398312 -0.0815213783
 -0.6769962388  1.2797988676  0.1224742880
 -1.7358913290  1.1155875480 -0.0772397336
 -0.5207174755  1.8055986626  1.5507679775
 -0.1176142230  2.2496346197 -0.9203003110
  1.0970283103  2.3881506172 -1.0558862871
 -1.0319464238  2.7638285180  1.6431240480
 -0.9566428097  1.0923235443  2.2502060345
  0.5377510903  1.9352268582  1.7764698896
 -1.0340097188  2.8984962107 -1.6331422925
 -0.5426610994  3.6205539123 -2.2853163943
 -1.5954792584  2.1860870018 -2.2375816397
 -1.7147242953  3.4204802388 -0.9606731642
  0.0000000000  0.0000000000  0.0000000000
  0.0000000000  0.0000000000  0.0000000000
  3.2375646571
  3.9485365978
 -0.0736798299 -2.1179218122  0.0000003348
 -1.3949819732 -1.3240259425 -0.8900001674
 -1.3949824704 -1.3240256438  0.8899998326
 -0.7674000000 -1.2772000000  0.0000000000
  0.0000000000  0.0000000000  0.0000000000
  0.9953428763  0.0543352621 -0.0794398378
 -0.6772577040  1.2799559678  0.1193470691
 -1.7362288966  1.1149189151 -0.0792798284
 -0.5202634513  1.8097359092  1.5460906895
 -0.1187522904  2.2470557292 -0.9264340956
  1.0957245574  2.3890983818 -1.0598379685
 -1.0334649298  2.7670799579  1.6366762952
 -0.9537145422  1.0972967614  2.2479143849
  0.5382130828  1.9422493044  1.7700731752
 -1.0356882229  2.8896312126 -1.6442578925
 -0.5451804554  3.6094673528 -2.2995134994
 -1.5942747031  2.1724871666 -2.2457621824
 -1.7188876544  3.4134207358 -0.9757240781
  0.0000000000  0.0000000000  0.0000000000
  0.0000000000  0.0000000000  0.0000000000
  3.2369350660
  3.9496774142
 -0.0736798299 -2.1179218122  0.0000003348
 -1.3949819732 -1.3240259425 -0.8900001674
 -1.3949824704 -1.3240256438  0.8899998326
 -0.7674000000 -1.2772000000  0.0000000000
  0.0000000000  0.0000000000  0.0000000000
  0.9953856073  0.0543095873 -0.0789202855
 -0.6773219012  1.2799945404  0.1185665156
 -1.7363699404  1.1146888191 -0.0794262349
 -0.5197134479  1.8110102812  1.5447829082
 -0.1193936271  2.2462507544 -0.9283018905
  1.0949865273  2.3895396369 -1.0612524789
 -1.0323517168  2.7687292005  1.6345916710
 -0.9534144237  1.0994694721  2.2473631723
  0.5388873154  1.9431308423  1.7684100723
 -1.0366994672  2.8867073955 -1.6475452752
 -0.5466438867  3.6057452341 -2.3040145921
 -1.5945220012  2.1679700015 -2.2478555518
 -1.7205137114  3.4111523631 -0.9801548766
  0.0000000000  0.0000000000  0.0000000000
  0.0000000000  0.0000000000  0.0000000000
  3.2368039682
  3.9499056278
 -0.0736798299 -2.1179218122  0.0000003348
 -1.3949819732 -1.3240259425 -0.8900001674
 -1.3949824704 -1.3240256438  0.8899998326
 -0.7674000000 -1.2772000000  0.0000000000
  0.0000000000  0.0000000000  0.0000000000
  0.9953944698  0.0543042624 -0.0788120968
 -0.6773352158  1.2800025404  0.1184039775
 -1.7363977283  1.1146426895 -0.0794661170
 -0.5196101920  1.8112692292  1.5445140231
 -0.1195177551  2.2460870640 -0.9286819138
  1.0948426359  2.3896673656 -1.0614985543
 -1.0323673828  2.7689325507  1.6342367238
 -0.9531207887  1.0997822167  2.2472662416
  0.5390021556  1.9435703610  1.7679795354
 -1.0368932567  2.8860694909 -1.6482584852
 -0.5469296074  3.6049540030 -2.3049643020
 -1.5945100563  2.1669801814 -2.2483384123
 -1.7208783716  3.4106311258 -0.9811349265
  0.0000000000  0.0000000000  0.0000000000
  0.0000000000  0.0000000000  0.0000000000
  3.2367891701
  3.9499336895
 -0.0736798299 -2.1179218122  0.0000003348
 -1.3949819732 -1.3240259425 -0.8900001674
 -1.3949824704 -1.3240256438  0.8899998326
 -0.7674000000 -1.2772000000  0.0000000000
  0.0000000000  0.0000000000  0.0000000000
  0.9953954694  0.0543036617 -0.0787998846
 -0.6773367176  1.2800034428  0.1183856303
 -1.7364012335  1.1146370740 -0.0794682938
 -0.5195957440  1.8113000165  1.5444827785
 -0.1195340688  2.2460675640 -0.9287269752
  1.0948238178  2.3896792527 -1.0615325789
 -1.0323404141  2.7689717312  1.6341874450
 -0.9531106092  1.0998341015  2.2472537230
  0.5390197140  1.9435929474  1.7679384108
 -1.0369190378  2.8859973272 -1.6483383123
 -0.5469669325  3.6048623589 -2.3050740658
 -1.5945167531  2.1668685681 -2.2483886976
 -1.7209194494  3.4105747389 -0.9812428433
  0.0000000000  0.0000000000  0.0000000000
  0.0000000000  0.0000000000  0.0000000000
  3.2367882268
  3.9499353219
 -0.0736798299 -2.1179218122  0.0000003348
 -1.3949819732 -1.3240259425 -0.8900001674
 -1.3949824704 -1.3240256438  0.8899998326
 -0.7674000000 -1.2772000000  0.0000000000
  0.0000000000  0.0000000000  0.0000000000
  0.9953955331  0.0543036235 -0.0787991061
 -0.6773368133  1.2800035003  0.1183844607
 -1.7364014318  1.1146367439 -0.0794685906
 -0.5195950127  1.8113018731  1.5444808472
 -0.1195349521  2.2460663901 -0.9287297004
  1.0948227935  2.3896801515 -1.0615343520
 -1.0323404818  2.7689732197  1.6341848763
 -0.9531085741  1.0998363740  2.2472530169
  0.5390205298  1.9435960379  1.7679353489
 -1.0369204157  2.8859927720 -1.6483434140
 -0.5469689634  3.6048567024 -2.3050808602
 -1.5945166701  2.1668615034 -2.2483921494
 -1.7209220404  3.4105710237 -0.9812498494
  0.0000000000  0.0000000000  0.0000000000
  0.0000000000  0.0000000000  0.0000000000
  3.2367881989
  3.9499353745
 -0.0736798299 -2.1179218122  0.0000003348
 -1.3949819732 -1.3240259425 -0.8900001674
 -1.3949824704 -1.3240256438  0.8899998326
 -0.7674000000 -1.2772000000  0.0000000000
  0.0000000000  0.0000000000  0.0000000000
  0.9953955350  0.0543036223 -0.0787990831
 -0.6773368162  1.2800035020  0.1183844262
 -1.7364014383  1.1146367334 -0.0794685949
 -0.5195949858  1.8113019309  1.5444807884
 -0.1195349826  2.2460663535 -0.9287297850
  1.0948227584  2.3896801734 -1.0615344160
 -1.0323404319  2.7689732930  1.6341847838
 -0.9531085550  1.0998364711  2.2472529933
  0.5390205624  1.9435960807  1.7679352717
 -1.0369204637  2.8859926370 -1.6483435636
 -0.5469690330  3.6048565309 -2.3050810657
 -1.5945166825  2.1668612947 -2.2483922438
 -1.7209221170  3.4105709183 -0.9812500515
  0.0000000000  0.0000000000  0.0000000000
  0.0000000000  0.0000000000  0.0000000000
  3.2367881979
  3.9499353762
 -0.0736798299 -2.1179218122  0.0000003348
 -1.3949819732 -1.3240259425 -0.8900001674
 -1.3949824704 -1.3240256438  0.8899998326
 -0.7674000000 -1.2772000000  0.0000000000
  0.0000000000  0.0000000000  0.0000000000
  0.9953955351  0.0543036223 -0.0787990823
 -0.6773368163  1.2800035020  0.1183844250
 -1.7364014385  1.1146367330 -0.0794685952
 -0.5195949850  1.8113019329  1.5444807864
 -0.1195349836  2.2460663523 -0.9287297879
  1.0948227572  2.3896801743 -1.0615344180
 -1.0323404310  2.7689732951  1.6341847808
 -0.9531085537  1.0998364740  2.2472529925
  0.5390205634  1.9435960830  1.7679352687
 -1.0369204653  2.8859926323 -1.6483435689
 -0.5469690352  3.6048565250 -2.3050810728
 -1.5945166827  2.1668612874 -2.2483922472
 -1.7209221197  3.4105709145 -0.9812500586
  0.0000000000  0.0000000000  0.0000000000
  0.0000000000  0.0000000000  0.0000000000
