   -452.8004    -947.3485 
   1341.3753   -1764.3307 
   -350.1628    -306.7236 
  -2702.6643    -205.8452 
  -3475.0839   -1299.8239 
   -956.2864   -1697.1455 
  -1274.3193   -1034.1616 
  -1360.8770   -1872.2846 
   -699.3650    -166.5096 
   -619.3973    -347.9657 
   -674.6430    -862.8415 
  -1904.9428    -504.5818 
  -1452.3265     937.4717 
  -1022.2565    -872.0190 
   1323.3778   -1603.6099 
   -406.0034    -406.8333 
  -2614.3399    -351.0717 
  -3636.0093   -1318.3783 
   -940.5223   -1624.1319 
  -1292.1812   -1247.3417 
  -1377.7357   -1866.3100 
   -825.1822     -88.2361 
   -720.9370    -236.9399 
   -787.1164    -699.8535 
  -1922.0701    -689.2455 
  -1449.7113    1089.1351 
  -1450.4497    -922.6376 
   1310.2753   -1579.1793 
   -531.7902    -467.2246 
  -2652.3209    -482.2247 
  -3950.6779   -1352.6064 
   -962.9884   -1678.5954 
  -1233.8276   -1331.9525 
  -1309.7810   -1981.3622 
   -912.3844     193.4798 
   -685.0774    -184.9844 
   -717.4397    -793.6967 
  -1609.5718    -797.2989 
  -1540.9121    1128.8169 
  -1673.5841    -828.6551 
   1247.2870   -1619.9947 
   -416.0492    -431.2761 
  -2599.6143    -300.1552 
  -3577.2827   -1271.2480 
   -877.7770   -1525.1766 
  -1236.5270   -1317.7001 
  -1324.6306   -1921.3078 
   -742.3254    -108.9306 
   -632.2299    -161.3755 
   -737.8647    -760.4963 
  -1772.4179    -705.6787 
  -1572.6718    1059.4185 
  -1753.8146    -886.7943 
   1307.4057   -1807.6521 
   -272.6954    -400.7810 
  -2589.3972    -416.2312 
  -3811.0242   -1432.4682 
   -961.4877   -1556.7674 
  -1245.7838   -1257.7160 
  -1350.1455   -2011.7329 
   -799.3697      32.8524 
   -615.0669    -163.8961 
   -804.9986    -723.7303 
  -1761.4515    -673.7305 
  -1565.1292    1051.0499 
  -1372.3257    -875.2081 
   1361.6606   -1668.1192 
   -236.4333    -567.9499 
  -2771.7614    -180.1960 
  -3859.1235   -1447.6581 
   -965.6742   -1795.1139 
  -1242.7160   -1282.8651 
  -1292.0609   -2074.2164 
   -862.3546      50.4448 
   -767.8295    -169.4431 
   -612.0488    -689.2999 
  -1827.6116    -512.7285 
  -1606.4668    1194.8031 
  -1638.3417    -828.7104 
   1294.4377   -1544.8766 
   -258.9355    -508.9124 
  -2791.5947    -407.9239 
  -3871.1253   -1344.2195 
   -989.3995   -1746.4056 
  -1464.3473   -1154.5238 
  -1424.2242   -2117.1711 
   -872.4516     -66.2261 
   -583.5159    -380.3663 
   -687.9130    -585.4657 
  -2041.9714    -661.7967 
  -1630.0934    1042.8107 
  -1517.5955   -1009.5326 
   1286.3333   -1687.1436 
   -514.8624    -507.2316 
  -2638.6107    -489.4045 
  -3552.1979   -1336.7245 
   -976.0292   -1426.8448 
  -1412.1002   -1186.4789 
  -1410.3222   -2025.6315 
   -839.2465      94.4194 
   -593.7459    -366.1233 
   -654.9072    -715.9640 
  -1940.9927    -572.0781 
  -1596.0106    1018.3469 
  -1579.1450   -1007.5489 
   1204.0259   -1584.2447 
   -448.9500    -388.4002 
  -2673.1950    -408.8368 
  -3364.9412   -1451.7860 
   -938.8435   -1495.7202 
  -1488.6506   -1240.5910 
  -1295.3152   -2096.2087 
   -825.7866     -60.9750 
   -617.9403    -288.4278 
   -834.4611    -807.3635 
  -1951.9804    -605.2848 
  -1624.1155    1093.7098 
  -1463.3013    -981.5876 
   1251.8324   -1740.4128 
   -437.8874    -546.0870 
  -2585.0410    -272.1259 
  -3899.7493   -1409.5022 
   -864.5478   -1629.5923 
  -1500.2009   -1184.4049 
  -1403.0215   -2095.7508 
   -824.3596      -0.8250 
   -619.1803    -361.4697 
   -783.5529    -756.5100 
  -1973.9542    -810.7303 
  -1680.9311    1106.7983 
  -1431.9058   -1060.6592 
   1402.6533   -1748.6160 
   -473.1009    -583.0494 
  -2702.7488    -290.4061 
  -3796.3634   -1259.2056 
   -924.1104   -1613.4923 
  -1468.9280   -1199.2044 
  -1343.6054   -2022.3467 
   -817.7755       9.3182 
   -642.4387    -381.1467 
   -764.0567    -743.0327 
  -1821.1498    -581.7858 
  -1624.7369    1081.7803 
  -1570.7861   -1009.9548 
   1336.1888   -1710.2330 
   -442.6838    -455.4316 
  -2686.1056    -316.9340 
  -3851.6243   -1462.7044 
   -940.5067   -1727.6317 
  -1481.2666   -1084.4143 
  -1461.7182   -2051.8362 
   -790.6025     -27.2290 
   -650.6624    -450.4687 
   -769.9270    -837.1180 
  -1899.3952    -672.1764 
  -1541.5782    1141.6251 
  -1659.1233   -1019.2925 
   1301.3371   -1829.6350 
   -443.2888    -577.8511 
  -2714.2742    -355.5175 
  -3991.9504   -1271.6195 
   -921.5594   -1656.4362 
  -1444.3426   -1229.9666 
  -1418.5747   -2050.1305 
   -795.3761    -139.0830 
   -649.2553    -297.1812 
   -846.2393    -679.9282 
  -2152.9371    -700.6037 
  -1593.1153    1045.7481 
  -1341.5789    -942.8007 
   1314.4103   -1585.9922 
   -494.8189    -385.0353 
  -2628.0142    -300.1607 
  -3757.7251   -1378.4966 
   -846.0230   -1684.5345 
  -1429.7895   -1274.1853 
  -1438.5208   -2062.8201 
   -909.5715      39.4722 
   -666.1882    -329.9274 
   -658.9800    -792.5290 
  -1467.4539    -606.5063 
  -1485.8877    1254.6277 
  -1406.8004    -855.4201 
   1293.9085   -1604.3650 
   -384.0031    -407.5180 
  -2794.0983    -256.8621 
  -3711.0223   -1353.3016 
   -775.3340   -1650.2381 
  -1344.1333   -1243.4561 
  -1407.4583   -2075.6333 
   -851.5285     -18.0333 
   -595.0069    -463.0477 
   -778.2996    -839.5833 
  -1736.7229    -806.9559 
  -1578.1894    1130.1648 
  -1447.8705    -936.7823 
   1329.0009   -1575.2216 
   -480.0036    -454.3491 
  -2763.2087    -339.3306 
  -3969.8806   -1440.9492 
   -992.7180   -1746.0153 
  -1516.7023   -1214.6316 
  -1415.0938   -2010.2791 
   -806.8967    -129.9919 
   -597.7037    -432.3049 
   -750.4390    -684.5444 
  -1918.0425    -534.0651 
  -1504.5166    1029.0362 
  -1346.4393   -1025.5177 
   1239.1067   -1678.8358 
   -534.9120    -390.8844 
  -2695.5672    -411.4270 
  -3747.7804   -1488.6885 
   -857.2225   -1591.9893 
  -1484.8295   -1129.4316 
  -1455.0913   -2035.8443 
   -780.6495    -111.5097 
   -621.2122    -317.3580 
   -743.0539    -684.7142 
  -1912.4091    -572.1048 
  -1492.2966    1103.3440 
  -1556.8174    -981.3593 
   1257.6674   -1580.5582 
   -534.8149    -573.7246 
  -2515.4293    -268.0813 
  -3906.8082   -1321.2697 
   -764.8465   -1751.5030 
  -1416.6056   -1042.2509 
  -1297.6301   -2109.4421 
   -714.2746     -66.1757 
   -570.0609    -348.6787 
   -723.6041    -764.5995 
  -1940.3097    -812.0882 
  -1430.6769     918.9304 
  -1387.9155   -1004.0210 
   1165.9278   -1750.3051 
   -464.1177    -437.6613 
  -2729.7091    -436.7428 
  -3539.5070   -1365.7614 
   -885.7618   -1586.4224 
  -1344.6130    -991.6093 
  -1384.0722   -1920.7212 
   -757.6417     -47.8805 
   -673.9615    -273.4312 
   -729.7312    -634.4368 
  -1886.2999    -714.7897 
  -1477.7433     993.9136 
  -1551.3011   -1028.6084 
   1276.3343   -1721.6685 
   -526.6193    -321.2026 
  -2653.4817    -379.9839 
  -3484.7505   -1371.7818 
   -825.9786   -1614.7350 
  -1452.9871   -1158.4583 
  -1430.0556   -1943.8178 
   -774.3624      25.9789 
   -581.1160    -430.6638 
   -832.4633    -816.0854 
  -1912.2758    -691.9660 
  -1451.8306    1062.1914 
  -1480.9303   -1030.9133 
   1251.3013   -1602.9904 
   -695.7482    -326.9734 
  -2643.8940    -369.5754 
  -3704.4357   -1541.5577 
   -925.0606   -1727.2223 
  -1437.0621   -1143.9538 
  -1427.5562   -1949.1683 
   -845.2250      64.1680 
   -574.0218    -273.2990 
   -763.7415    -785.4671 
  -1676.5955    -712.4400 
  -1486.8953    1002.8456 
  -1400.9928    -979.6460 
   1164.2213   -1676.7076 
   -461.0541    -449.9870 
  -2627.1248    -347.8656 
  -3736.3914   -1388.8343 
   -912.5240   -1666.7888 
  -1460.4565   -1212.5183 
  -1315.1819   -1913.1417 
   -762.3610      37.1704 
   -562.1699    -281.5631 
   -676.0273    -608.2068 
  -1860.7468    -768.9663 
  -1388.4276    1045.0543 
  -1508.4658    -950.0734 
   1250.7053   -1808.3150 
   -604.1506    -523.2161 
  -2587.9109    -413.0987 
  -3738.1859   -1423.1721 
   -993.8064   -1598.1882 
  -1350.2568   -1383.4571 
  -1320.6920   -1888.3673 
   -772.1992     -22.6369 
   -692.5589    -363.2751 
   -708.5108    -795.1726 
  -1770.9124    -657.9914 
  -1590.4352     929.0958 
  -1438.4469    -940.1634 
   1193.1051   -1643.3472 
   -457.6576    -525.6299 
  -2500.8612    -224.2258 
  -3615.5434   -1299.9195 
   -933.6359   -1738.8179 
  -1272.9072   -1223.2382 
  -1294.5890   -1964.6475 
   -937.9374      17.4254 
   -674.1328    -218.4370 
   -748.2366    -742.5836 
  -1687.0284    -684.3285 
  -1384.5157     927.6259 
   -879.8381    -899.6798 
   1297.6345   -1509.3026 
   -405.8055    -386.7326 
  -2693.0434    -145.8328 
  -3772.9777   -1272.3850 
  -1063.7994   -1745.4111 
  -1284.2964   -1219.2465 
  -1386.0091   -1798.8392 
   -791.5074     -75.5337 
   -719.5313    -377.4023 
   -950.0744    -614.3830 
  -1786.6547    -391.6367 
  -1463.5169    1107.3108 
   -977.1223    -856.9094 
   1163.7420   -1414.2880 
   -228.0590    -369.9838 
  -2795.3313    -311.2005 
  -3657.6572   -1451.1947 
  -1010.3443   -1521.9120 
  -1424.1067   -1345.5300 
  -1198.1118   -2124.6998 
   -808.4030    -106.4956 
   -547.8933    -211.0563 
   -948.7911    -678.6060 
  -1807.2910    -705.5889 
  -1617.2042    1080.1220 
  -1305.2032    -973.5398 
   1273.9824   -1467.1646 
   -297.3202    -552.7459 
  -2715.3524    -139.8645 
  -3681.1494   -1340.3551 
   -823.4408   -1552.7004 
  -1344.8305   -1274.9951 
  -1222.6963   -1961.9045 
   -840.5949    -180.2488 
   -648.2925    -287.2478 
  -1083.7017    -719.8635 
  -1638.8958    -720.6812 
  -1490.3958    1012.6671 
  -1334.4773   -1127.6460 
   1205.0374   -1747.9049 
   -601.2323    -343.0946 
  -3031.4132    -398.3885 
  -3575.1970   -1469.2680 
  -1002.1208   -1470.2119 
  -1324.0866   -1058.9048 
  -1237.1837   -1935.8673 
   -842.2758     -62.4300 
   -690.5780    -225.8655 
   -751.0809    -810.6678 
  -1942.4128    -659.8619 
  -1442.1442     957.9135 
  -1500.1090    -878.5328 
   1207.8575   -1756.6455 
   -366.4175    -486.6338 
  -2577.9716    -406.5552 
  -3865.8381   -1405.4008 
   -932.1332   -1531.4324 
  -1294.2797   -1229.4695 
  -1261.7721   -1995.9908 
   -873.9222      11.7327 
   -555.1395    -248.6839 
   -703.4635    -570.4784 
  -1794.3492    -744.7989 
  -1498.0947    1024.8282 
  -1447.5876    -978.9162 
   1345.6982   -1656.3465 
   -575.6668    -594.0650 
  -2534.6603    -354.2565 
  -3856.2432   -1339.8252 
  -1005.3716   -1622.6796 
  -1331.5380   -1246.0651 
  -1259.7140   -2053.8937 
   -797.1832     -53.6325 
   -614.4895    -239.4642 
   -754.5974    -711.1422 
  -1780.0552    -558.8810 
  -1499.0256    1153.7384 
  -1449.4639   -1072.4506 
   1237.6872   -1640.6968 
   -482.3533    -687.8388 
  -2715.1803    -231.8452 
  -3878.2868   -1332.9594 
   -974.1663   -1712.9645 
  -1387.8862   -1338.4305 
  -1310.0849   -2098.4752 
   -886.8815       3.7960 
   -678.0296    -348.7479 
   -586.6647    -708.2141 
  -1734.2838    -621.8327 
  -1527.2092     966.4155 
  -1391.6078    -900.2726 
   1385.2654   -1790.2353 
   -373.7547    -624.9174 
  -2571.8081    -291.4033 
  -3883.1311   -1419.3304 
   -970.1581   -1821.1367 
  -1447.7236   -1145.3901 
  -1279.4762   -2029.8227 
   -922.1842     -64.4799 
   -621.3458    -269.9425 
   -784.0233    -768.0645 
  -1974.4920    -738.7912 
  -1481.4430    1048.5517 
  -1490.8581   -1036.6126 
   1240.9059   -1880.1906 
   -568.6931    -670.1508 
  -2698.6638    -105.5849 
  -3916.3826   -1383.1822 
   -970.7948   -1719.9530 
  -1442.9663   -1183.9368 
  -1379.5783   -2007.4970 
   -951.3328      50.4824 
   -702.9964    -402.2276 
   -728.6965    -562.7363 
  -1823.6784    -671.4321 
  -1515.2684    1166.5542 
  -1449.7760   -1064.6020 
   1218.3211   -1602.2554 
   -495.3800    -572.5224 
  -2508.7981    -300.6223 
  -3755.2359   -1433.4392 
   -801.1451   -1873.5402 
  -1472.8685   -1240.0298 
  -1346.1655   -1971.0882 
   -887.8158      58.2245 
   -709.8933    -329.7221 
   -809.9852    -648.5614 
  -2017.8373    -624.8815 
  -1492.4974    1027.2079 
  -1445.6285   -1060.1338 
   1294.6091   -1622.5748 
   -506.2025    -536.6901 
  -2640.4741    -334.2274 
  -3893.0936   -1479.2736 
  -1021.7863   -1947.8117 
  -1512.5940   -1151.8362 
  -1240.5240   -1959.6644 
   -942.5175      42.8666 
   -598.2505    -389.4148 
   -652.5835    -650.8446 
  -1751.2347    -720.5008 
  -1443.9792    1100.8438 
  -1499.8134    -877.1305 
   1415.8600   -1424.8148 
   -484.9659    -578.4294 
  -2608.8525    -361.2610 
  -3890.0976   -1395.9027 
  -1031.7288   -1683.4192 
  -1329.3399   -1348.4118 
  -1341.2681   -2033.2737 
   -912.1263    -128.7271 
   -612.7255    -305.3774 
  -1051.6977    -632.7380 
  -1926.9433    -792.0149 
  -1548.6856     978.7887 
  -1481.4513    -954.6784 
   1290.3236   -1678.5508 
   -431.1407    -548.6465 
  -2379.7610    -243.8919 
  -3895.3240   -1507.9704 
   -927.3420   -1694.6182 
  -1441.5806   -1187.4906 
  -1392.4474   -2055.7007 
   -901.8876     -67.1774 
   -611.9408    -290.1694 
   -698.2964    -663.9457 
  -1978.9663    -591.0307 
  -1631.2827    1008.7374 
  -1359.1280   -1044.4894 
   1205.5510   -1661.6998 
   -476.1623    -465.2010 
  -2645.0416    -447.1559 
  -3542.7485   -1430.8234 
  -1057.8458   -1681.7374 
  -1420.5223   -1213.6549 
  -1371.9495   -2001.9797 
   -828.0089     -11.6122 
   -754.4923    -228.9567 
   -759.4678    -810.7701 
  -1869.4361    -525.0610 
  -1559.1317    1008.5414 
  -1440.8903    -839.2182 
   1211.4035   -1714.4115 
   -362.0664    -435.0048 
  -2801.7104    -340.2688 
  -3747.1558   -1341.5863 
  -1070.7316   -1549.8697 
  -1378.4267   -1206.3981 
  -1406.3357   -1994.1415 
   -934.0898      22.6598 
   -724.4917    -406.6442 
   -614.1962    -706.8057 
  -1961.5632    -722.0403 
  -1421.6029     994.4298 
  -1607.2261   -1050.9457 
   1371.8099   -1806.8691 
   -570.4479    -440.6618 
  -2819.5054    -418.0547 
  -4096.4620   -1376.1373 
   -857.5912   -1764.2716 
  -1490.0108   -1226.4266 
  -1354.1527   -1975.8357 
   -893.6152     151.7276 
   -776.4997    -329.9691 
   -688.2413    -737.2776 
  -2137.4057    -661.3854 
  -1554.8362    1027.6856 
  -1311.9988   -1057.6866 
   1275.9409   -1621.2545 
   -436.8200    -405.3680 
  -2758.6119    -343.3080 
  -3997.3077   -1459.4090 
   -974.1636   -1781.6085 
  -1381.8120   -1264.8042 
  -1324.4258   -2152.1501 
   -801.8160     -35.1113 
   -676.2619    -430.5599 
   -706.2397    -797.1953 
  -1744.6560    -531.7705 
  -1468.0379    1230.0635 
  -1204.0489    -879.5505 
   1346.0006   -1508.9080 
   -525.6061    -564.3932 
  -2714.1711    -371.5862 
  -3880.3380   -1304.1584 
   -858.7590   -1651.0739 
  -1415.5859   -1237.5058 
  -1363.6587   -2021.5898 
   -791.3457     -35.5149 
   -684.2803    -264.9707 
   -750.9989    -614.5169 
  -1958.7845    -799.6127 
  -1530.8658    1056.7725 
  -1370.1349   -1034.0522 
   1208.7619   -1632.7020 
   -498.3226    -584.7361 
  -2390.9134    -276.9453 
  -3853.2054   -1289.6758 
   -816.0444   -1873.7510 
  -1312.9276   -1220.9584 
  -1335.4109   -1974.1707 
   -957.6139     106.8170 
   -711.9274    -414.2570 
   -597.6606    -599.2847 
  -1748.1146    -644.1262 
  -1345.2352    1171.1211 
  -1486.4198    -804.6734 
   1328.7526   -1631.2909 
   -262.3085    -591.1655 
  -2390.3286    -212.6781 
  -3823.7696   -1416.4476 
   -950.1420   -1623.2853 
  -1411.8175   -1119.3335 
  -1369.9615   -2164.9355 
   -836.0334     -18.2366 
   -643.4478    -290.8261 
   -978.0995    -515.2862 
  -1837.1666    -983.9327 
  -1467.9596    1161.1479 
  -1454.8923    -996.9927 
   1223.2511   -1578.7123 
   -473.3544    -616.4985 
  -2487.5690    -243.6103 
  -4095.9052   -1340.2599 
   -929.1915   -1603.2348 
  -1481.6592   -1228.2195 
  -1340.6757   -2007.4982 
   -880.3933     -12.6748 
   -665.8608    -413.4290 
   -755.2638    -578.5302 
  -1673.0910    -843.4222 
  -1401.8015    1223.1535 
  -1861.9237   -1060.5203 
   1346.0344   -1573.4644 
   -555.1269    -487.7583 
  -2356.8415    -356.7120 
  -3892.0752   -1452.3923 
   -945.8011   -1588.4193 
  -1369.3376   -1244.9285 
  -1326.8281   -2174.6666 
   -866.4296    -133.7687 
   -730.7024    -211.6162 
   -954.4404    -771.5414 
  -1801.4489    -868.8093 
  -1461.4952    1339.2649 
  -1455.1469    -977.1651 
   1257.8497   -1760.4424 
   -393.8816    -429.8209 
  -2723.3696    -326.3558 
  -3906.8589   -1580.8878 
  -1071.8528   -1743.9967 
  -1477.0722   -1281.7445 
  -1335.6054   -2224.9321 
   -903.8494     -23.7130 
   -620.7900    -231.5215 
  -1108.0816    -754.6086 
  -1626.3299    -849.3314 
  -1371.9117    1127.3705 
  -1493.5008    -854.8584 
   1279.8504   -1789.7733 
   -308.1637    -368.9357 
  -2777.8419    -247.7550 
  -3914.9784   -1537.5712 
   -936.9832   -1656.8161 
  -1472.5873   -1246.0244 
  -1339.1191   -2044.5082 
   -897.0545     -47.4218 
   -584.2372    -192.3368 
   -989.0873    -653.5306 
  -1968.8000    -692.7168 
  -1598.2321    1056.2847 
  -1417.1397    -921.7917 
   1276.7248   -1742.0711 
   -465.7783    -535.4801 
  -2767.8638    -239.5810 
  -4036.6936   -1612.5862 
   -934.4977   -1584.7887 
  -1261.5340   -1257.9779 
  -1358.6501   -2008.3470 
   -914.8386    -143.5108 
   -685.5417    -154.8088 
   -984.5919    -687.1289 
  -2023.2068    -832.1049 
  -1467.8487    1196.6934 
  -1416.2774   -1024.8811 
   1245.1030   -1823.7121 
   -510.0975    -502.5045 
  -2859.1461    -257.8093 
  -4056.6786   -1477.6574 
   -944.2437   -1676.3188 
  -1419.0418   -1194.8087 
  -1364.2712   -2127.6702 
   -810.2918     -34.1007 
   -636.5556    -123.0576 
  -1011.5276    -774.5445 
  -1583.2849    -574.5501 
  -1656.1000    1290.0881 
  -1594.4287   -1050.8051 
   1296.4939   -1530.5274 
   -377.8990    -363.7327 
  -2841.3687    -342.7452 
  -3877.8557   -1576.4202 
   -901.7368   -1765.8848 
  -1507.7495   -1294.4655 
  -1347.7583   -2183.0175 
   -905.2802     125.9138 
   -672.0817    -277.7051 
   -804.1825    -786.8767 
  -1736.6108    -727.7345 
  -1513.9880    1179.0076 
  -1629.1738    -962.0606 
   1211.5066   -1753.5876 
   -496.0973    -641.8099 
  -2712.3563    -419.3921 
  -3812.2362   -1433.6387 
   -912.2155   -1597.8363 
  -1479.3205   -1355.2467 
  -1236.8538   -2076.4801 
   -850.0353     -86.9746 
   -663.1926    -199.7135 
   -911.2265    -819.5098 
  -1698.2147    -688.7864 
  -1489.6670    1155.7330 
  -1777.1683    -898.6804 
   1399.5329   -1755.0568 
   -360.7661    -498.8111 
  -2633.5165    -420.9125 
  -3932.4459   -1374.6700 
  -1001.3417   -1778.9609 
  -1391.5195   -1204.3851 
  -1270.9683   -2108.4097 
   -892.5102     -12.3913 
   -684.8859    -198.2253 
   -701.2875    -663.7479 
  -1884.4089    -821.3201 
  -1476.1902    1133.5712 
  -1574.3188    -968.2955 
   1315.8631   -1688.1768 
   -320.3663    -571.2217 
  -2842.2133    -381.7451 
  -3825.8581   -1488.0667 
   -973.4037   -1650.2086 
  -1331.2431   -1262.9234 
  -1266.5782   -2214.7428 
   -984.9033      88.4127 
   -670.6452    -143.6165 
   -660.1722    -808.0663 
  -1668.9672    -633.5399 
  -1598.9101    1284.6149 
  -1642.2792    -885.9756 
   1306.7654   -1894.8251 
    -63.1437    -444.5035 
  -2730.5348    -311.6573 
  -3817.7595   -1411.2743 
   -817.1239   -1563.8057 
  -1396.3580   -1262.3151 
  -1222.0382   -2104.4362 
   -814.1598      16.0961 
   -660.5279    -335.5871 
   -739.6042    -763.3882 
  -1971.0857    -597.6704 
  -1524.8322    1075.7556 
  -1573.2811   -1175.5064 
   1314.0944   -1765.1168 
   -652.1748    -525.3639 
  -2811.3665    -462.9509 
  -3838.6099   -1492.2439 
   -920.2461   -1636.7791 
  -1523.7323   -1228.9958 
  -1272.7621   -2154.6598 
   -920.5652     182.8464 
   -732.7641    -405.3193 
   -810.7634    -718.9588 
  -2026.9133    -796.4501 
  -1536.0226    1077.4762 
  -1515.3013   -1123.5888 
   1134.2963   -1774.1982 
   -324.5981    -421.5325 
  -2639.6086    -278.3842 
  -3606.1081   -1273.6330 
   -823.2866   -1493.6745 
  -1499.9068   -1251.5186 
  -1226.5847   -2070.8168 
   -886.0036     115.4713 
   -715.8608    -350.2209 
   -787.6984    -669.4237 
  -2080.7575    -733.1888 
  -1423.2295     968.0240 
  -1285.2790   -1070.1655 
   1348.9446   -1740.8173 
   -469.9500    -496.1190 
  -2641.5789    -137.7332 
  -4007.2524   -1542.5979 
   -859.1481   -1722.0279 
  -1421.0344   -1259.3474 
  -1261.4147   -2114.6494 
   -918.9878      81.7841 
   -635.1014    -362.2893 
   -825.3656    -678.7333 
  -1994.6892    -706.3162 
  -1534.3418     995.3724 
  -1365.9919    -990.9325 
   1301.5422   -1806.6815 
   -589.4818    -620.9630 
  -2696.1276    -197.0642 
  -3762.6041   -1489.9527 
   -896.7605   -1696.6523 
  -1497.4088   -1180.2976 
  -1323.3148   -2099.3096 
   -930.9341      62.7090 
   -708.7406    -279.1689 
   -723.9082    -713.3219 
  -1758.2871    -704.2702 
  -1407.8782    1113.8375 
  -1600.1067    -955.5449 
   1251.9803   -1785.3534 
   -527.6154    -542.9564 
  -2757.1487    -290.5815 
  -3788.1875   -1474.1415 
   -823.3356   -1597.3967 
  -1464.0650   -1174.6442 
  -1295.5035   -2014.5078 
   -981.0756      20.6794 
   -612.7684    -315.5920 
   -881.7428    -699.7900 
  -1953.7916    -728.5342 
  -1513.4880    1182.8675 
  -1527.9322    -979.9642 
   1231.5179   -1753.8486 
   -405.1970    -459.7145 
  -2983.3798    -399.2533 
  -3669.5946   -1511.7794 
   -821.2756   -1739.5954 
  -1353.5302   -1297.1082 
  -1306.4619   -2061.0516 
   -951.1627       7.9314 
   -668.2569    -313.8789 
   -734.3790    -785.6148 
  -1795.3277    -599.7392 
  -1514.5079    1170.7343 
  -1713.0055    -954.1241 
   1283.1880   -1733.5119 
   -248.1866    -508.1122 
  -2691.4063    -303.6639 
  -3720.3321   -1377.6884 
   -926.7693   -1675.4554 
  -1267.2210   -1372.0255 
  -1344.2933   -2126.8746 
   -882.0395     -11.3864 
   -689.0167    -292.0728 
   -810.1725    -895.2203 
  -1552.1176    -662.8700 
  -1383.1739    1141.7301 
  -1633.1592    -852.3453 
   1308.7407   -1767.3453 
   -270.2400    -338.7590 
  -2583.4276    -370.0651 
  -3604.1611   -1319.2236 
   -815.6661   -1396.5685 
  -1400.2373   -1343.8957 
  -1354.2547   -2166.8026 
   -786.3939     -19.4090 
   -634.5698    -242.1987 
   -767.7212    -694.4390 
  -1880.3702    -700.8844 
  -1484.4408     993.3683 
  -1510.3223   -1004.4056 
   1203.0129   -1455.1334 
   -396.8625    -411.1616 
  -2547.3682    -396.4339 
  -3559.8982   -1452.1807 
  -1021.3592   -1531.6390 
  -1377.2307   -1297.5286 
  -1224.5466   -1964.7499 
   -894.9092      -3.1556 
   -625.6300    -234.6566 
   -996.2836    -739.1218 
  -1890.6502    -801.3625 
  -1431.7410     889.8262 
  -1581.1173   -1034.4878 
   1307.4470   -1707.1288 
   -416.3221    -459.5359 
  -2602.1825    -410.9885 
  -3759.6988   -1415.1898 
   -989.5162   -1419.4399 
  -1344.0901   -1141.0749 
  -1287.6066   -2045.2722 
   -841.1668      14.8648 
   -583.6804    -182.1087 
  -1006.9294    -818.1441 
  -2104.1335    -738.4806 
  -1454.8671     861.7637 
  -1321.7513    -849.4393 
   1289.8287   -1611.2464 
   -610.0730    -517.3368 
  -2756.8257    -371.2499 
  -3839.8411   -1471.4096 
  -1067.7816   -1729.3462 
  -1441.8853   -1199.8310 
  -1323.3102   -1942.9714 
   -967.3879      41.0704 
   -724.8008    -459.0795 
   -566.6350    -726.4311 
  -1808.1696    -501.0312 
  -1456.4535    1060.1089 
  -1553.5510    -934.6771 
   1181.0573   -1484.5993 
   -400.2549    -456.9473 
  -2880.7991    -332.3591 
  -3478.0669   -1402.9216 
  -1006.6465   -1469.4084 
  -1351.1551   -1246.0821 
  -1311.0902   -1959.8851 
   -990.5216      77.4981 
   -698.6585    -311.5673 
   -657.8137    -738.8253 
  -1746.3370    -552.6330 
  -1488.5880     957.7959 
  -1401.0774    -838.6900 
   1163.0215   -1714.1359 
   -391.7934    -506.7158 
  -2824.4523    -543.4542 
  -3408.9436   -1325.7936 
   -980.3235   -1525.5322 
  -1271.9664   -1272.7662 
  -1203.3397   -1883.8097 
   -818.0809    -123.7127 
   -601.2770    -322.0907 
   -648.9650    -722.3878 
  -1755.5033    -598.9211 
  -1455.5760     969.4292 
  -1419.0022    -932.1950 
   1169.6356   -1621.4184 
   -449.3253    -602.3801 
  -2657.2304    -453.0497 
  -3726.8570   -1369.1893 
  -1021.7462   -1697.8775 
  -1359.2123   -1370.4706 
  -1317.0395   -1883.2516 
  -1000.5441     116.4726 
   -730.0719    -390.8720 
   -634.8702    -734.8642 
  -1780.6710    -661.2028 
  -1410.9767     808.7941 
  -1534.7676    -855.5337 
   1225.5081   -1615.6818 
   -574.1841    -525.9411 
  -2669.4707    -233.1124 
  -3426.5764   -1332.8838 
   -996.8890   -1540.1670 
  -1402.8826   -1353.1289 
  -1189.1888   -2081.8392 
   -975.2377     -83.9192 
   -663.4906    -296.1822 
   -785.2302    -687.4878 
  -1679.8580    -784.7443 
  -1547.6058    1039.2495 
  -1546.1766    -912.0513 
   1266.3480   -1624.4956 
   -315.3839    -672.1192 
  -2712.2802    -117.8791 
  -3910.4737   -1394.8227 
   -946.2679   -1585.0234 
  -1434.9532   -1294.5203 
  -1164.2978   -2041.3004 
   -956.6259     -91.0421 
   -704.9028    -290.9673 

