   -468.5442   -1979.2907 
   1155.8377   -1481.0759 
   -562.8482     119.7521 
  -2599.0532    -458.3181 
  -3260.6219   -2401.4549 
   -216.2141   -1616.8593 
  -1002.7930     320.0148 
  -1953.9603     207.1478 
   -897.3640   -1882.0790 
   -205.2718   -1132.4182 
     23.6358     -97.0435 
  -2729.1849   -1635.5488 
   -618.9259   -2289.9429 
  -1363.0675   -1915.5828 
   1177.3859   -1520.8340 
   -550.8813     -27.9701 
  -2413.5042    -718.6333 
  -3225.4101   -2410.6549 
   -575.0010   -1646.3077 
   -968.7717     187.2742 
  -1999.1520     183.0251 
   -965.9842   -1577.3491 
   -263.5694   -1177.3411 
    125.4711     -44.7907 
  -2665.8603   -1502.9625 
   -730.8675   -2302.7999 
   -934.2198   -1986.7623 
   1390.8800   -1441.8272 
   -516.9636    -136.2826 
  -2343.1593    -682.7107 
  -3027.7094   -2326.5465 
   -520.2435   -1437.3574 
   -922.3522     105.7642 
  -1987.9623     307.4672 
   -878.3865   -1556.4320 
   -291.1414   -1122.5951 
    155.8544     -39.2120 
  -2512.4681   -1403.8579 
   -656.7194   -2183.6579 
  -1311.9769   -1822.3707 
   1312.7799   -1418.3481 
   -768.8322      56.8309 
  -2381.7179    -594.6075 
  -3045.6078   -2297.8152 
   -591.8564   -1656.9144 
  -1048.0060      24.7895 
  -1906.9425     117.7830 
   -875.2817   -1777.1885 
   -260.7727   -1239.9935 
     40.4272    -186.4936 
  -2717.8143   -1418.2649 
   -911.6936   -2204.6266 
  -1287.9088   -1973.0069 
   1196.7663   -1276.8061 
   -568.9635      -8.0777 
  -2490.9246    -569.5906 
  -3134.6988   -2458.0106 
   -553.4924   -1444.0913 
  -1001.8095      94.3439 
  -1857.4282       0.7625 
   -882.0409   -1807.9164 
   -254.7962   -1329.2268 
     54.9644    -244.8006 
  -2445.3153   -1415.4311 
   -862.7958   -2084.5019 
  -1062.1477   -1946.5616 
   1248.9182   -1482.1071 
   -587.6557    -105.2040 
  -2624.9377    -760.9768 
  -2783.2862   -2428.1328 
   -631.2986   -1394.5178 
  -1025.2975     208.5961 
  -1918.3979     104.4319 
   -911.8640   -1559.9734 
   -259.1267   -1194.4685 
     54.9269    -329.8856 
  -2406.2814   -1403.5393 
   -841.3919   -2170.9735 
  -1229.6504   -2080.9939 
   1055.3514   -1295.3527 
   -459.9664     -47.4520 
  -2441.0867    -661.3092 
  -3085.5563   -2280.1373 
   -535.8123   -1519.6679 
   -959.2176      13.5280 
  -1918.1982      -8.0443 
   -812.8508   -1714.1642 
   -266.6206   -1236.3129 
    118.8105    -120.4217 
  -2645.3669   -1488.4280 
   -867.3863   -2201.7473 
  -1151.8996   -1922.7688 
   1257.7873   -1505.8715 
   -629.2122     -36.0107 
  -2384.6327    -707.8675 
  -2848.3538   -2434.3398 
   -357.8956   -1483.2273 
  -1032.5792     129.3867 
  -2000.4358     140.8204 
   -850.4558   -1698.4548 
   -302.3039   -1216.3525 
    235.2243    -120.7734 
  -2529.8426   -1365.3226 
   -948.5862   -2317.7983 
  -1072.8313   -1922.7429 
   1167.9108   -1465.5666 
   -672.2090      35.6387 
  -2386.6554    -639.8733 
  -3172.2838   -2414.9100 
   -297.2596   -1574.6124 
  -1129.6702     162.7027 
  -1872.3763     180.7700 
  -1041.3871   -1659.3049 
   -273.4744   -1226.3918 
    -16.7525    -112.2107 
  -2696.8060   -1428.0620 
   -902.0228   -2376.4619 
  -1199.4988   -2076.3992 
   1143.5929   -1450.0714 
   -557.4971     -87.2622 
  -2560.8174    -785.8200 
  -2766.7306   -2390.8453 
   -409.6922   -1554.0510 
  -1077.8736       6.8234 
  -1851.1003      92.4170 
   -896.9995   -1688.6200 
   -251.9994   -1174.5170 
     90.9028      -9.9973 
  -2388.4593   -1384.5908 
   -885.9876   -2261.6134 
  -1124.8368   -1931.8470 
   1169.6933   -1321.2274 
   -664.4419     -16.1260 
  -2378.9623    -599.8730 
  -3076.9283   -2372.2664 
   -416.2080   -1492.1961 
  -1018.7228      65.1621 
  -1817.2071      61.4292 
   -818.2013   -1644.0868 
   -208.0833   -1194.2929 
      1.0478    -187.4949 
  -2748.5734   -1440.8566 
   -826.5515   -2301.5369 
  -1212.9934   -1901.2233 
   1158.4349   -1336.5126 
   -686.7174      15.1239 
  -2331.3695    -570.5101 
  -3146.6843   -2471.5989 
   -346.7756   -1584.3438 
   -987.1678      27.6762 
  -1802.2642       1.8605 
   -878.3026   -1915.8528 
   -262.5393   -1214.7492 
     50.3186    -177.9391 
  -2459.2619   -1456.6243 
   -866.1432   -2197.2787 
  -1312.0939   -1895.4728 
   1154.2293   -1385.5564 
   -674.6181     -85.1517 
  -2511.1583    -520.9689 
  -2871.1952   -2410.8877 
   -448.1926   -1538.1234 
  -1023.9085     100.3655 
  -1958.8600     109.0809 
   -887.1458   -1820.2423 
   -210.6769   -1282.9534 
     22.8566    -183.9162 
  -2713.3799   -1522.6148 
   -673.9917   -2312.5569 
  -1478.9398   -1963.4276 
   1175.4435   -1413.5894 
   -817.6099      39.4734 
  -2578.3769    -731.0433 
  -3101.3454   -2322.8220 
   -346.4205   -1475.6632 
   -941.6013     -11.4691 
  -1933.7573     175.3225 
   -886.8203   -1781.9286 
   -328.2195   -1249.2825 
     97.8268    -122.2009 
  -2644.8330   -1568.7307 
   -625.8899   -2095.1471 
  -1364.6664   -1926.8130 
   1251.0032   -1305.6934 
   -421.3854      16.7129 
  -2497.1265    -608.5484 
  -3056.0572   -2348.9641 
   -389.4902   -1602.5790 
   -896.6634     -25.6255 
  -1917.9380     166.2287 
   -895.2680   -1858.4883 
   -253.7227   -1147.2533 
     81.2787     -52.4092 
  -2588.1305   -1526.3001 
   -734.9734   -2225.8874 
  -1345.1634   -1922.3879 
   1236.7942   -1617.5996 
   -616.1644     -80.3665 
  -2483.7260    -568.2894 
  -3353.5354   -2335.7480 
   -525.7758   -1566.7148 
   -957.2453     282.6585 
  -1900.2910     174.2584 
   -979.1815   -1756.6621 
   -224.6738   -1170.7186 
     -7.0727    -110.1045 
  -2311.8044   -1639.6129 
   -726.1771   -2094.9333 
  -1525.6330   -1930.3313 
   1229.2233   -1536.6382 
   -711.5565    -113.9201 
  -2517.7519    -653.0725 
  -3108.1608   -2331.8291 
   -423.6489   -1624.8684 
  -1009.2907     172.2538 
  -1983.9043     190.2497 
   -967.7142   -1694.5306 
   -210.9871   -1217.5180 
     68.4164    -290.6403 
  -2364.8259   -1500.9716 
   -667.0726   -1980.8593 
  -1413.0530   -1872.6864 
   1142.7993   -1496.4770 
   -623.9194    -126.8955 
  -2497.1448    -650.5366 
  -3224.3955   -2435.2961 
   -473.2478   -1686.0294 
   -940.5247     142.7161 
  -2036.1060     208.8527 
   -897.6260   -1685.0937 
   -210.5834   -1190.3020 
     -0.5768    -194.8953 
  -2677.3736   -1634.1301 
   -771.9037   -2163.8601 
  -1280.4444   -2062.2110 
   1131.1995   -1279.7350 
   -753.4981    -150.6079 
  -2289.9949    -643.5768 
  -3113.2996   -2337.3562 
   -453.4131   -1546.0874 
  -1087.8377       1.2564 
  -2007.4956     153.6591 
   -912.4787   -1758.8585 
   -323.5226   -1247.9678 
    -31.8840    -217.5567 
  -2627.4409   -1463.9021 
   -744.3850   -2326.7053 
  -1313.6878   -1940.0314 
   1238.4822   -1477.1630 
   -838.5697    -126.3208 
  -2452.6876    -713.7926 
  -3467.1667   -2397.8236 
   -578.7300   -1594.4571 
  -1042.3436     173.0384 
  -1992.5902     235.9587 
   -914.1216   -1838.6542 
   -242.4981   -1278.2603 
    102.1446    -140.2998 
  -2296.4149   -1590.8046 
   -758.1898   -2183.1185 
  -1443.9711   -1949.0380 
   1271.3451   -1470.0393 
   -647.6972     -27.8844 
  -2513.7163    -567.0196 
  -3138.6883   -2318.9859 
   -480.7955   -1595.1158 
   -808.6421     223.6958 
  -1899.8230     245.7245 
  -1008.1221   -1634.4477 
   -192.1858   -1140.3116 
     46.3121    -238.5683 
  -2466.1776   -1482.8454 
   -922.3755   -2174.7372 
  -1355.0037   -2026.7198 
   1245.8433   -1426.9783 
   -456.0249    -100.0298 
  -2509.0026    -496.8332 
  -3328.6673   -2377.8119 
   -362.7809   -1701.8396 
   -870.8323     312.9241 
  -1977.0012     282.9338 
  -1104.2858   -1630.1715 
   -239.8246   -1098.8233 
    -27.9523    -398.4235 
  -2024.5998   -1356.8700 
   -826.2311   -2203.5554 
  -1361.0314   -2135.5842 
   1303.0606   -1682.3257 
   -429.9127    -150.6187 
  -2387.7418    -534.8830 
  -3415.8613   -2453.1483 
   -487.7633   -1696.8604 
  -1023.0021     165.5830 
  -1963.0962     147.1179 
  -1062.8857   -1532.9134 
   -332.2536   -1134.9642 
     24.6520    -227.3343 
  -2294.7154   -1395.5183 
   -727.0607   -2228.5459 
  -1360.0050   -2022.4741 
   1212.2639   -1518.2249 
   -740.6690      15.6775 
  -2386.5968    -456.4216 
  -3340.1407   -2397.4511 
   -521.1010   -1671.3792 
  -1108.3010     166.2502 
  -1913.9075     237.6407 
   -977.4199   -1620.2033 
   -247.7510   -1152.3083 
     93.5191    -399.5408 
  -2169.4416   -1309.0367 
   -775.6375   -2068.2100 
  -1383.0094   -1951.1420 
   1202.5735   -1556.0479 
   -585.0612    -159.8205 
  -2175.0027    -542.6547 
  -3288.7904   -2347.9535 
   -382.6356   -1717.0711 
   -867.6164     189.1218 
  -1790.4648     234.6015 
  -1011.5540   -1779.2878 
   -247.4763   -1180.3972 
     74.2319    -206.3695 
  -2454.7784   -1225.7930 
   -865.9005   -2205.1162 
  -1408.1196   -1880.2049 
   1233.8281   -1376.4530 
   -719.4040      21.5619 
  -2173.1982    -423.6569 
  -3465.6963   -2293.8283 
   -343.8237   -1647.6117 
   -848.8628      86.3209 
  -1808.1160     120.2388 
   -936.0736   -1662.6364 
   -300.2270   -1198.8278 
     60.4716    -208.2383 
  -2369.9629   -1268.9481 
   -715.2973   -2154.3001 
  -1578.9106   -2069.1984 
   1295.1166   -1404.9275 
   -611.8875    -202.1381 
  -2097.3815    -542.6307 
  -3483.2220   -2264.6641 
   -672.0904   -1626.8799 
  -1026.7529     -31.5860 
  -1936.4331     243.0060 
   -932.1406   -1714.1564 
   -362.4825   -1245.0570 
    113.3521    -164.8835 
  -2813.4072   -1583.3760 
   -742.4598   -2323.1761 
  -1402.2980   -1970.1702 
   1244.0181   -1396.7590 
   -516.5448     -28.4438 
  -2380.2079    -560.5139 
  -3075.7032   -2388.6986 
   -462.9344   -1665.4679 
  -1055.1075    -109.8804 
  -1975.1550     137.1180 
   -980.5753   -1709.8003 
   -339.9284   -1195.3152 
     64.2891    -135.2970 
  -2827.4337   -1535.4267 
   -824.2186   -2337.3176 
  -1250.7761   -1888.5601 
   1130.7100   -1403.4335 
   -714.8963     -51.3274 
  -2488.0091    -726.0191 
  -3158.4831   -2368.8288 
   -480.2546   -1624.4348 
  -1001.9546     -77.6501 
  -1932.6277     -68.3919 
   -880.8584   -1712.9580 
   -364.9156   -1168.2453 
    119.7636    -237.9508 
  -2562.1279   -1463.2422 
   -864.4140   -2101.0899 
  -1493.7604   -2059.7929 
   1126.9057   -1294.1753 
   -565.3925    -173.4845 
  -2132.0145    -563.3913 
  -3096.9294   -2246.0645 
   -572.1899   -1624.6190 
  -1028.7367       7.6937 
  -1921.2877     -31.7225 
   -954.4461   -1673.5083 
   -252.2841   -1240.1946 
    142.2494    -346.6305 
  -2289.0091   -1270.4290 
   -855.3633   -2057.1510 
  -1524.7661   -2025.7156 
   1125.6971   -1312.9487 
   -681.0407      12.7733 
  -2313.3909    -557.1663 
  -3022.3754   -2199.3206 
   -612.7715   -1550.9834 
  -1002.4410      75.6576 
  -1909.1518      98.2578 
   -938.2066   -1711.3652 
   -174.1474   -1052.5974 
     31.2614    -228.2734 
  -2584.0985   -1381.8058 
   -821.6828   -2249.2006 
  -1473.9092   -2061.5373 
   1198.8864   -1452.6020 
   -774.3338      53.2230 
  -2593.9027    -591.8446 
  -3088.0437   -2283.8108 
   -435.2688   -1501.7408 
   -924.1384     229.4936 
  -1909.9456      57.1823 
   -955.9939   -1872.2432 
   -182.8268   -1354.9185 
    116.0145    -286.7515 
  -2683.1690   -1307.2180 
   -980.2847   -2252.4026 
  -1329.6064   -2000.8147 
   1089.3562   -1445.8573 
   -800.0280     -33.4049 
  -2446.2255    -596.7873 
  -3060.0043   -2400.9801 
   -443.7053   -1697.3085 
   -777.9474     -20.9262 
  -1891.7120     161.1998 
   -848.5496   -1713.5684 
   -269.6835   -1275.1885 
    159.4467    -172.5966 
  -2634.6694   -1456.8613 
   -745.3020   -2311.5651 
  -1492.7981   -2066.5895 
   1203.2229   -1378.6352 
   -727.3879      19.8442 
  -2391.3791    -657.2840 
  -3263.5639   -2276.3102 
   -468.6833   -1623.8683 
   -899.2589      15.8240 
  -1904.1944     175.6372 
   -933.6603   -1885.8155 
   -184.2993   -1294.3058 
    151.7343    -231.8453 
  -2815.3011   -1512.8002 
   -743.6191   -2179.4905 
  -1453.2853   -1813.4782 
   1167.8430   -1361.6879 
   -788.7008     -92.2585 
  -2206.9093    -612.2503 
  -3094.5263   -2284.4966 
   -565.9766   -1580.9389 
  -1047.9443      48.5743 
  -1901.9387     149.9066 
   -890.6038   -1852.3655 
   -202.8798   -1184.6089 
     48.3922    -162.1911 
  -2634.0578   -1413.8541 
   -626.0837   -2256.3154 
  -1500.4537   -1936.4951 
   1180.7269   -1540.9174 
   -580.0637      92.2732 
  -2406.9408    -559.1589 
  -3143.4593   -2289.2085 
   -510.9145   -1636.8715 
  -1068.3448      58.9007 
  -1916.9122      38.6255 
   -915.1412   -1856.2820 
   -240.6996   -1242.8727 
     27.3428    -411.1949 
  -2337.8752   -1384.3214 
  -1070.4359   -2230.3914 
  -1181.9648   -2211.0309 
   1268.5242   -1504.9534 
   -417.4588      10.9680 
  -2365.0868    -451.7197 
  -3259.3737   -2500.5258 
   -279.3644   -1615.3120 
  -1011.5837     228.9460 
  -1912.0545      32.7737 
   -963.4318   -1806.3440 
   -146.8271   -1267.3164 
    -15.8625    -286.0522 
  -2031.7122   -1201.4597 
  -1339.3370   -1992.4173 
  -1536.0754   -2020.3843 
   1150.1938   -1392.9672 
   -470.2389      83.5414 
  -2383.4597    -298.8550 
  -3428.9987   -2397.5929 
   -281.0093   -1881.0583 
   -753.2019     251.4307 
  -1944.2454      65.9055 
   -923.6276   -2026.7865 
   -112.0055   -1343.2808 
    138.8101    -380.5578 
  -2104.2248   -1267.3725 
  -1175.8380   -2082.1418 
  -1588.9941   -2105.0126 
   1161.9122   -1536.6911 
   -445.0711     -10.9012 
  -2596.3048    -452.7343 
  -3214.5837   -2386.8618 
   -425.3867   -1617.9331 
   -848.9403     334.4669 
  -1879.2561     136.5499 
  -1068.0707   -1563.9271 
   -248.6212   -1422.8350 
    178.2773    -390.9711 
  -2209.8804   -1251.7263 
  -1304.8604   -2107.2177 
  -1475.6350   -2161.4416 
   1239.6591   -1575.6499 
   -395.4236      70.2926 
  -2620.5067    -328.6314 
  -3194.9003   -2502.1660 
   -372.6104   -1682.2328 
   -827.8428     238.6973 
  -1959.2805     132.4105 
  -1040.2100   -1827.3097 
   -160.2228   -1423.2576 
    -20.6757    -472.3749 
  -2108.3079   -1338.1938 
  -1161.8601   -2142.9567 
  -1286.8634   -2152.7815 
   1011.9943   -1439.1559 
   -534.3460     116.0613 
  -2726.6456    -378.9356 
  -3084.6502   -2384.4808 
   -525.1685   -1592.2087 
   -827.9009     249.5436 
  -2055.9788     -85.7705 
   -888.8093   -1840.5484 
   -125.8584   -1358.3019 
    192.2014    -543.0799 
  -2100.3040   -1508.3266 
  -1307.2146   -2180.2206 
  -1363.7447   -2162.8484 
   1068.8874   -1519.6542 
   -361.6850     188.3175 
  -2760.1682    -348.9921 
  -3080.8435   -2362.5467 
   -527.2568   -1759.8790 
   -732.7017     258.6372 
  -1976.6897    -104.7694 
   -909.0342   -1743.0222 
   -140.5511   -1375.8923 
    116.3911    -424.6090 
  -2065.6151   -1359.7705 
  -1320.0188   -2055.5863 
  -1226.2158   -2249.2310 
    962.5352   -1476.5708 
   -497.2345     189.8920 
  -2792.1878    -403.2566 
  -3286.0984   -2475.7466 
   -372.5428   -1737.2244 
   -878.2888     363.8027 
  -1980.2644      83.3431 
   -942.6000   -1947.0261 
   -114.1397   -1386.1602 
    -45.1554    -375.9543 
  -2259.9643   -1382.3682 
  -1327.7451   -2236.2744 
  -1458.1282   -2214.9806 
   1090.3795   -1544.7698 
   -654.0703      78.0494 
  -2885.8224    -536.6935 
  -3113.5737   -2518.8136 
   -312.7706   -1615.8353 
   -829.0860     228.1360 
  -1942.9816     -53.7656 
   -944.8085   -1773.0105 
   -172.9345   -1430.9062 
     61.9089    -398.8991 
  -2148.0826   -1479.7973 
  -1264.8580   -2085.2794 
  -1323.4707   -2110.2618 
   1124.8236   -1539.7118 
   -369.6051      87.0194 
  -2658.1544    -543.0214 
  -2990.5970   -2438.1889 
   -587.8565   -1647.5265 
   -852.9739     158.7175 
  -1933.8010      29.8600 
   -945.1834   -1758.3114 
   -243.8191   -1292.4974 
    139.9545    -411.9551 
  -2249.8184   -1339.7102 
  -1295.5095   -2195.5670 
  -1366.9360   -2149.1138 
   1150.8756   -1422.4419 
   -437.7575     189.2650 
  -2608.1481    -435.0754 
  -3150.1908   -2416.8157 
   -620.3048   -1801.4838 
   -856.2553      99.4786 
  -1958.3151      77.4669 
  -1002.1411   -1836.6210 
   -198.3185   -1426.9836 
      8.8292    -276.3719 
  -2241.1577   -1235.3311 
  -1336.1447   -2194.2150 
  -1371.2547   -2164.5974 
   1121.6599   -1348.2395 
   -595.4768      40.6151 
  -2656.4997    -552.7024 
  -3300.5302   -2444.2662 
   -369.8575   -1687.4335 
   -737.9256     194.2726 
  -1932.0442      49.8871 
  -1018.0098   -1642.9069 
   -225.7263   -1287.7429 
     -9.7256    -347.3769 
  -2134.8837   -1385.1118 
  -1368.8150   -2202.5592 
  -1274.5092   -2235.0586 
   1117.2302   -1344.4392 
   -411.6008     194.8520 
  -2712.4140    -382.3457 
  -3236.7230   -2664.0436 
   -522.0955   -1701.4853 
   -918.1016     247.5528 
  -1951.9029     146.6117 
  -1006.6250   -1707.9174 
   -220.3354   -1358.0980 
     38.3101    -438.7959 
  -2355.5396   -1279.5590 
  -1314.2640   -2184.4519 
  -1262.9281   -2201.7434 
   1139.3946   -1288.1659 
   -438.5427      31.3992 
  -2719.3411    -543.2638 
  -3184.8430   -2535.1216 
   -549.8352   -1788.2464 
   -858.5677     144.7776 
  -1913.4164      96.3070 
  -1087.4577   -1770.0323 
    -92.2514   -1436.8089 
    153.5115    -289.8400 
  -2349.0477   -1441.2171 
  -1310.4221   -2300.9067 
  -1268.2243   -2151.9620 
   1115.4279   -1431.9411 
   -453.6410      59.4846 
  -2705.4613    -591.2897 
  -3377.2615   -2358.7757 
   -510.9388   -1757.1849 
   -897.1284     114.4791 
  -2062.4393      76.2641 
  -1045.6838   -1841.8515 
   -256.5872   -1460.7062 
     41.1070    -425.4150 
  -2283.6898   -1285.9964 
  -1378.0176   -2293.7499 
  -1149.8647   -2308.1569 
   1169.7952   -1528.4079 
   -563.5250      43.0168 
  -2639.2770    -538.2988 
  -3324.4302   -2437.9630 
   -630.6525   -1726.9992 
   -857.8912      41.8723 
  -1989.7566     -20.3786 
  -1009.5358   -1763.5546 
   -227.5415   -1407.1854 
    111.9446    -367.7248 
  -2271.2363   -1328.3644 
  -1356.9076   -2261.5357 
  -1485.6952   -2191.4457 
   1115.0038   -1537.7130 
   -492.4953     130.3632 
  -2642.5050    -505.3338 
  -3111.9755   -2413.6807 
   -603.4703   -1705.9787 
   -972.2380      80.2691 
  -2002.3670      77.6808 
   -980.1593   -1734.0576 
   -197.3911   -1292.9617 
     50.2556    -313.4950 
  -2269.4609   -1400.5615 
  -1259.8782   -2170.3130 
  -1260.2890   -2133.2335 
   1061.3218   -1427.1486 
   -630.8706     115.8373 
  -2668.6210    -619.1658 
  -3180.6211   -2535.4182 
   -375.0888   -1633.6376 
   -970.0355     199.3338 
  -1945.4823       6.2834 
  -1101.3882   -1687.5717 
   -176.1534   -1244.2300 
   -119.7310    -427.0741 
  -2010.3922   -1354.6485 
  -1287.2179   -2096.9120 
  -1421.4155   -2200.7136 
   1127.0416   -1547.1865 
   -467.4779      37.4006 
  -2795.1089    -430.3546 
  -2940.0653   -2512.8323 
   -375.9543   -1747.8080 
   -905.4620     136.2186 
  -1927.1646     -82.3734 
   -914.7685   -1712.1480 
   -245.5918   -1224.9310 
     63.6587    -391.1347 
  -2044.7690   -1284.3529 
  -1324.3479   -1968.4172 
  -1216.5020   -2096.1517 
   1067.7333   -1446.2030 
   -534.0106      29.5742 
  -2652.7134    -478.9349 
  -3132.2622   -2411.9592 
   -482.6547   -1664.8134 
   -902.1234     229.5750 
  -1939.1837      93.5492 
  -1039.3360   -1741.6644 
   -125.6991   -1310.2848 
    -18.3995    -495.8283 
  -1992.8417   -1249.5537 
  -1289.3656   -2141.8159 
  -1402.0080   -2350.6072 
   1146.0258   -1517.6727 
   -638.3555      74.9797 
  -2416.7396    -268.9100 
  -3117.5960   -2383.8125 
   -358.6755   -1702.3321 
   -994.8147     139.2978 
  -1911.1673     -21.4220 
   -964.8318   -1854.4857 
   -127.4942   -1227.7237 
     54.4730    -373.5991 
  -1904.7199   -1176.2508 
  -1374.8075   -2059.5101 
  -1376.8926   -2110.7102 
   1104.5947   -1537.3900 
   -496.2940      43.2482 
  -2504.6965    -292.3603 
  -3106.3336   -2466.7823 
   -320.0923   -1569.4549 
   -879.0959     226.5659 
  -1908.0073      97.4356 
   -909.2239   -1748.8987 
   -273.3124   -1131.2556 
    113.9515    -470.6696 
  -2143.0605   -1235.2775 
  -1282.8713   -1925.1852 
  -1449.4777   -2201.4739 
   1116.1000   -1494.6589 
   -644.4966      68.8789 
  -2595.0070    -425.4473 
  -2952.1242   -2437.5289 
   -477.4602   -1642.1135 
   -890.7791     371.3797 
  -1930.4126     -38.1216 
  -1005.4726   -1727.9976 
   -261.6532   -1191.2446 
     -7.2690    -451.5582 
  -2153.5405   -1336.3358 
  -1296.4296   -1984.7792 
  -1512.5179   -2208.1207 
   1184.8626   -1600.0539 
   -562.9060    -123.0491 
  -2448.0012    -325.2540 
  -3412.2468   -2351.5983 
   -373.4476   -1754.2208 
   -929.3106     207.5032 
  -1906.9122      26.0339 
   -995.0890   -1700.8261 
   -261.2267   -1447.9637 
    203.3693    -481.9296 
  -2006.4198   -1296.3323 
  -1157.7957   -2115.3711 
  -1408.9307   -2091.2169 
   1156.9761   -1593.2197 
   -477.7232      29.3415 
  -2283.6507    -423.2056 
  -3270.0588   -2391.2352 
   -420.9010   -1590.6573 
   -818.2126     298.1733 
  -1775.9216      58.1560 
  -1022.6444   -1693.6973 
   -131.3119   -1241.4920 
    109.9044    -500.3259 
  -2097.9112   -1269.1595 
  -1308.2944   -2129.9069 
  -1368.3381   -2105.0454 
   1210.9878   -1456.5252 
   -641.4246      45.9453 
  -2353.4849    -450.0998 
  -3127.2428   -2346.2782 
   -490.3637   -1644.0674 
   -843.4685      82.4860 
  -1782.2021     -24.3599 
  -1036.4184   -1836.7279 
   -157.5074   -1326.5706 
    -14.2453    -460.5695 
  -1941.4272   -1178.6077 
  -1270.6591   -2311.3169 
  -1536.1261   -2186.9071 
   1118.7360   -1434.1020 
   -513.1565      56.7286 
  -2407.8801    -373.5263 
  -3399.2294   -2181.0245 
   -262.1116   -1653.0023 
   -976.9876     249.6114 
  -1781.9970     -59.9859 
  -1011.0554   -1802.2545 
    -80.9581   -1253.5561 
     -4.4656    -365.4586 
  -1997.5804   -1293.3949 
  -1238.6565   -2005.6459 
  -1559.6765   -2188.6542 
   1112.0789   -1565.4923 
   -575.1818     -45.3766 
  -2153.2971    -450.3135 
  -3320.9123   -2383.8193 
   -497.1858   -1764.7542 
   -813.2210     191.6507 
  -1850.5701     200.9077 
  -1040.6058   -1605.6126 
   -177.6018   -1181.8797 
    -57.8245    -301.4210 
  -1992.5516   -1247.4777 
  -1157.9927   -2121.8538 
  -1430.0254   -2030.2249 
   1118.6459   -1579.8461 
   -497.5284      29.8835 
  -2238.8942    -308.4888 
  -3303.0485   -2196.7974 
   -495.8297   -1656.7967 
   -903.3190     224.0813 
  -1808.9034     108.5318 
  -1084.0327   -1635.3375 
   -194.0513   -1281.2074 
    143.3422    -374.7106 
  -2164.8723   -1086.1659 
  -1208.0964   -2139.2748 
  -1603.2485   -2065.0865 
   1215.4550   -1495.4286 
   -626.6231      35.3046 
  -2376.7901    -389.5556 
  -3239.9845   -2211.9168 
   -353.8106   -1720.6645 
   -767.8305      79.2151 
  -1870.8025     113.3304 
  -1038.1709   -1856.2923 
   -177.8352   -1275.2187 
     86.6308    -314.6456 
  -2215.7490   -1292.0567 
  -1069.9177   -1921.5830 
  -1436.4994   -2130.8815 
   1129.5073   -1461.9464 
   -666.5767     -90.0061 
  -2321.7771    -316.1867 
  -3343.6932   -2298.3276 
   -235.0022   -1707.2505 
   -906.0089     177.3382 
  -1825.5280      78.9970 
  -1042.8747   -1733.2307 
    -79.1722   -1404.7224 
    110.8477    -494.3334 
  -2137.8587   -1280.6102 
  -1364.2492   -2096.4908 
  -1490.7412   -2209.5501 
   1159.2727   -1345.4373 
   -717.0999      68.0636 
  -2420.6335    -574.1181 
  -3139.9096   -2401.9791 
   -408.6882   -1654.1037 
   -954.7301     160.9741 
  -1931.0165      24.8680 
   -956.2350   -1762.7297 
   -177.6228   -1253.9808 
    178.1168    -405.8472 
  -2224.7046   -1202.2518 
  -1335.9583   -2229.1218 
  -1441.0902   -2166.8636 
   1234.5300   -1511.5217 
   -601.7529      17.9462 
  -2501.2918    -488.5811 
  -3119.8488   -2473.7968 
   -309.1506   -1721.1601 
   -917.7701     286.5242 
  -1921.8826      17.3507 
  -1046.6992   -1839.0188 
   -172.0279   -1445.4966 
    186.3855    -508.7756 
  -2192.9875   -1427.9252 
  -1389.4316   -2336.5599 
  -1547.4560   -2310.1991 
   1170.2480   -1477.9416 
   -780.3881      39.6269 
  -2624.7111    -394.2554 
  -3452.3818   -2416.8970 
   -550.2001   -1750.4076 
   -974.9386      54.8639 
  -1880.0048      64.0461 
  -1048.0332   -1634.8409 
   -310.0216   -1291.0619 
     69.8952    -407.4824 
  -2321.6808   -1394.7632 
  -1180.5603   -1971.8152 
  -1563.8718   -2266.1637 
   1134.6527   -1517.8135 
   -525.0594     -31.2976 
  -2297.2135    -348.3799 
  -3475.8366   -2350.1222 
   -382.6596   -1682.4874 
   -948.9779     180.6789 
  -1947.0336      45.2519 
   -983.8421   -1707.6130 
   -212.1039   -1366.0976 
      2.9444    -420.0471 
  -1940.5842   -1202.4146 
  -1224.1839   -2086.8106 
  -1401.6074   -2221.9161 
   1143.7801   -1497.8845 
   -619.8711     -21.9355 
  -2583.5393    -444.3617 
  -3251.8777   -2469.2449 
   -195.3293   -1742.5616 
   -797.5397     574.7881 
  -2092.6094       4.4323 
  -1010.8708   -1820.5446 
    -74.3427   -1300.5702 

