   1   0.320512   0.311382 
   2  -0.349308  -0.217374 
   3  -0.058434  -0.033804 
   4  -0.087972  -0.060093 
   5   0.035312   0.037882 
   6   0.080181   0.049822 
   7  -0.014638   0.051266 
   8   0.018833  -0.040914 
   9  -0.022826  -0.063801 
  10  -0.032319  -0.049478 
  11   0.061575   0.202564 
  12   0.028664  -0.613887 
  13   0.060423   0.022642 
  14   0.328108  -0.421949 
  15   0.073024  -0.250819 
  16  -0.065583   0.098851 
  17   0.137957   0.018202 
  18  -0.076282   0.010162 
  19   0.218992   0.125557 
  20   0.161258   0.180125 
  21   0.150471  -0.117095 
  22  -0.335926  -0.003806 
  23  -0.325831   0.146480 
  24   0.235106   0.159283 
  25  -0.100845   0.040504 
  26  -0.335058   0.169268 
  27  -0.179401   0.111809 
  28   0.091157   0.038303 
  29  -0.242920  -0.047754 
  30  -0.105166  -0.106934 

