  0.6050  -0.0513 
  0.5367  -0.1505 
  1.0725  -0.0653 
  1.0859  -0.0060 
  1.5038  -0.2872 
  0.6903   0.1125 
  0.3550  -0.0399 
  0.5341  -0.1351 
  0.3221   0.2346 
  0.3299   0.2124 
  0.9440   0.2757 
  0.6094  -0.1155 
  0.6380  -0.0359 
  0.6278  -0.0132 
  1.1242   0.0416 
  0.0567  -0.1803 
 -0.0668  -0.1841 
 -1.5364  -1.4915 
 -1.4047  -0.5572 
 -0.1373   0.1401 
  0.5621   0.4393 
  1.1452  -0.0296 
 -0.0677   0.2638 
 -1.2196  -0.1470 
  0.3853  -0.0243 
 -0.1357   0.1696 
 -0.1753   0.2254 
  0.5431  -0.1684 
  0.5644  -0.1129 
  0.5569  -0.1855 
 -0.1264   0.1815 
 -0.0989   0.1459 
  0.7137   0.3761 
 -0.0771   0.2545 
 -0.0877   0.2463 
  0.5917  -0.0643 
  0.5939  -0.0557 
  0.5748  -0.1200 
  0.5900  -0.0569 
  0.6837  -0.0896 
  0.6749  -0.0845 
  0.5748  -0.0404 
  1.5181   0.8430 
  0.2862   0.1991 
 -1.8913   0.1852 
  0.9809   0.4082 
  0.8942   0.3268 
 -0.3067   0.3408 
 -0.0501   0.2573 
  0.6997  -0.2472 
 -0.0802  -0.1489 
  0.6830  -0.1537 
  0.6134   0.0473 
  0.5668  -0.1555 
  0.7078  -0.0683 
 -0.1006   0.2146 
  0.6338  -0.1081 
  0.6897  -0.0947 
 -0.1497   0.1977 
  1.0472  -0.0388 
  1.2013   0.1955 
  0.6056  -0.0212 
  0.5451  -0.0910 
 -0.0279   0.2840 
 -0.0192   0.2292 
 -0.0596   0.2156 
 -0.1571   0.1780 
 -0.0493   0.2371 
 -0.0590   0.2863 
 -0.0434   0.2258 
 -0.8581  -0.0497 
 -0.0769   0.2434 
 -0.0663   0.2392 
 -0.0805   0.2802 
 -0.0472   0.2706 
 -0.0698   0.2413 
  0.6125  -0.2263 
 -0.0908   0.1932 
 -0.1244   0.2489 
 -0.0994   0.1995 
 -0.0742   0.1976 
 -0.0552   0.2466 
  0.6389   0.2996 
 -0.2970  -1.0721 
 -0.0936   0.2604 
 -0.1115   0.2721 
  0.5893  -0.1221 
  1.1630   0.0709 
  0.6153  -0.0333 
 -0.0509   0.2570 
 -0.0747   0.2219 
 -0.5210  -0.2301 
 -0.2949  -0.2430 
 -1.3732  -0.4724 
  0.1038   0.2030 
 -0.4813  -0.2355 
  0.5868   0.4761 
 -0.3861  -0.1458 
 -0.1464   0.2061 
 -0.3806  -0.1696 
 -0.0820   0.2450 
  0.5568  -0.1941 
  0.6076  -0.1349 
 -0.3294  -0.3569 
  0.6133  -0.0261 
  0.5727  -0.1012 
 -0.4526  -0.2993 
 -0.2790   0.5093 
 -0.2572   0.5181 
  0.2373   0.5117 
  0.3565   0.2344 
  0.2293   0.5148 
  0.2696   0.5132 
  0.1858   0.5252 
 -0.4301   0.2411 
 -0.4990  -0.2990 
 -0.4305  -0.1478 
  0.6319  -0.0934 
  0.6199  -0.0900 
  0.5326  -0.0999 
  0.5608   1.0181 
  0.2078   0.3147 
  0.2170   0.2834 
  0.0840   0.1631 
  0.2318   0.2549 
  0.1912   0.3077 
 -0.4806  -0.2896 
 -0.9327  -0.7473 
 -1.0561  -1.5916 
 -1.1415   0.0275 
  0.3770   0.0189 
  0.6064  -0.2318 
  0.5465  -0.2174 
  0.5498  -0.1676 
  0.2904  -0.0232 
  0.5661  -0.1020 
 -0.5290  -0.2366 
 -0.4142  -0.9888 
 -0.7075  -0.6337 
  0.3729  -0.1703 
  0.2874  -0.2256 
 -0.4363  -1.0180 
 -0.5010   0.2905 
  0.2570   0.5144 
 -0.2729   0.5051 
  0.0707   0.1642 
 -0.5661   0.2722 
 -0.1577   0.2061 
 -0.0792   0.2001 
 -0.1414   0.1606 
 -0.1760   0.2388 
 -0.0624   0.2852 
  0.6039  -0.0367 
  0.5719  -0.0575 
  0.5703   0.4516 
  0.7181  -0.1410 
  0.7157  -0.1749 
  1.0212   0.3292 
  0.4172   0.5718 
  0.6162  -0.0759 
  0.5949  -0.0870 
  0.6112  -0.1207 
  0.6337  -0.1013 
  0.6381  -0.0449 
  0.6158  -0.1014 
  0.4210   0.5777 
 -0.0784   0.2056 
  0.2550   0.5161 
  0.2709   0.5121 
 -0.8428   0.0306 
 -0.8755   0.0139 
 -0.0381   0.2039 
  1.0626   0.3806 
  0.6083  -0.0991 
  0.6067   0.3226 
 -0.0802   0.2697 
  0.4226   0.5714 
 -0.8542  -0.5528 
 -0.0763   0.2729 
 -0.0599   0.2774 
  0.6094  -0.1785 
 -0.3021   0.0184 
  0.4003  -0.3852 
  0.6302  -0.0548 
  0.5035   0.4845 
  1.3815  -0.1685 
  0.4635   0.1840 
  0.4820   0.2227 
  1.4965   0.8532 
  0.3953  -0.0183 
  0.6531  -0.0939 
  1.7318  -0.1068 
  0.4206   0.5959 
  1.1870  -0.5421 
 -0.0904  -1.5117 
  0.6565  -0.0435 
  0.6651  -0.0470 
  0.5795  -0.1657 
 -0.0200  -0.6050 
  0.6236  -0.1546 
  0.6402  -0.1603 
 -0.1054   0.2591 
  0.6361  -0.0569 
  0.6428  -0.0819 
  0.6084  -0.0865 
  0.5668  -0.2533 
 -0.5240  -0.8909 
 -0.7556  -0.6395 
  0.6536  -0.2877 
 -0.6753  -0.0728 
 -0.0793  -0.5963 
 -1.2453  -1.5287 
 -0.5525  -0.2559 
  0.6068  -0.0688 
 -0.4660  -0.2904 
 -0.4180  -0.2828 
  0.5819  -0.0947 
 -0.3525  -0.3689 
 -0.3837  -0.3287 
  0.1876   0.5308 
 -1.0757  -0.8541 
 -0.2782   0.2271 
  0.1631   0.5510 
  0.3046   0.1462 
  0.4657   0.2359 
 -0.4989   0.3461 
 -0.1962  -0.6744 
 -0.4437  -0.3017 
  0.0126   0.2361 
 -0.4111   0.3006 
 -0.5240  -0.2560 
 -0.1676  -0.0406 
 -0.4786  -0.2397 
 -0.4886  -0.2467 
  0.2227   0.3410 
 -0.0005   0.3788 
 -0.0651   0.1844 
  0.2270   0.5543 
 -0.1010   0.2539 
 -0.0886   0.2559 
 -0.2907   0.5770 
 -0.0738   0.2831 
 -0.0580   0.2610 
  0.4084   0.5688 
 -0.2657   0.5030 
  0.3781   0.2306 
 -0.3252   0.5785 
 -0.2481   0.5599 
 -0.2505   0.4966 
 -0.0277  -0.0187 
 -0.0560   0.0603 
 -0.2259   0.5439 
  0.1935  -0.0629 
  0.0267   0.1167 
  0.4220  -0.1336 
  0.1755   0.5919 
 -0.4884   0.3083 
 -0.5520   0.2600 
 -0.4849   0.2512 
 -0.6933  -0.0862 
 -0.5660  -0.0625 
  0.1424   0.0325 
  0.1229   0.2583 
 -0.4208   0.2615 
  0.3640   0.6068 
  0.0752   0.2242 
  0.0890   0.2484 
 -0.0770  -0.4587 
 -0.0405  -0.6042 
 -0.0736  -0.6811 
 -0.4862  -0.2939 
 -0.5462  -0.3151 
 -0.2163  -0.8948 
  0.1457   0.0274 
  0.0523   0.0253 
  0.0723   0.0368 
  0.0750   0.0311 
 -0.1937   0.2422 
  0.1545   0.5414 
  0.3354   0.1130 
 -0.0883   0.0622 
 -0.4842   0.3567 
  0.3923   0.5718 
  0.0997   0.2802 
 -0.5431   0.3099 
 -0.2282   0.5450 
 -0.2168   0.5077 
  0.2408   0.5512 
 -0.3195   0.5208 
  0.3126   0.6164 
 -0.2150   0.5092 
  0.2421   0.5440 
  0.1517   0.5555 
  0.1511   0.5443 
 -0.0657   0.2626 
 -0.4799   0.2043 
  0.4391   0.4848 
 -0.4027   0.2516 
 -0.0080  -0.0286 
 -0.3633  -0.3242 
  0.2853  -0.4827 
 -0.4402  -0.3478 
 -0.0424  -0.4821 
 -0.0384  -0.6791 
 -0.3081  -0.8301 
 -0.0555  -0.7722 
  0.4257  -0.0252 
  0.5689  -0.2554 
  0.8035  -0.8995 
  0.5588  -0.2408 
  0.0873  -0.4388 
  1.0589  -0.2073 
 -0.4582  -0.3142 
 -0.3952  -0.3476 
 -0.4236  -0.3351 
 -0.4711  -0.2964 
 -0.7781  -1.5750 
 -0.3715  -0.3625 
 -0.3881  -0.3021 
  0.0159  -0.6203 
  0.7586  -0.8503 
  0.0299  -0.3738 
  0.0971   0.2708 
  0.0259  -0.0196 
 -0.0519   0.1229 
  0.4667  -0.1409 
 -0.0051   0.2740 
  0.0191  -0.0014 
  0.0133  -0.0130 
  0.1077  -0.3811 
 -0.5634  -0.2825 
 -0.1692  -0.1519 
 -0.1129  -0.3281 
 -0.1599  -0.2273 
 -0.4444   0.5501 
  0.1438   0.0257 
  0.0343  -0.3829 
 -0.4712   0.2659 
 -0.0308  -0.4483 
 -0.2244  -0.6477 
 -0.0329  -0.4612 
  0.1186   0.0296 
  0.0791   0.0356 
  0.3776   0.0830 
 -0.6987  -0.0605 
  0.1365   0.0233 
  0.0275   0.2287 
  0.1010   0.2446 
  0.3817   0.5526 
 -0.5548   0.2734 
  0.2367  -0.5345 
 -0.0694  -0.4584 
  0.1150  -0.6554 
 -0.4198  -0.3720 
 -0.4079  -0.3592 
 -0.4556  -0.2592 
 -0.5333  -0.3266 
  0.3692   0.1398 
  0.3893   0.1200 
  0.3845   0.0788 
  0.0705   0.2734 
  0.5224  -0.2116 
  0.3226   0.6296 
 -0.5475   0.3021 
  0.9827   0.3532 
  0.6152   0.1410 
 -0.5796   0.2757 
 -0.1124   0.2118 
  0.4142   0.5580 
 -0.4020   0.1600 
 -0.4158   0.2266 
  0.1452  -0.5964 
 -0.0184   0.2146 
 -0.0393   0.2205 
  0.0328   0.2308 
 -0.0408  -0.0275 
  0.1267  -0.3819 
  0.2456  -0.6002 
  0.3503   0.2076 
  0.0142   0.1679 
 -0.0677  -0.5765 
  0.4635  -0.0565 
  0.4559   0.3993 
 -0.0298   0.1854 
 -0.1063   0.2108 
 -0.5233   0.2549 
 -0.0279   0.2160 
 -0.2708   0.5264 
  0.2327   0.5480 
 -0.4478   0.3412 
  0.0285   0.0003 
  0.3543   0.5409 
  0.0984   0.2941 
 -0.0059   0.2386 
  0.1702   0.5420 
  0.1560   0.5631 
  0.9907   0.3555 
  0.2342   0.2176 
  0.2554   0.2843 
  0.3027   0.1917 
  0.0352  -0.4439 
 -0.4770  -0.3545 
 -0.5307  -0.2597 
 -0.5052  -0.2827 
 -0.4127   0.2479 
  0.0566  -0.5572 
 -0.1032  -0.4840 
 -0.6948  -0.0865 
  0.1286  -0.6426 
 -0.5422  -1.1974 
 -0.5374  -0.0477 
  0.9305   0.3621 
 -0.7459  -0.0583 
 -0.0170  -0.7613 
 -0.1259  -0.5072 
 -0.6827  -0.0727 
 -0.4904   0.2416 
 -0.1941  -0.0296 
 -0.5002  -0.2902 
  0.0254  -0.4546 
 -0.4653  -0.2899 
 -0.0079   0.1979 
  0.2850   0.5514 
 -0.4255   0.3498 
 -0.2617   0.5113 
 -0.2264   0.5468 
 -0.2418   0.5334 
 -0.4175   0.3324 
 -0.5275   0.3401 
  0.3923   0.5559 
  0.4078   0.5694 
  0.3902   0.5746 
  0.4892  -0.1884 
 -0.5530   0.2653 
 -0.2414   0.5381 
  0.0978   0.2377 
  0.1038   0.2362 
  0.0902  -0.6901 
  0.0630  -0.4781 
  0.0625   0.2503 
 -0.0023  -0.0175 
  0.0019  -0.0244 
  0.0233  -0.0124 
  0.0712   0.2424 
  0.0039   0.2234 
 -0.4646   0.2758 
 -0.4650   0.3158 
  0.0205   0.1117 
 -0.0028  -0.0055 
  0.0076  -0.0268 
  0.4668   0.0083 
  0.5001   0.0012 
 -0.0028  -0.0097 
  0.0077  -0.0142 
  0.0513   0.2408 
 -0.4309   0.3077 
  0.0671   0.2598 
  0.0360   0.2149 
 -0.0278   0.2257 
 -0.0244   0.2219 
  0.1524   0.5700 
 -0.0672   0.2308 
  0.1227   0.0274 
  0.3311   0.1254 
  0.4997  -0.0326 
  0.1343   0.0292 
  0.0994   0.0265 
  0.1283   0.0086 
  0.1305   0.0196 
  0.0850   0.0161 
  0.0515   0.2336 
  0.0030   0.2248 
 -0.0497   0.2276 
  0.1012   0.0328 
  0.0564   0.0261 
  0.1075   0.0230 
  0.1048   0.0351 
  0.0660   0.0314 
  0.0690   0.0285 
  0.0483   0.0114 
  0.4626   0.3988 
  0.1189   0.0170 
  0.1207   0.0223 
  0.0403   0.2737 
  0.3553   0.4837 
  0.2124   0.2864 
  0.1061   0.0209 
  0.0150   0.2931 
 -0.0592   0.2695 
  0.1218   0.0231 
  0.1806   0.5242 
  0.1798   0.5624 
  0.2811   0.5254 
  0.1931   0.6288 
  0.1247   0.2825 
  0.0386   0.2532 
  0.1014   0.0391 
 -0.1425   0.1085 
  0.2788   0.2817 
 -0.0368  -0.0169 
  0.0437  -0.0075 
 -0.0235  -0.0209 
  0.0233  -0.0063 
  0.2478   0.1984 
  0.1263   0.0260 
 -0.0435   0.2448 
  0.1225   0.0202 
 -0.0233  -0.5061 
 -0.2721  -0.7963 
 -0.0243  -0.7011 
 -0.1918  -0.4077 
 -0.1901  -0.6158 
  0.1271   0.0141 
  0.0495   0.0222 
  0.3738   0.0677 
  0.0648   0.0292 
  0.3163   0.1774 
  0.0805   0.0373 
  0.0466   0.0285 
  0.1020   0.0160 
 -0.2465   0.2325 
 -0.3219   0.7316 
 -0.2231  -0.0310 
 -0.1281  -0.3366 
 -0.4893  -0.3270 
  0.0117  -0.6004 
 -0.0913  -0.6146 
 -0.0686  -0.6661 
 -0.0244  -0.6162 
  0.0195  -0.6808 
  0.1396   0.0115 
  0.0476   0.2244 
  0.0920   0.2285 
 -0.2430   0.1700 
  0.1308   0.2608 
  0.0161  -0.0166 
  0.0118  -0.0104 
  0.0645   0.0058 
  0.0935   0.2762 
  0.0772   0.2581 
  0.4448   0.3812 
  0.0174   0.2569 
  0.0695   0.2174 
  0.1212   0.0138 
 -0.2415  -0.7757 
  0.1331   0.0178 
  0.0703   0.0259 
  0.1640  -0.6367 
  0.0207  -0.8586 
 -0.1232  -0.8607 
  0.0735   0.0371 
  0.0127  -1.0559 
 -0.2650  -0.5680 
 -0.0341  -0.5221 
 -0.1116  -0.4653 
  0.0834   0.2412 
  0.0121  -0.0078 
  0.9071  -0.8004 
  0.9581  -0.7780 
  0.2624  -0.6655 
 -0.2825   0.8531 
 -0.2795   0.2407 
  0.4794  -0.0865 
  0.4883  -0.0283 
  0.1489   0.5610 
  0.2334   0.2139 
  0.0015   0.2338 
 -0.4451   0.2616 
  0.0808   0.2687 
  0.2132   0.5608 
  0.2879   0.5779 
  0.7333   0.5709 
  0.0948   0.2635 
  0.3306   0.6288 
  0.2432   0.5442 
 -0.0508   0.2301 
 -0.3903   0.3202 
  0.1250   0.0157 
 -0.0066  -0.6516 
 -0.3820   0.3568 
  0.1414   0.0219 
 -0.2670  -0.2261 
 -0.5046  -0.2686 
 -0.0727  -0.4869 
 -0.4454  -0.2177 
 -0.0737  -0.5385 
 -0.4311  -0.2481 
  0.1023   0.2832 
  0.1233  -0.0992 
 -0.2070   0.5466 
 -0.4972   0.2789 
 -0.6131   0.3056 
  0.3358  -0.5079 
  0.9901  -0.9032 
  0.4978  -0.7453 
 -0.1170  -0.7742 
 -0.3589  -0.6579 
  0.1229  -0.4903 
 -0.7175  -0.8351 
 -0.2241  -0.5662 
  0.0252   0.1941 
  0.3609   0.1747 
  0.1005   0.0085 
 -0.6698   0.3157 
  0.4265  -0.1286 
  0.2840  -0.6482 
 -0.2262  -0.9024 
 -0.1957   0.4674 
 -0.0229  -0.0122 
  0.2616   0.3017 
 -0.2353   0.1157 
  0.0551   0.1243 
 -0.5413   0.2537 
 -0.5515   0.3393 
 -0.1567  -0.5635 
 -0.7026  -0.8374 
  0.1858   0.5409 
  0.2033   0.5279 
  0.0613   0.2284 
 -0.1265  -0.4916 
  0.7293  -0.7809 
  0.2278  -0.4459 
  0.6094  -0.8637 
 -0.4996  -0.2941 
 -0.4528  -0.3263 
 -0.4162  -0.3148 
 -0.1948  -0.5046 
  0.8591  -0.8184 
 -0.0087   0.0011 
  0.7482  -0.9678 
 -0.3175   0.1682 
 -0.0330  -0.5169 
  0.0066   0.0024 
 -0.3991  -0.5883 
 -0.0089  -0.4894 
 -0.3344  -0.3173 
 -0.3446   0.7490 
 -0.0315  -0.4512 
  0.0231  -0.6713 
 -0.4221  -0.2572 
 -0.4538  -0.2421 
 -0.4293  -0.3038 
 -0.4120  -0.3130 
 -0.4431  -0.2946 
 -0.4189  -0.2458 
 -0.1197  -0.1874 
 -0.5891  -0.3753 
 -0.3815   0.2573 
  0.0790   0.2579 
 -0.0373  -0.0289 
 -0.1202  -0.2305 
 -0.4379  -0.2420 
 -0.0805  -0.2273 
 -1.1193   0.3511 
 -0.3942   0.2879 
 -0.4140  -0.3091 
 -0.0529   0.2807 
 -0.0424   1.0173 
 -0.4003  -0.1307 
 -0.3402  -0.1277 
 -0.5089  -0.3431 
 -0.0622  -0.6985 
 -0.4625  -0.3748 
 -0.2174  -0.5963 
 -0.1162  -0.5340 
 -0.2450  -0.8387 
 -0.0790  -0.6415 
  0.0019  -0.7498 
  0.0742   0.2427 
 -0.2183  -0.5476 
 -0.5782  -0.3369 
  0.1380  -0.1882 
 -0.3778  -0.0940 
 -0.4302  -0.1067 
  0.1659   0.5514 
 -0.1396   0.1880 
  0.1312   0.0128 
  0.6521  -1.0187 
  0.4390  -0.0125 
 -0.1044  -0.7491 
  0.5439  -0.9104 
  0.4930  -0.6756 
  0.0422   0.2265 
  0.1211   0.0429 
 -0.0036   0.2281 
  0.3084   0.5231 
 -0.1937   0.8850 
  0.5049   0.1438 
  0.4246  -0.0217 
 -0.2193   0.8893 
 -0.1967   0.8772 
 -0.4044   0.3409 
 -0.5013  -0.2702 
 -0.1698  -0.7401 
 -0.5416   0.2152 
  0.3581   0.6330 
  0.3905   0.6093 
 -0.0248   0.4136 
 -0.0095   0.2284 
 -0.1004  -0.8370 
  0.1352   0.5582 
  0.0181  -0.4761 
 -0.1298   0.2733 
 -0.1455   0.2217 
  0.3436   0.8155 
  0.1814   0.6284 
  0.8543   0.4652 
  0.3820   0.0595 
  0.2507   0.2671 
  0.4493  -0.9190 
 -0.5914  -0.5017 
 -0.6708  -0.7988 
 -0.3304  -0.1969 
 -0.3660  -0.2636 
 -0.5187  -0.3333 
 -0.0085  -0.7334 
  0.4660   0.0299 
  0.3479   0.4919 
  1.1034   0.6351 
  0.6961   0.7728 
  0.9016   0.6668 
 -0.4752   0.3139 
  0.7630   0.7861 
  0.3730   0.8003 
  0.7350   0.5922 
  0.8247   0.5748 
  0.4251   0.2429 
  0.0411  -0.3802 
  0.0240  -0.4355 
 -0.1555   0.0615 
  0.2295   0.5610 
 -0.3186   0.5713 
 -0.1927   0.0741 
 -0.6617   0.1032 
 -0.5810   0.2967 
  0.1223   0.0311 
  0.2657   0.2006 
  0.2038   0.5828 
  0.7943  -0.9615 
 -0.3420   0.0790 
  0.3973   0.1102 
  0.4688   0.0478 
  0.2821  -0.1200 
 -0.3611  -0.2250 
  0.3486   0.5426 
  0.0994   0.4725 
 -0.3039  -0.0469 
  0.1222  -0.4659 
 -0.2917  -0.0487 
 -0.3432   0.8335 
 -0.2229  -0.2290 
  0.0641   0.0268 
  0.0703   0.0297 
  0.3311   0.5324 
  0.1864   0.5985 
  0.2018   0.5309 
  0.2104   0.5320 
 -0.0565   0.4610 
  0.3457   0.6187 
 -0.5256   0.3696 
 -0.4892   0.2412 
  0.4475   0.7657 
 -0.4661   0.2864 
  0.4720  -0.0465 
 -0.7736  -1.2178 
 -0.0820  -0.7972 
  0.0121  -0.4847 
  0.1582   0.5430 
 -0.6247  -0.6325 
  0.3304   0.7027 
  0.3115   0.6504 
  0.3539   0.7875 
  0.2232   0.5265 
  0.2330   0.5240 
  0.2379   0.5474 
 -0.2641   0.5829 
  0.4053   0.0365 
  0.2464   0.1847 
  0.2161   0.2448 
  0.2427   0.9554 
 -0.5103   0.2636 
 -0.0236   0.9832 
  0.3303   0.6308 
  0.9017   0.1905 
  0.5074   0.1409 
  0.4146   0.0311 
  0.4924   0.1173 
  0.0809   0.0427 
  0.3957   0.0443 
 -0.0575  -0.4860 
 -0.1311  -0.7495 
 -0.7057  -0.6470 
  0.0080  -0.4917 
  0.0578  -0.4812 
  0.2442   0.5347 
  0.2242   0.5623 
  0.0236   0.2231 
 -0.0670  -0.7042 
 -0.0842  -0.6950 
 -0.0130  -0.6639 
 -0.1759  -1.0985 
 -0.1072  -0.7163 
 -0.5081   0.2721 
  0.1913   0.5233 
  0.5374   0.5610 
  0.2095   0.6061 
  0.7369   0.7871 
  0.1458   0.2284 
 -0.2173   0.4679 
  0.2884   0.1304 
 -0.5565   0.0889 
  0.3965  -0.1225 
  0.3812   0.0805 
 -0.3777  -0.2639 
  0.1453  -0.6902 
 -0.0051  -0.7583 
  0.0886   0.2615 
  0.1140   0.3884 
  0.4154   0.1328 
  0.1170   0.2275 
  0.4458  -0.1562 
  0.4476  -0.1603 
  0.0493   0.1235 
 -0.2262   0.6407 
 -0.5219   0.3261 
 -0.0953   0.5573 
  0.4302   0.5549 
 -0.3792   0.2663 
 -0.3856   0.2236 
 -0.4405   0.4560 
  0.3985   0.5840 
  0.1354   0.5959 
 -0.7857   0.3895 
 -0.1642   0.5269 
 -0.2427   0.4561 
 -0.2925   0.1845 
 -0.2507   0.4831 
  0.7947   0.3207 
  0.5461   0.0757 
  0.7527   0.3866 
  0.2594   0.3862 
 -0.9667   0.0840 
 -0.5611  -0.7388 
  0.1530  -0.5100 
 -0.7674   0.0759 
 -0.8386  -1.5666 
  0.0280  -0.7898 
 -0.2033  -0.1264 
  0.2076  -0.5322 
  0.7949  -1.7017 
  0.0182  -1.0792 
 -0.1327  -0.2182 
 -0.7449   0.3670 
 -0.4298  -0.3037 
  0.5645  -0.0791 
  0.8694   0.4150 
  0.3200   0.5198 
  1.0704   0.6185 
  0.0464   0.5420 
  1.4357   0.8169 
  0.3987   0.0297 
 -0.1126  -0.2241 
 -0.5435  -1.5866 
 -0.4452  -1.4539 
 -0.3649  -0.0969 
 -0.2673   0.6723 
 -0.0911  -0.8039 
  1.1375  -0.0405 
 -0.1909   0.2266 
  0.2321   0.3723 
  0.6493   0.8624 
  0.3068   0.4057 
  0.7091   0.7881 
 -0.1906   0.7729 
 -0.1296   0.2181 
  1.4132  -0.3455 
  0.8462  -0.0515 
  0.5529   0.5351 
 -1.3065  -1.5166 
  0.9563  -0.2485 
 -0.0053  -1.5439 
 -0.7456  -0.4721 
 -0.2780  -0.4329 
 -0.2994  -0.0581 
  1.0899  -0.1622 
  1.1318   0.0245 
 -0.0999  -0.8070 
 -0.6092   0.7301 
 -0.1050   0.9232 
  0.3033   0.7682 
  0.0962  -0.4690 
  0.0692   0.5562 
  0.0349  -0.7855 
  0.2510   0.2262 
 -0.6398  -0.0573 
  0.3181   0.1850 
  0.7115   0.2846 
  0.3543   0.1495 
  0.5364   0.0490 
  0.3993   0.1151 
  1.1186   0.6783 
 -0.0917   0.8484 
  0.5735   1.1095 
  0.8701   1.0134 
  1.6944  -0.2580 
  1.3432   0.1797 
  0.9333   0.1094 
  0.1798   0.3216 
  0.0218  -0.0285 
 -0.5310   0.6783 
 -0.2644   0.6382 
 -0.3722  -0.0634 
 -0.2909  -0.0376 
 -0.5186  -0.7671 
 -0.4921  -0.7814 
  0.1574  -1.3883 
  0.0834  -1.3763 
  0.0259  -1.3374 
  0.5378  -1.6041 
  0.2672  -0.0773 
  1.0327  -0.0667 
  0.2324   0.3854 
  1.3693   0.0787 
  0.8551   0.0774 
  0.2413   0.5399 
  0.7841   0.9838 
  0.0312  -0.0034 
  1.2399   0.3406 
  1.4743  -0.1589 
  0.9305   0.8770 
  1.6110   1.6533 
  0.5735   0.2248 
  0.0518   0.6801 
  0.0230   0.8035 
 -0.2149   0.2640 
  0.4585   0.2907 
 -0.0864   0.2429 
  0.5385   0.0120 
  0.3823   0.1157 
  0.7424  -0.0762 
  1.8553   0.6818 
  0.8974   0.3232 
  0.8984   0.5934 
 -0.3591  -0.1692 
  0.9638  -0.3246 
  0.2291  -1.0165 
 -0.0906   0.3961 
  1.0419  -0.5547 
  0.8198  -0.0149 
 -1.4802  -0.6773 
  0.0956  -0.3716 
  1.2530   0.5679 
 -0.1623  -0.2116 
 -0.0689  -1.4529 
  0.7353   0.2220 
  0.8072   0.4828 
  0.6247  -0.7162 
  0.6710  -0.7529 
  0.4139   0.3047 
 -0.0455   0.2745 
 -0.4131  -0.0789 
  0.1249   0.0454 
  0.8937  -0.5604 
  0.6667  -0.3977 
  0.5717   0.1731 
 -0.0989  -0.3330 
 -0.7354  -1.4860 
  0.1528  -0.0486 
  0.3566   0.7415 
  0.3107   0.7810 
 -0.3957  -0.0708 
  0.9467   0.1271 
 -0.6490  -0.2959 
 -0.4550  -0.0673 
 -1.6355  -1.1526 
 -1.1069  -1.0506 
 -0.2961   0.0026 
  0.3382   0.2781 
  0.6420  -0.0242 
  0.3816  -1.5034 
 -0.0606  -1.5292 
  0.1354  -0.5183 
  1.8232   0.7851 
  0.1250   0.6907 
 -0.3010  -0.0293 
  0.5246   0.0645 
  1.7402  -0.0165 
 -0.4158   0.2373 
 -0.3122  -0.3551 
  1.3314   1.0148 
 -0.2225   0.6169 
 -0.5785  -0.2434 
  0.1539  -1.5906 
  0.3458  -1.4266 
  0.4812   0.2208 
  1.3314   0.1062 
  1.8890  -0.2230 
  0.9182   0.2254 
  0.9172   0.4065 
  0.5791  -0.0684 

