 -0.7641   2.7431
 -0.7637   1.4738
  1.9452   1.3542
  0.7655   2.5652
  0.8108   2.1230
  1.6821   0.4686
  0.3473   2.2339
  0.3954   1.5253
  2.1243   1.6688
  0.9461   2.5786
  1.2947   1.4528
  1.5860   2.0829
  0.6258   2.7423
  0.3963   1.6035
  1.9391   1.2345
  1.9520   1.8337
  2.5783  -0.0731
  1.1193   0.2500
  0.4157   1.7484
  1.0337   1.5402
  1.7772   0.3832
  0.7584   2.5511
  0.4731   1.5267
  1.4447   0.4992
  0.3438   2.2447
  0.5066   1.5214
  1.9110   1.7939
  0.6318   2.5826
  0.9296   1.5561
  1.7987   1.9784
  0.7453   2.6675
  1.0748   1.5670
  1.8334   1.9277
  0.7216   2.6794
  1.0159   1.5069
  1.5173   1.9342
  0.6735   2.3752
  1.2572   1.5171
  1.5301   2.0940
  0.5588   2.2043
  0.3048   1.1475
  1.7893   1.0452
  1.3310   2.4036
  0.9666   1.2829
  2.6584   1.4871
  0.9669   2.3725
  1.1667   1.0661
  2.0904   1.4598
  0.7077   2.6685
  0.8396   1.3808
  2.8223   0.3722
  0.5515   2.2833
  0.2899   1.0504
  1.7391   1.4464
  0.5350   2.2061
  1.0355   1.4829
  1.7546   1.6062
  0.8574   3.2145
  0.8487   1.4989
  1.6456   1.1494
  0.7773   2.4382
  0.6466   1.5940
  1.5654   2.0871
  0.7043   2.6420
  0.9951   1.5160
  1.8469   1.7956
  0.7735   2.6541
  0.9848   1.5192
  1.8327   1.8299
  0.6986   2.6398
  0.7173   0.4302
  1.8588   1.7739
  0.7047   2.6475
  1.3310   1.5593
  1.8570   1.8429
  0.7420   2.6628
  0.7779   1.8411
  1.8863   1.8102
  0.7559   2.6192
  1.0432   1.4829
  1.8768   1.7847
  0.6798   2.6534
  0.9054   1.4042
  2.0471   0.9482
  0.6958   2.6626
  0.9912   1.4934
  1.6218   2.1312
  0.7802   2.6446
  0.8947   1.6147
  1.8450   1.7748
  0.7027   2.6511
  2.3945   0.9419
  2.8465   1.4421
  0.4914   1.3645
  0.9026   0.7090
  2.9251   1.2522
  0.6474   1.7456
  1.7260   0.6982
  2.1377   1.5060
  1.6502   1.8416
  0.4639   1.4975
  1.7638   1.7747
  0.6757   2.6297
  1.9998   0.8713
  1.8213   2.0782
  0.6188   2.7018
  2.0674   0.8856
  1.7514   2.0554
  0.8565   2.5890
  1.5387   1.3942
  2.1023   1.9523
  1.0743   2.5179
  1.6161   1.3954
  2.2299   1.9374
  1.0150   2.3100
  1.7644   0.8872
  2.8340   1.3476
  0.6364   2.4834
  0.3785   1.5833
  2.2196   1.2804
  0.8512   1.4340
  1.1110   0.3864
  2.0054   0.9873
  0.6020   1.8927
  1.0925   0.4268
  2.0425   0.6400
  1.7329   2.0961
  1.8699   0.0896
  2.5386   0.8118
  1.7923   2.4854
  0.8456   1.0083
  1.7688   2.3504
  0.5966   2.5956
  1.2202   1.4384
  1.7987   1.9838
  0.5934   2.6082
  2.6421   0.8521
  1.9671   1.3804
  0.1907   0.5493
  1.5957   1.4451
  1.7183   2.3248
  0.8123   1.6095
  1.5616   1.3312
  1.9330   1.6259
  0.8508   2.6312
  0.8663   0.7196
  2.1880   2.1331
  0.7146   2.6490
  1.2053   1.4855
  1.6280   2.3135
  0.7278   2.6348
  1.5173   1.4831
  1.7945   2.0197
  0.5873   2.7576
  1.6384   0.7879
  1.5674   2.6158
  0.4142   2.9983
  1.3002   1.5301
  2.2031   2.4181
  0.3900   2.6507
  0.9782   1.7406
  1.3619   2.0456
  0.4513   3.0202
  0.6826   1.5272
  1.5896   2.0057
  1.0190   2.4982
  0.9472   1.4849
  2.2222   1.6251
  1.0348   2.5897
  0.7671   0.4659
  1.5790   0.6566
  0.6763   2.6687
  1.3383   1.5351
  1.5999   2.6664
  0.8532   2.5611
  0.9118   1.4731
  2.1931   2.1902
  0.4883   1.5698
  0.9791   1.4829
  1.8489   2.3368
  0.5000   2.9074
  1.7620   1.3837
  1.8443   2.5524
  0.4182   2.9600
  1.3409   0.8836
  1.0732   2.0637
  0.6456   2.1109
  1.5652   0.9287
  2.5130   1.5979
  0.5850   2.3472
  0.8948   1.4448
  1.2027   1.9242
  1.0050   2.5389
  0.6331   1.9126
  3.1132   0.4690
  0.5986   2.6507
  0.3803   1.4745
  1.7677   1.2183
  1.6749   2.6763
  1.5200   1.4331
  1.5176   1.4819
  0.9340   2.2625
  0.6143   1.5085
  1.5238   2.1346
  0.5934   2.7344
  1.4639   1.4601
  1.9258   0.3821
  0.6056   1.8340
  0.7379   0.6548
  2.2869   1.3615
  1.6942   2.6624
  1.3025   0.3021
  2.9507   0.6140
  0.5855   2.7181
  1.7327   0.9260
  2.9267   1.7757
  0.5885   2.7645
  2.0015   0.8480
  2.9237   1.6937
  1.0539   2.5098
  2.0820   0.2658
  2.4681   1.4646
  1.0380   2.5184
  1.5957   1.2348
  1.8327   1.1815
  1.5979   3.0051
  1.5570   0.7689
  2.9084   0.9034
  1.1572   2.5867
  1.9575   0.9018
  2.9755   1.1459
  1.1955   1.7113
  2.5899   0.8838
  2.9504   1.8100
  0.8216   1.5974
  1.4241   1.2268
  1.8831   1.7536
  1.0403   2.4917
  0.6814   1.4724
  1.8933   2.0675
  0.8183   2.6455
  0.9844   1.4995
  1.9219   1.5277
  0.9770   2.5511
  1.7562   1.3787
  1.8762   2.2865
  0.8837   2.3221
  1.4117   1.3853
  1.8125   2.3240
  1.2573   2.5194
  1.8126   1.2698
  2.0596   1.7414
  0.7566   2.8484
  1.5126   1.3302
  2.0451   2.3756
  1.0935   2.5021
  1.8756   1.2927
  2.1994   1.9362
  0.9789   2.5667
  1.3955   1.2665
  2.0530   1.5357
  1.2715   2.4905
  1.4627   1.3052
  2.2094   1.6198
  1.0255   2.5190
  2.0925   1.3051
  2.3830   1.5870
  0.9355   2.1017
  1.8758   1.3173
  2.8564   1.3988
  1.7306   2.0287
  2.0125   0.8208
  2.1577   0.9116
  1.2736   2.4813
  1.5650   1.3010
  2.5199   1.6103
  1.2968   2.5027
  2.1090   0.7055
  2.2616   2.1445
  0.9893   2.2322
  2.1338   1.3080
  2.0096   2.3885
  0.9953   2.5291
  2.1015   1.2399
  2.2170   1.9293
  0.8369   2.3475
  1.4240   1.4039
  2.2659   1.5866
  0.8517   2.5780
  1.6234   1.2990
  2.0311   1.9799
  1.0535   2.4827
  1.3607   1.2561
  2.2816   1.8551
  1.2262   2.5988
  1.7272   1.3736
  2.1417   2.1021
  1.1977   2.6743
  2.3644   1.2457
  2.6369   1.9492
  1.0930   2.1777
  2.5698   0.8889
  2.1828   2.0395
  1.6154   2.6144
  1.7836   0.6745
  2.9141   2.2837
  0.9251   2.5241
  2.2372   1.5351
  2.1486   1.5687
  1.1213   2.1777
  2.7434   0.0726
  2.3828   2.3794
  1.7260   2.0945
  2.2497   0.8523
  2.9239   1.6691
  1.7331   2.0740
  2.0920   0.3410
  2.9028   1.4182
  1.6826   2.0831
  2.4494   1.4187
  2.4098   2.2091
  0.9907   1.8822
  1.3981   1.3051
  2.4900   2.0905
  1.2237   2.5263
  1.0338   1.4846
  2.4167   1.4428
  1.2786   2.4629
  1.7656   1.2713
  2.2187   1.1995
  1.7766   2.0728
  1.4357   0.4769
  2.4248   1.2922
  1.2010   1.6990
  1.9199   0.6831
  2.4974   1.8267
  0.9720   2.1695
  1.4738   1.3438
  2.1504   1.3946
  0.9385   2.0442
  1.4118   0.9264
  2.4921   2.6460
  1.3219   2.5302
  1.9320   1.2832
  2.2881   1.7639
  1.2993   2.4798
  1.6967   1.3772
  2.3929   2.3288
  1.0540   2.5587
  1.7507   1.3394
  2.2973   1.7302
  0.9735   2.0771
  2.2572   1.2606
  2.9162   1.6677
  1.7090   2.1108
  2.4990   0.8688
  2.9699   1.8876
  0.9524   2.5026
  1.9552   1.3327
  2.1406   2.6304
  1.1743   2.4704
  1.9340   1.5330
  2.2999   2.1151
  1.0213   2.5757
  1.5631   1.6318
  2.1236   2.5733
  1.0140   2.5458
  1.7737   1.5359
  2.2476   2.4058
  1.3426   2.1930
  2.1486   1.0529
  2.2740   1.6284
  1.2375   2.5445
  1.6603   1.3533
  2.4261   1.7638
  1.3156   2.5650
  2.3565   1.0517
  2.0542   2.1436
  0.9680   2.5281
  2.3894   1.3882
  2.1649   2.1395
  0.9485   2.5603
  2.2261   1.2256
  2.3012   2.7070
  0.7722   2.3738
  1.7920   1.4027
  2.4433   2.3352
  0.8944   2.6503
  2.0542   1.3533
  2.3057   1.9985
  1.3368   2.4871
  1.8160   1.4258
  2.4357   2.4495
  1.2511   2.5809
  1.7913   1.3662
  2.3238   1.6969
  0.8510   2.8418
  1.3774   1.3543
  2.2113   2.0270
  0.9830   2.5023
  1.3955   1.0677
  2.9670   1.6408
  1.8053   2.0949
  2.1791   0.8874
  2.5937   1.7831
  1.0191   2.2552
  1.6872   0.9001
  2.3270   2.0911
  1.1116   2.0900
  1.8063   0.6237
  2.0743   2.2750
  0.8199   2.6185
  2.1668   1.3372
  1.9819   1.8461
  0.9078   1.6840
  2.4390   1.3346
  2.2418   1.8244
  1.2887   1.6672
  2.8240   0.8809
  2.2246   1.4313
  1.7726   2.1327
  2.2657   1.4259
  2.3087   2.1292
  1.1199   2.5523
  1.9625   1.4362
  2.1092   2.2277
  0.8928   2.6637
  2.1474   1.3592
  2.2758   2.0892
  1.0766   2.5688
  2.1111   1.3842
  2.0217   2.4016
  0.9017   2.5259
  1.9916   1.4080
  1.8342   2.5062
  1.2469   2.3238
  1.6706   1.4184
  2.2812   1.4723
  1.0509   2.2367
  1.6807   1.4738
  2.5443   1.7439
  1.3349   2.5051
  1.7677   1.3115
  2.1919   1.8815
  1.2414   2.6275
  1.5354   1.3351
  2.3039   2.1202
  1.3160   2.5960
  2.3614   1.3177
  2.2654   2.3230
  0.9676   2.5752
  1.9649   1.3581
  2.5304   2.6040
  1.3111   2.4905
  2.1929   1.3906
  2.2521   2.0920
  1.2282   2.4880
  2.2742   1.3541
  2.4751   2.6549
  1.2299   2.5733
  2.4554   1.3124
  2.4371   2.3590
  1.3102   2.5200
  1.4163   1.3384
  2.1678   2.0900
  1.3075   2.5211
  2.0521   1.2855
  2.5367   2.0107
  1.3078   2.5245
  2.3194   1.2918
  2.4361   2.7027
  1.2061   2.5595
  2.2864   1.3092
  2.5118   2.0147
  1.3118   2.5501
  2.3945   1.2897
  2.5376   2.3679
  1.3210   2.5391
  2.4021   1.3232
  2.5250   2.6833
  0.9611   2.4855
  2.6342   1.2811
  2.5128   2.3521
  1.2401   2.5002
  1.9434   1.2385
  2.1963   2.6419
  1.3006   2.4811
  2.3243   1.2392
  2.4159   2.3210
  1.3106   2.4714
  1.8659   1.3025
  2.3063   2.0226
  1.0534   2.5170
  2.4506   1.3266
  2.1074   2.3476
  1.2316   2.4649
  2.1355   1.3045
  2.4289   1.9073
  0.9739   2.5092
  1.7571   1.2995
  2.4964   1.7362
  1.2933   2.5454
  1.7647   1.2756
  2.1908   2.3885
  1.3090   2.4829
  2.3185   1.2457
  2.5042   2.3877
  0.9506   2.1489
  2.0160   0.7998
  2.1773   1.6179
  1.1469   1.5985
  1.7094   0.8584
  2.4912   2.0105
  1.3182   2.5222
  1.4823   1.3563
  2.5094   2.1693
  0.9650   2.5326
  2.0771   1.3134
  2.5061   1.4956
  1.2912   2.4670
  2.0496   0.7576
  2.5419   1.4177
  1.0536   1.3596
  2.2477   0.4164
  2.9504   1.9444
  1.0073   1.7918
  2.0553   0.8455
  2.8202   2.4826
  0.9694   2.0723
  2.1284   0.7245
  2.4856   2.6257
  1.1968   2.4700
  2.2843   1.3284
  2.4342   1.8122
  1.1860   2.2077
  2.3891   1.2656
  2.4825   2.2820
  1.2901   2.1913
  2.2858   1.2736
  2.3956   2.3599
  0.8862   2.3628
  2.3112   1.2387
  2.1056   2.3140
  1.3005   2.1878
  1.1330   0.6919
  2.4816   2.0334
  1.3097   2.4618
  2.4622   0.8785
  1.9132   1.2705
  0.9699   1.9795
  2.1092   1.3130
  2.2228   1.4321
  0.9121   1.9872
  2.3262   0.9242
  2.1310   1.6415
  1.1910   2.4790
  2.3908   1.2636
  2.3986   2.2424
  1.2382   2.2775
  1.8922   0.8997
  2.5120   1.2851
  1.2594   1.9577
  1.4626   1.3357
  2.0975   2.4512
  1.0897   2.4554
  2.0954   1.3256
  2.3990   2.4156
  1.0120   2.5200
  2.3221   1.2636
  2.2654   1.8199
  1.0683   2.4756
  1.3243   1.3948
  2.3628   1.7872
  1.0838   2.4855
  2.0846   1.3153
  2.3674   2.3913
  1.3315   2.0454
  2.3949   1.2701
  2.1490   1.9836
  1.3245   1.9694
  2.6535   1.2733
  2.0858   1.4280
  1.7367   1.7928
  2.1802   0.3748
  2.9412   1.4096
  1.0004   2.0855
  2.7517   0.8756
  2.3641   2.6448
  1.3080   1.5729
  1.9605   1.3995
  1.9852   2.3147
  1.0042   2.5475
  1.8263   0.9025
  2.4098   1.8415
  1.0634   2.0564
  1.7995   0.0528
  2.6589   1.1305
  1.0421   2.1200
  1.8429   0.1608
  2.6438   1.1053
  1.2642   1.6788
  1.7231   1.3374
  2.4482   1.2600
  1.0853   2.4971
  1.2262   1.4996
  2.2712   1.3589
  1.3023   1.3246
  1.7915   1.0574
  2.4764   2.0502
  0.9759   2.4772
  1.9398   1.3828
  2.4885   2.1620
  0.9968   2.5022
  1.7796   1.3370
  2.1260   1.5799
  0.7254   1.7600
  1.8053   1.2999
  2.2399   2.0175
  1.2036   2.4625
  1.3435   0.8217
  2.3691   2.0500
  1.3400   2.3560
  2.1980   0.9546
  2.9178   1.9197
  1.7170   2.0488
  2.7745   0.8500
  2.6706   1.1228
  1.2210   2.2178
  2.5979   1.3046
  2.3539   2.2747
  1.3105   2.0489
  2.8567   0.0341
  2.4449   2.3575
  1.4591   1.2021
  2.5230   0.0108
  2.8486   1.5928
  1.3656   1.5472
  1.7080   0.9461
  2.7185   2.3433
  1.7353   2.0393
  3.0784   0.8822
  2.8703   2.1875
  1.7200   2.0094
  2.7751   0.8798
  2.8655   1.9450
  1.2241   1.6306
  2.9630   0.6278
  2.4564   2.2889
  1.2066   2.5444
  2.3422   1.3063
  2.3650   1.2415
  1.7659   2.0271
  2.2702   0.5464
  2.3701   1.5422
  1.3920   2.1651
  2.8033   0.8267
  2.3752   2.2894
  1.1398   1.5034
  2.4541   0.7221
  2.8588   1.6845
  1.7624   2.0193
  2.8949   1.4034
  2.8648   1.9060
  0.9568   2.0044
  1.9666   0.8420
  2.0895   1.9874
  1.7190   2.5944
  2.3196   0.7506
  2.3513   2.6907
  0.9345   1.9690
  3.0913   0.8748
  1.9053   2.0342
  1.7581   1.7729
  2.7254   0.7311
  2.2450   2.3062
  1.5166   1.6003
  2.3351   1.2891
  2.3431   2.1670
  0.9076   2.4672
  2.9186   1.4379
  2.2578   2.2728
  1.0695   2.1864
  2.4875   1.3533
  2.4755   2.5915
  1.2294   2.5224
  2.1395   1.2966
  2.4691   1.8635
  0.8177   2.4325
  1.9696   1.3563
  2.2041   1.8907
  1.3340   1.7236
  2.6548   0.8891
  2.9175   2.1530
  0.9668   1.6305
  2.2179   1.5244
  1.8657   2.4369
  1.0561   2.4959
  2.3318   1.4211
  2.3618   2.4358
  0.9861   2.0629
  2.1477   1.2984
  1.9018   2.0312
  1.5867   1.6954
  2.2833   0.5795
  2.0928   2.1906
  0.6156   2.4865
  1.5000   1.3601
  2.1104   2.0814
  0.9968   2.4261
  2.1683   0.9243
  1.5840   1.6540
  0.6844   1.7112
  2.8655   0.8262
  2.6922   1.8598
  1.7813   2.0009
  2.8057   1.4973
  2.1009   2.5849
  0.8538   2.4357
  1.9757   1.6140
  1.8686   2.5511
  1.8453   2.9997
  2.9176   1.8137
  1.8696   2.2795
  0.9595   2.5355
  2.1341   1.4247
  1.9754   2.8018
  0.9533   2.3207
  2.0318   0.7197
  1.9455   1.7161
  0.8250   1.1884
  2.1007   1.3247
  2.0992   2.4645
  1.0970   1.3763
  1.2140  -0.0676
  2.1895   2.6091
  1.3340   2.1889
  2.2465   1.3596
  2.3166   2.5730
  1.2488   2.1633
  1.7918   1.2451
  2.1336   2.6405
  0.9680   2.5059
  2.0332   0.9927
  2.7379   2.1907
  1.3624   1.9489
  2.5428   0.5896
  2.7244   2.1175
  1.4534   2.5213
  2.5204   0.8304
  2.5468   1.4302
  1.2330   1.4054
  1.9922   1.3501
  2.2462   2.0266
  1.0980   2.5225
  1.4946   1.4813
  2.2718   2.3465
  1.1291   2.5096
  2.1534   1.4923
  2.2021   2.1504
  0.9992   2.5540
  2.0364   1.4059
  2.1284   2.4028
  1.0709   2.2601
  2.1292   1.4046
  1.9518   1.8226
  1.0103   1.5861
  2.0046   0.7630
  2.0035   2.2381
  1.4020   1.2999
  2.3176   1.4075
  1.9671   2.6107
  1.0053   2.5885
  2.3478   1.3633
  2.2759   2.5950
  0.6768   2.6299
  2.1601   1.4521
  1.8719   2.5929
  1.0237   2.2575
  1.9852   1.3378
  1.9306   1.6325
  1.0576   2.2836
  2.2622   0.4271
  2.0193   2.6532
  0.8653   2.9267
  1.7912   1.2832
  2.1601   2.6010
  0.9100   2.5541
  2.6039   1.3738
  2.1417   2.6056
  0.9691   1.8267
  2.2462   0.9263
  2.3035   1.3845
  0.7807   1.6744
  2.0559   0.6848
  2.2871   2.3477
  1.1248   2.5138
  2.4973   1.3713
  2.6416   2.7047
  1.6460   2.3159
  2.0397   0.7661
  2.2109   1.9472
  1.6971   2.4035
  2.3094   1.3643
  2.3007   2.3343
  1.0556   2.3482
  2.1341   1.3364
  1.7453   2.5597
  0.7839   2.2240
  1.8079   1.3250
  1.6711   2.7596
  0.9075   2.2011
  1.8167   1.5203
  2.2039   2.3798
  1.7627   2.1577
  1.8059   0.8276
  2.2335   1.7064
  1.2354   2.5131
  2.1988   1.3666
  2.2223   2.0729
  1.2404   2.5686
  2.1529   1.5740
  1.8323   2.2835
  1.3199   2.6629
  1.6880   1.5910
  2.3142   2.0474
  1.0422   2.3696
  2.0871   1.3717
  2.2727   2.1006
  0.9450   2.7887
  1.8792   1.5151
  2.2886   2.3930
  1.1781   2.8044
  2.0190   1.4028
  2.2758   2.7324
  0.7829   2.5646
  1.7254   1.4809
  2.3059   2.4519
  0.7505   2.7742
  2.2478   1.4400
  2.0528   2.1568
  0.6545   2.6764
  2.4201   0.8569
  1.9682   1.2782
  0.7734   1.8783
  2.6589   0.6412
  2.8930   1.4321
  0.8971   2.0173
  1.6919   0.4958
  2.5567   2.2864
  1.2169   2.4587
  1.4264   0.3607
  1.9654   0.4851
  1.8549   2.4246
  2.4759   0.9223
  1.9307   2.2154
  2.6075   1.8809
  1.9215   0.5254
  2.6858   1.1709
  0.8111   0.9460
  2.5385   1.3899
  1.9388   2.0693
  1.3595   0.9999
  2.7569   0.5038
  2.8080   2.1002
  1.8279   1.7322
  1.7755   0.3111
  1.9944   1.8887
  0.7119   2.6839
  1.8189   1.5090
  1.1063   2.5396
  0.6354   2.8457
  1.4994   1.4977
  1.3758   2.0349
  1.3706   1.9066
  2.2645   0.5140
  1.2110   2.1769
  0.4881   2.4095
  1.8906   0.3874
  1.8781   0.9549
  1.6752   2.2408
  1.6917   0.6588
  3.1856   1.7659
  1.5582   1.6623
  2.5312   0.9036
  2.8710   2.3099
  0.7052   2.9360
  1.6595   0.7244
  2.3210   1.1279
  1.0862   1.7559
  2.2594   1.3906
  1.7737   1.3569
  0.8686   2.5036
  1.7217   0.7436
  2.3936   2.2154
  0.7773   1.2710
  1.9686   1.4207
  3.5627   2.5228
  0.9494   2.6579
  1.9548   1.4116
  1.4429   2.3711
  0.7205   2.5525
  2.1310   0.4254
  1.8216   0.8877
  0.7886   1.7895
  0.5193   2.3821
  2.1320   2.0284
  0.2607   2.2450
  2.4889   0.6491
  2.4662   1.4896
  1.0514   1.3791
  2.0226   0.4498
  2.6193   1.5192
  1.4105   1.3993
  0.8883   0.5174
  1.1656   1.4303
  0.3898   1.4991
  1.6340   0.5391
  1.5969   1.4968
  0.1671   1.6894
  1.5764   1.5624
  1.0303   1.8169
  0.5209   2.7193
  1.7089   1.3866
  1.3726   2.3929
  0.6808   2.8432
  2.5029   1.1175
  2.7353   0.9546
  1.0997   3.0594
  0.9147   1.7306
  2.4102   2.1846
  1.4435   2.5437
  1.6877  -0.0045
  2.0879   2.3546
  0.4533   1.7610
  1.1828   1.8575
  1.6894   2.3139
  0.6510   2.8772
  0.6481   1.8926
  1.3811   2.5011
  0.5046   2.6703
  2.5575   1.4482
  1.7832   2.5798
  2.5288   1.8230
  2.5062  -0.0102
  1.5724   2.2204
  1.4424   2.0420
  1.4229   2.0712
  2.4350   1.4232
  0.7726   0.9706
  1.8305  -0.2713
  2.7050   1.0035
  2.4472   1.7399
  2.6435   0.1345
  1.1274   1.7618
  0.4803   2.8393
  2.5484   1.6362
  2.1871   0.1616
  1.8155   0.7863
  1.1546   1.6346
  1.9611   2.8267
  1.7292   1.7680
  1.7364   1.2039
  2.5395   1.4870
  1.0014   1.9838
  1.3709   1.0053
  2.9187   1.3926
  1.5283   1.4394
  2.4946   0.1107
  3.4257   1.7501
  0.6307   1.2451
  2.6304   0.4783
  1.4302   2.9046
  0.0046   0.9337
  1.7995   0.5315
  2.5450   0.8822
  1.4055   0.1562
  1.8033   0.5273
  1.7408   2.0214
  0.5384   2.9966
  1.7187   0.5762
  0.8490   1.3238
  1.1984   1.2819
  2.2971   2.7268
  3.5096   1.4381
  1.4072   1.4579
  2.1678   0.3472
  3.2647   1.4656
  1.5322   1.7385
  2.7765   0.9433
  3.0143   2.1131
  1.6879   0.2710
  1.3603  -0.0755
  1.6057   1.9976
  0.3338   1.8893
  1.7322   1.4287
  1.7147   2.4561
  1.1165   2.5705
  1.3324   1.8287
  1.2824   2.4529
  0.7127   2.5378
