        0.001        0.000
        0.003        0.000
        0.005        0.000
        0.007        0.000
        0.009        0.000
        0.011        0.000
        0.013        0.000
        0.015        0.000
        0.017        0.000
        0.019        0.000
        0.021        0.000
        0.023        0.000
        0.025        0.000
        0.027        0.000
        0.029        0.000
        0.031        0.000
        0.033        0.000
        0.035        0.000
        0.037        0.000
        0.039        0.000
        0.041        0.000
        0.043        0.000
        0.045        0.000
        0.047        0.000
        0.049        0.000
        0.051        0.000
        0.053        0.000
        0.055        0.000
        0.057        0.000
        0.059        0.000
        0.061        0.000
        0.063        0.000
        0.065        0.000
        0.067        0.000
        0.069        0.000
        0.071        0.000
        0.073        0.000
        0.075        0.000
        0.077        0.000
        0.079        0.000
        0.081        0.000
        0.083        0.000
        0.085        0.000
        0.087        0.000
        0.089        0.000
        0.091        0.000
        0.093        0.000
        0.095        0.000
        0.097        0.001
        0.099        0.001
        0.101        0.001
        0.103        0.000
        0.105        0.001
        0.107        0.001
        0.109        0.000
        0.111        0.001
        0.113        0.002
        0.115        0.000
        0.117        0.001
        0.119        0.001
        0.121        0.001
        0.123        0.001
        0.125        0.000
        0.127        0.000
        0.129        0.001
        0.131        0.001
        0.133        0.001
        0.135        0.001
        0.137        0.001
        0.139        0.001
        0.141        0.002
        0.143        0.001
        0.145        0.001
        0.147        0.001
        0.149        0.001
        0.151        0.002
        0.153        0.001
        0.155        0.002
        0.157        0.001
        0.159        0.001
        0.161        0.002
        0.163        0.002
        0.165        0.001
        0.167        0.001
        0.169        0.001
        0.171        0.001
        0.173        0.001
        0.175        0.001
        0.177        0.002
        0.179        0.002
        0.181        0.002
        0.183        0.001
        0.185        0.002
        0.187        0.002
        0.189        0.003
        0.191        0.002
        0.193        0.004
        0.195        0.004
        0.197        0.004
        0.199        0.003
        0.201        0.004
        0.203        0.004
        0.205        0.004
        0.207        0.006
        0.209        0.005
        0.211        0.006
        0.213        0.005
        0.215        0.006
        0.217        0.006
        0.219        0.006
        0.221        0.006
        0.223        0.007
        0.225        0.006
        0.227        0.006
        0.229        0.008
        0.231        0.007
        0.233        0.006
        0.235        0.008
        0.237        0.007
        0.239        0.008
        0.241        0.008
        0.243        0.008
        0.245        0.007
        0.247        0.007
        0.249        0.008
        0.251        0.009
        0.253        0.010
        0.255        0.013
        0.257        0.016
        0.259        0.022
        0.261        0.026
        0.263        0.031
        0.265        0.041
        0.267        0.049
        0.269        0.052
        0.271        0.055
        0.273        0.060
        0.275        0.064
        0.277        0.061
        0.279        0.061
        0.281        0.061
        0.283        0.063
        0.285        0.059
        0.287        0.058
        0.289        0.052
        0.291        0.050
        0.293        0.050
        0.295        0.046
        0.297        0.043
        0.299        0.041
        0.301        0.040
        0.303        0.038
        0.305        0.035
        0.307        0.036
        0.309        0.033
        0.311        0.031
        0.313        0.032
        0.315        0.029
        0.317        0.029
        0.319        0.028
        0.321        0.028
        0.323        0.028
        0.325        0.029
        0.327        0.028
        0.329        0.028
        0.331        0.027
        0.333        0.026
        0.335        0.025
        0.337        0.026
        0.339        0.027
        0.341        0.027
        0.343        0.027
        0.345        0.027
        0.347        0.027
        0.349        0.027
        0.351        0.025
        0.353        0.027
        0.355        0.028
        0.357        0.027
        0.359        0.027
        0.361        0.026
        0.363        0.027
        0.365        0.026
        0.367        0.026
        0.369        0.025
        0.371        0.026
        0.373        0.026
        0.375        0.025
        0.377        0.026
        0.379        0.026
        0.381        0.026
        0.383        0.028
        0.385        0.027
        0.387        0.026
        0.389        0.026
        0.391        0.027
        0.393        0.027
        0.395        0.027
        0.397        0.026
        0.399        0.026
        0.401        0.027
        0.403        0.027
        0.405        0.028
        0.407        0.026
        0.409        0.026
        0.411        0.027
        0.413        0.027
        0.415        0.028
        0.417        0.028
        0.419        0.027
        0.421        0.027
        0.423        0.027
        0.425        0.028
        0.427        0.028
        0.429        0.028
        0.431        0.027
        0.433        0.028
        0.435        0.029
        0.437        0.029
        0.439        0.028
        0.441        0.029
        0.443        0.028
        0.445        0.029
        0.447        0.028
        0.449        0.028
        0.451        0.028
        0.453        0.028
        0.455        0.028
        0.457        0.029
        0.459        0.029
        0.461        0.029
        0.463        0.028
        0.465        0.029
        0.467        0.028
        0.469        0.028
        0.471        0.029
        0.473        0.028
        0.475        0.029
        0.477        0.028
        0.479        0.029
        0.481        0.029
        0.483        0.029
        0.485        0.029
        0.487        0.029
        0.489        0.028
        0.491        0.028
        0.493        0.028
        0.495        0.028
        0.497        0.029
        0.499        0.029
        0.501        0.028
        0.503        0.028
        0.505        0.028
        0.507        0.028
        0.509        0.028
        0.511        0.028
        0.513        0.028
        0.515        0.028
        0.517        0.028
        0.519        0.029
        0.521        0.028
        0.523        0.029
        0.525        0.028
        0.527        0.029
        0.529        0.028
        0.531        0.029
        0.533        0.029
        0.535        0.028
        0.537        0.027
        0.539        0.028
        0.541        0.029
        0.543        0.028
        0.545        0.028
        0.547        0.027
        0.549        0.028
        0.551        0.028
        0.553        0.027
        0.555        0.027
        0.557        0.028
        0.559        0.028
        0.561        0.028
        0.563        0.028
        0.565        0.026
        0.567        0.027
        0.569        0.028
        0.571        0.027
        0.573        0.027
        0.575        0.027
        0.577        0.026
        0.579        0.026
        0.581        0.027
        0.583        0.027
        0.585        0.027
        0.587        0.027
        0.589        0.027
        0.591        0.028
        0.593        0.027
        0.595        0.027
        0.597        0.027
        0.599        0.027
        0.601        0.027
        0.603        0.028
        0.605        0.027
        0.607        0.027
        0.609        0.027
        0.611        0.028
        0.613        0.027
        0.615        0.028
        0.617        0.027
        0.619        0.027
        0.621        0.027
        0.623        0.027
        0.625        0.027
        0.627        0.027
        0.629        0.028
        0.631        0.028
        0.633        0.027
        0.635        0.027
        0.637        0.028
        0.639        0.029
        0.641        0.027
        0.643        0.028
        0.645        0.028
        0.647        0.028
        0.649        0.027
        0.651        0.027
        0.653        0.028
        0.655        0.028
        0.657        0.028
        0.659        0.028
        0.661        0.028
        0.663        0.028
        0.665        0.028
        0.667        0.028
        0.669        0.027
        0.671        0.028
        0.673        0.029
        0.675        0.028
        0.677        0.028
        0.679        0.028
        0.681        0.028
        0.683        0.029
        0.685        0.028
        0.687        0.029
        0.689        0.029
        0.691        0.030
        0.693        0.028
        0.695        0.028
        0.697        0.028
        0.699        0.029
        0.701        0.029
        0.703        0.028
        0.705        0.029
        0.707        0.028
        0.709        0.028
        0.711        0.027
        0.713        0.029
        0.715        0.029
        0.717        0.029
        0.719        0.028
        0.721        0.028
        0.723        0.028
        0.725        0.028
        0.727        0.029
        0.729        0.028
        0.731        0.028
        0.733        0.028
        0.735        0.028
        0.737        0.028
        0.739        0.029
        0.741        0.028
