1.000 0.834 0.930 0.926 0.919 0.927 0.913 0.942 0.929 0.927 0.927 0.927 0.930 0.931 0.913 0.927 0.923 0.931 0.904 0.933 0.933 0.903 0.939 0.930 0.912 0.922 0.917 0.930 0.938 0.915 0.913 0.912 0.918 0.876 0.870 0.871 0.873 0.870 0.872 0.874 0.816 0.850 0.847 0.865 0.863 0.853 0.886 0.866 0.878 0.848 0.872 0.841 0.829 0.838 0.853 0.845 0.838 0.850 0.800 0.832 0.784 0.787 0.846 0.799 0.827 0.837 0.835 0.815  
0.844 1.000 0.864 0.853 0.853 0.864 0.853 0.864 0.860 0.855 0.856 0.868 0.861 0.859 0.850 0.865 0.856 0.859 0.856 0.864 0.862 0.840 0.863 0.861 0.853 0.864 0.868 0.868 0.862 0.863 0.860 0.840 0.851 0.845 0.848 0.842 0.851 0.859 0.847 0.850 0.809 0.847 0.831 0.859 0.860 0.835 0.843 0.813 0.814 0.800 0.816 0.929 0.917 0.921 0.939 0.953 0.908 0.937 0.859 0.894 0.848 0.853 0.878 0.863 0.862 0.918 0.887 0.838  
0.934 0.857 1.000 0.951 0.932 0.967 0.953 0.968 0.954 0.947 0.962 0.962 0.969 0.953 0.941 0.958 0.984 0.956 0.924 0.963 0.957 0.916 0.956 0.952 0.934 0.943 0.939 0.963 0.959 0.940 0.947 0.929 0.942 0.899 0.899 0.904 0.899 0.910 0.905 0.900 0.850 0.879 0.884 0.900 0.897 0.881 0.895 0.877 0.858 0.859 0.870 0.863 0.845 0.859 0.874 0.868 0.856 0.871 0.820 0.850 0.803 0.809 0.860 0.817 0.844 0.859 0.855 0.831  
0.931 0.848 0.952 1.000 0.935 0.952 0.943 0.954 0.959 0.959 0.952 0.953 0.963 0.962 0.950 0.955 0.960 0.952 0.935 0.952 0.951 0.918 0.960 0.956 0.930 0.945 0.938 0.953 0.953 0.948 0.938 0.917 0.933 0.905 0.899 0.894 0.899 0.894 0.897 0.900 0.844 0.877 0.875 0.891 0.896 0.879 0.895 0.873 0.855 0.853 0.869 0.856 0.841 0.851 0.866 0.859 0.844 0.863 0.811 0.841 0.796 0.805 0.860 0.811 0.843 0.849 0.850 0.831  
0.925 0.849 0.936 0.937 1.000 0.953 0.929 0.943 0.932 0.937 0.942 0.938 0.943 0.939 0.927 0.942 0.934 0.935 0.926 0.941 0.942 0.909 0.946 0.940 0.920 0.923 0.921 0.937 0.942 0.930 0.927 0.914 0.927 0.895 0.886 0.888 0.889 0.884 0.887 0.891 0.840 0.863 0.868 0.880 0.886 0.866 0.887 0.874 0.861 0.849 0.871 0.855 0.841 0.852 0.865 0.859 0.847 0.862 0.810 0.841 0.793 0.801 0.855 0.813 0.833 0.849 0.847 0.824  
0.930 0.857 0.966 0.950 0.949 1.000 0.954 0.965 0.951 0.952 0.964 0.956 0.971 0.956 0.944 0.958 0.962 0.959 0.930 0.965 0.965 0.921 0.964 0.958 0.930 0.940 0.938 0.961 0.966 0.939 0.948 0.920 0.940 0.905 0.899 0.905 0.903 0.906 0.902 0.904 0.853 0.879 0.888 0.898 0.893 0.878 0.898 0.873 0.860 0.857 0.875 0.864 0.849 0.860 0.871 0.866 0.855 0.868 0.815 0.844 0.799 0.809 0.863 0.815 0.844 0.856 0.852 0.833  
0.917 0.846 0.954 0.943 0.926 0.956 1.000 0.947 0.936 0.936 0.945 0.936 0.961 0.955 0.935 0.933 0.954 0.952 0.939 0.943 0.950 0.914 0.940 0.947 0.917 0.932 0.925 0.952 0.953 0.930 0.939 0.904 0.925 0.893 0.884 0.890 0.888 0.890 0.887 0.886 0.850 0.865 0.889 0.885 0.903 0.864 0.887 0.876 0.856 0.845 0.862 0.857 0.840 0.852 0.862 0.857 0.844 0.860 0.802 0.833 0.785 0.798 0.855 0.805 0.837 0.845 0.839 0.825  
0.946 0.857 0.967 0.953 0.940 0.966 0.947 1.000 0.958 0.955 0.960 0.964 0.964 0.969 0.946 0.964 0.961 0.975 0.930 0.983 0.979 0.921 0.970 0.961 0.934 0.950 0.941 0.966 0.983 0.944 0.951 0.932 0.947 0.906 0.903 0.911 0.907 0.911 0.902 0.905 0.848 0.885 0.884 0.901 0.899 0.885 0.907 0.881 0.863 0.866 0.876 0.863 0.848 0.859 0.874 0.868 0.855 0.872 0.820 0.850 0.805 0.809 0.862 0.818 0.847 0.859 0.858 0.833  
0.932 0.853 0.954 0.958 0.929 0.952 0.936 0.958 1.000 0.978 0.939 0.962 0.954 0.953 0.955 0.961 0.956 0.949 0.934 0.952 0.951 0.917 0.970 0.957 0.927 0.956 0.948 0.949 0.949 0.957 0.934 0.921 0.926 0.904 0.904 0.893 0.903 0.894 0.896 0.903 0.842 0.883 0.871 0.890 0.895 0.880 0.904 0.872 0.859 0.859 0.869 0.857 0.843 0.852 0.871 0.864 0.847 0.870 0.817 0.847 0.804 0.811 0.863 0.816 0.849 0.856 0.856 0.839  
0.931 0.848 0.947 0.957 0.933 0.952 0.936 0.955 0.978 1.000 0.947 0.956 0.955 0.956 0.957 0.956 0.951 0.948 0.934 0.951 0.953 0.915 0.971 0.953 0.926 0.957 0.944 0.949 0.953 0.954 0.936 0.916 0.929 0.905 0.905 0.894 0.901 0.893 0.895 0.900 0.841 0.883 0.871 0.891 0.894 0.880 0.902 0.868 0.854 0.854 0.865 0.853 0.840 0.848 0.866 0.859 0.842 0.865 0.812 0.841 0.798 0.809 0.859 0.812 0.846 0.850 0.851 0.836  
0.929 0.848 0.961 0.949 0.938 0.964 0.943 0.959 0.939 0.946 1.000 0.951 0.967 0.950 0.938 0.951 0.956 0.946 0.924 0.960 0.953 0.913 0.956 0.947 0.922 0.939 0.929 0.953 0.959 0.937 0.941 0.917 0.943 0.902 0.895 0.895 0.896 0.896 0.902 0.899 0.840 0.873 0.872 0.890 0.891 0.876 0.888 0.873 0.851 0.860 0.871 0.858 0.841 0.853 0.865 0.859 0.850 0.861 0.809 0.838 0.794 0.799 0.856 0.807 0.838 0.848 0.846 0.826  
0.931 0.862 0.964 0.953 0.936 0.959 0.937 0.965 0.963 0.957 0.953 1.000 0.961 0.954 0.949 0.985 0.953 0.951 0.930 0.969 0.966 0.919 0.965 0.969 0.936 0.953 0.945 0.963 0.965 0.949 0.945 0.930 0.939 0.919 0.917 0.912 0.914 0.915 0.913 0.916 0.863 0.895 0.888 0.905 0.904 0.896 0.907 0.881 0.864 0.862 0.875 0.866 0.850 0.862 0.881 0.873 0.858 0.877 0.824 0.855 0.810 0.815 0.865 0.823 0.850 0.865 0.863 0.838  
0.934 0.854 0.969 0.961 0.940 0.972 0.961 0.964 0.955 0.955 0.968 0.960 1.000 0.963 0.948 0.958 0.965 0.958 0.930 0.964 0.964 0.918 0.965 0.959 0.936 0.944 0.940 0.967 0.966 0.949 0.949 0.921 0.943 0.908 0.900 0.905 0.903 0.906 0.901 0.901 0.853 0.880 0.887 0.897 0.899 0.880 0.896 0.872 0.858 0.858 0.874 0.864 0.848 0.859 0.870 0.866 0.852 0.867 0.816 0.846 0.799 0.808 0.864 0.815 0.847 0.856 0.853 0.834  
0.936 0.854 0.955 0.962 0.938 0.959 0.956 0.971 0.955 0.957 0.953 0.955 0.965 1.000 0.949 0.956 0.957 0.963 0.939 0.967 0.967 0.923 0.964 0.963 0.934 0.949 0.944 0.965 0.974 0.949 0.952 0.920 0.949 0.905 0.899 0.905 0.903 0.900 0.899 0.901 0.852 0.878 0.884 0.897 0.895 0.879 0.905 0.869 0.863 0.857 0.874 0.861 0.846 0.857 0.871 0.864 0.850 0.869 0.815 0.846 0.799 0.810 0.864 0.818 0.848 0.855 0.854 0.837  
0.920 0.846 0.945 0.953 0.928 0.949 0.939 0.950 0.959 0.962 0.943 0.952 0.951 0.951 1.000 0.953 0.945 0.941 0.928 0.946 0.947 0.915 0.956 0.947 0.923 0.942 0.934 0.944 0.944 0.939 0.940 0.911 0.928 0.900 0.897 0.891 0.891 0.892 0.896 0.898 0.842 0.874 0.874 0.887 0.888 0.873 0.891 0.871 0.855 0.852 0.874 0.854 0.837 0.849 0.866 0.858 0.844 0.863 0.811 0.841 0.795 0.804 0.855 0.811 0.843 0.851 0.848 0.828  
0.933 0.860 0.961 0.956 0.941 0.961 0.936 0.966 0.964 0.958 0.955 0.986 0.961 0.957 0.952 1.000 0.950 0.951 0.933 0.972 0.960 0.921 0.968 0.968 0.937 0.950 0.946 0.958 0.963 0.950 0.946 0.928 0.939 0.913 0.913 0.909 0.909 0.907 0.905 0.913 0.856 0.891 0.882 0.904 0.900 0.891 0.905 0.878 0.861 0.859 0.876 0.864 0.848 0.860 0.880 0.872 0.857 0.878 0.825 0.855 0.810 0.816 0.865 0.824 0.850 0.863 0.862 0.840  
0.927 0.850 0.984 0.960 0.932 0.963 0.954 0.962 0.957 0.952 0.958 0.952 0.966 0.956 0.941 0.948 1.000 0.951 0.928 0.952 0.954 0.915 0.950 0.954 0.930 0.941 0.935 0.955 0.954 0.940 0.945 0.923 0.936 0.895 0.895 0.900 0.894 0.904 0.900 0.895 0.844 0.872 0.879 0.895 0.896 0.875 0.889 0.871 0.851 0.858 0.866 0.857 0.840 0.853 0.867 0.861 0.849 0.864 0.812 0.843 0.796 0.804 0.857 0.810 0.841 0.852 0.848 0.826  
0.938 0.855 0.960 0.955 0.935 0.964 0.955 0.979 0.953 0.951 0.951 0.954 0.962 0.965 0.941 0.952 0.954 1.000 0.934 0.970 0.975 0.921 0.965 0.955 0.929 0.946 0.940 0.964 0.979 0.943 0.952 0.921 0.941 0.905 0.900 0.906 0.909 0.905 0.902 0.902 0.854 0.883 0.889 0.897 0.896 0.879 0.909 0.875 0.868 0.861 0.877 0.864 0.848 0.859 0.872 0.866 0.851 0.869 0.814 0.845 0.797 0.809 0.863 0.816 0.849 0.856 0.853 0.835  
0.906 0.848 0.923 0.933 0.921 0.929 0.937 0.929 0.933 0.933 0.924 0.928 0.929 0.936 0.923 0.929 0.926 0.929 1.000 0.927 0.924 0.948 0.942 0.932 0.917 0.938 0.933 0.933 0.936 0.945 0.934 0.902 0.918 0.887 0.885 0.879 0.894 0.877 0.881 0.887 0.847 0.868 0.873 0.875 0.901 0.861 0.883 0.874 0.854 0.835 0.860 0.853 0.838 0.848 0.862 0.857 0.840 0.864 0.806 0.839 0.793 0.807 0.853 0.811 0.839 0.848 0.848 0.828  
0.937 0.857 0.963 0.951 0.938 0.965 0.943 0.983 0.952 0.952 0.961 0.967 0.964 0.965 0.943 0.970 0.951 0.966 0.929 1.000 0.975 0.918 0.962 0.955 0.928 0.943 0.935 0.962 0.979 0.941 0.947 0.925 0.946 0.902 0.903 0.910 0.905 0.909 0.901 0.903 0.850 0.887 0.881 0.901 0.899 0.882 0.905 0.875 0.865 0.862 0.873 0.863 0.846 0.859 0.875 0.868 0.855 0.872 0.819 0.849 0.803 0.810 0.861 0.818 0.845 0.858 0.856 0.831  
0.937 0.855 0.957 0.950 0.939 0.966 0.950 0.979 0.951 0.953 0.954 0.964 0.964 0.965 0.943 0.958 0.953 0.971 0.926 0.976 1.000 0.919 0.962 0.959 0.931 0.949 0.937 0.969 0.981 0.942 0.951 0.924 0.942 0.909 0.902 0.908 0.906 0.907 0.904 0.904 0.853 0.882 0.887 0.899 0.894 0.886 0.903 0.873 0.865 0.859 0.873 0.864 0.848 0.859 0.872 0.866 0.852 0.869 0.814 0.846 0.798 0.807 0.862 0.815 0.846 0.857 0.855 0.832  
0.907 0.834 0.916 0.917 0.906 0.923 0.914 0.922 0.918 0.916 0.915 0.918 0.919 0.922 0.911 0.919 0.915 0.918 0.949 0.919 0.919 1.000 0.928 0.917 0.912 0.925 0.921 0.927 0.930 0.923 0.922 0.904 0.908 0.872 0.869 0.869 0.881 0.867 0.869 0.874 0.827 0.854 0.854 0.864 0.872 0.848 0.868 0.862 0.839 0.831 0.853 0.841 0.826 0.837 0.849 0.845 0.838 0.850 0.796 0.829 0.783 0.791 0.842 0.798 0.826 0.837 0.835 0.815  
0.941 0.854 0.954 0.957 0.941 0.963 0.938 0.968 0.968 0.969 0.955 0.962 0.963 0.960 0.950 0.963 0.948 0.959 0.942 0.960 0.960 0.925 1.000 0.961 0.938 0.962 0.953 0.959 0.965 0.956 0.945 0.925 0.943 0.913 0.908 0.901 0.912 0.900 0.903 0.911 0.849 0.887 0.876 0.895 0.896 0.884 0.909 0.872 0.859 0.861 0.876 0.860 0.846 0.855 0.872 0.865 0.849 0.870 0.817 0.847 0.804 0.812 0.865 0.817 0.851 0.856 0.858 0.842  
0.935 0.856 0.954 0.957 0.939 0.961 0.948 0.963 0.959 0.955 0.950 0.970 0.961 0.963 0.946 0.968 0.955 0.954 0.935 0.957 0.961 0.918 0.965 1.000 0.934 0.949 0.945 0.957 0.965 0.949 0.945 0.925 0.937 0.908 0.904 0.907 0.905 0.905 0.901 0.905 0.854 0.882 0.883 0.900 0.895 0.881 0.901 0.873 0.859 0.859 0.877 0.863 0.849 0.860 0.874 0.867 0.854 0.874 0.818 0.850 0.801 0.812 0.867 0.819 0.850 0.859 0.857 0.842  
0.920 0.850 0.938 0.933 0.921 0.935 0.920 0.939 0.932 0.931 0.928 0.939 0.940 0.936 0.923 0.938 0.934 0.930 0.923 0.932 0.935 0.915 0.944 0.937 1.000 0.944 0.938 0.948 0.944 0.944 0.944 0.936 0.932 0.899 0.893 0.904 0.902 0.901 0.892 0.899 0.843 0.874 0.872 0.892 0.878 0.870 0.884 0.867 0.843 0.855 0.867 0.857 0.841 0.851 0.867 0.860 0.846 0.864 0.811 0.847 0.798 0.804 0.861 0.812 0.844 0.854 0.855 0.833  
0.923 0.854 0.940 0.941 0.918 0.938 0.929 0.947 0.953 0.954 0.937 0.949 0.941 0.945 0.935 0.945 0.937 0.940 0.936 0.941 0.946 0.922 0.961 0.944 0.937 1.000 0.952 0.947 0.952 0.951 0.949 0.917 0.931 0.911 0.904 0.898 0.910 0.896 0.897 0.907 0.845 0.883 0.872 0.892 0.891 0.883 0.905 0.867 0.854 0.852 0.864 0.861 0.847 0.855 0.871 0.864 0.847 0.871 0.814 0.849 0.801 0.812 0.867 0.817 0.854 0.858 0.860 0.844  
0.921 0.861 0.939 0.936 0.918 0.939 0.925 0.941 0.948 0.944 0.930 0.944 0.940 0.942 0.930 0.944 0.935 0.936 0.934 0.936 0.937 0.921 0.955 0.943 0.934 0.955 1.000 0.946 0.945 0.952 0.939 0.915 0.925 0.906 0.910 0.902 0.916 0.900 0.905 0.912 0.854 0.887 0.877 0.895 0.892 0.877 0.902 0.867 0.860 0.849 0.874 0.867 0.852 0.861 0.879 0.872 0.854 0.877 0.820 0.855 0.807 0.820 0.871 0.828 0.857 0.866 0.866 0.844  
0.935 0.861 0.963 0.952 0.935 0.962 0.953 0.966 0.949 0.950 0.955 0.962 0.967 0.963 0.941 0.956 0.954 0.961 0.935 0.963 0.970 0.927 0.961 0.955 0.944 0.950 0.946 1.000 0.973 0.952 0.967 0.930 0.945 0.915 0.905 0.914 0.913 0.915 0.910 0.908 0.863 0.887 0.897 0.906 0.898 0.888 0.899 0.877 0.858 0.857 0.874 0.870 0.854 0.865 0.877 0.872 0.859 0.873 0.820 0.851 0.803 0.813 0.868 0.821 0.852 0.861 0.859 0.839  
0.941 0.855 0.959 0.951 0.938 0.967 0.953 0.982 0.949 0.953 0.960 0.963 0.965 0.972 0.940 0.960 0.953 0.975 0.937 0.979 0.980 0.929 0.967 0.962 0.940 0.955 0.945 0.973 1.000 0.948 0.958 0.930 0.955 0.912 0.904 0.915 0.913 0.908 0.906 0.908 0.853 0.886 0.887 0.901 0.897 0.883 0.909 0.878 0.864 0.863 0.875 0.863 0.848 0.859 0.871 0.865 0.853 0.869 0.816 0.847 0.800 0.809 0.864 0.817 0.847 0.856 0.857 0.836  
0.918 0.856 0.939 0.946 0.926 0.940 0.929 0.943 0.957 0.953 0.938 0.948 0.949 0.947 0.935 0.947 0.939 0.939 0.945 0.941 0.942 0.922 0.957 0.947 0.939 0.954 0.951 0.951 0.948 1.000 0.948 0.923 0.931 0.911 0.906 0.899 0.915 0.898 0.900 0.911 0.852 0.886 0.881 0.899 0.900 0.886 0.904 0.873 0.854 0.854 0.871 0.860 0.845 0.855 0.872 0.867 0.848 0.872 0.815 0.847 0.802 0.813 0.867 0.819 0.850 0.860 0.858 0.842  
0.918 0.855 0.949 0.939 0.926 0.950 0.941 0.953 0.936 0.938 0.944 0.946 0.950 0.952 0.938 0.945 0.946 0.951 0.937 0.949 0.953 0.924 0.949 0.945 0.942 0.954 0.941 0.969 0.960 0.950 1.000 0.923 0.935 0.908 0.897 0.916 0.907 0.913 0.900 0.900 0.856 0.883 0.890 0.905 0.891 0.880 0.895 0.869 0.854 0.849 0.871 0.865 0.850 0.860 0.870 0.866 0.852 0.868 0.812 0.846 0.796 0.809 0.866 0.816 0.852 0.857 0.853 0.840  
0.921 0.838 0.935 0.921 0.917 0.926 0.909 0.938 0.926 0.922 0.924 0.934 0.927 0.923 0.913 0.931 0.928 0.923 0.909 0.930 0.929 0.909 0.932 0.928 0.938 0.925 0.920 0.934 0.936 0.928 0.926 1.000 0.919 0.886 0.880 0.889 0.887 0.886 0.883 0.888 0.829 0.860 0.858 0.879 0.869 0.861 0.877 0.873 0.838 0.850 0.860 0.844 0.828 0.839 0.856 0.849 0.841 0.853 0.802 0.835 0.789 0.791 0.846 0.801 0.826 0.843 0.840 0.819  
0.926 0.848 0.946 0.935 0.928 0.944 0.929 0.951 0.930 0.933 0.948 0.942 0.947 0.951 0.928 0.941 0.940 0.942 0.923 0.950 0.946 0.912 0.949 0.939 0.931 0.938 0.929 0.949 0.959 0.935 0.937 0.918 1.000 0.898 0.892 0.899 0.898 0.895 0.899 0.894 0.840 0.869 0.870 0.886 0.883 0.866 0.891 0.865 0.852 0.865 0.873 0.857 0.844 0.853 0.867 0.860 0.847 0.864 0.812 0.845 0.798 0.803 0.858 0.816 0.840 0.851 0.855 0.829  
0.886 0.844 0.905 0.910 0.898 0.912 0.899 0.912 0.911 0.912 0.910 0.924 0.914 0.910 0.903 0.918 0.901 0.908 0.894 0.909 0.915 0.878 0.922 0.912 0.901 0.921 0.913 0.922 0.919 0.918 0.913 0.887 0.900 1.000 0.945 0.932 0.939 0.913 0.934 0.951 0.876 0.889 0.884 0.901 0.891 0.888 0.908 0.857 0.857 0.838 0.853 0.858 0.848 0.851 0.860 0.854 0.837 0.856 0.806 0.836 0.793 0.809 0.867 0.816 0.850 0.848 0.850 0.845  
0.881 0.849 0.907 0.906 0.891 0.907 0.892 0.911 0.912 0.913 0.904 0.924 0.908 0.905 0.901 0.918 0.902 0.904 0.894 0.911 0.909 0.876 0.918 0.910 0.897 0.915 0.918 0.913 0.913 0.915 0.903 0.882 0.896 0.947 1.000 0.949 0.944 0.924 0.945 0.963 0.872 0.905 0.877 0.908 0.899 0.878 0.904 0.857 0.867 0.837 0.854 0.858 0.842 0.850 0.866 0.859 0.841 0.864 0.813 0.842 0.801 0.818 0.859 0.824 0.848 0.854 0.856 0.837  
0.883 0.844 0.913 0.901 0.894 0.914 0.899 0.920 0.902 0.903 0.905 0.920 0.914 0.912 0.897 0.915 0.908 0.912 0.889 0.919 0.917 0.877 0.912 0.914 0.909 0.909 0.911 0.923 0.925 0.909 0.923 0.892 0.904 0.934 0.950 1.000 0.948 0.947 0.948 0.945 0.879 0.899 0.887 0.923 0.894 0.872 0.898 0.854 0.871 0.841 0.852 0.855 0.841 0.849 0.860 0.856 0.840 0.857 0.808 0.839 0.792 0.808 0.857 0.817 0.841 0.850 0.850 0.830  
0.882 0.850 0.905 0.905 0.892 0.910 0.894 0.913 0.910 0.908 0.904 0.919 0.910 0.907 0.894 0.913 0.900 0.912 0.901 0.912 0.912 0.887 0.920 0.910 0.904 0.919 0.922 0.919 0.920 0.922 0.912 0.888 0.901 0.939 0.943 0.945 1.000 0.926 0.945 0.956 0.886 0.914 0.885 0.917 0.900 0.882 0.913 0.853 0.863 0.837 0.854 0.861 0.845 0.852 0.865 0.860 0.842 0.863 0.809 0.840 0.798 0.814 0.864 0.822 0.848 0.855 0.855 0.838  
0.886 0.864 0.922 0.906 0.893 0.919 0.902 0.923 0.906 0.906 0.909 0.927 0.919 0.911 0.901 0.917 0.916 0.915 0.891 0.922 0.919 0.879 0.914 0.916 0.909 0.912 0.912 0.927 0.921 0.911 0.924 0.893 0.904 0.919 0.929 0.951 0.932 1.000 0.925 0.923 0.874 0.913 0.891 0.935 0.916 0.894 0.895 0.859 0.851 0.841 0.853 0.866 0.846 0.864 0.881 0.875 0.860 0.879 0.826 0.857 0.811 0.817 0.858 0.825 0.846 0.871 0.858 0.827  
0.884 0.848 0.913 0.904 0.893 0.911 0.895 0.911 0.905 0.903 0.911 0.920 0.909 0.905 0.901 0.911 0.908 0.907 0.891 0.909 0.912 0.877 0.913 0.908 0.897 0.908 0.913 0.918 0.915 0.909 0.906 0.886 0.903 0.936 0.946 0.947 0.947 0.920 1.000 0.952 0.882 0.891 0.883 0.909 0.894 0.874 0.900 0.859 0.873 0.839 0.856 0.861 0.846 0.854 0.867 0.860 0.844 0.861 0.809 0.840 0.796 0.807 0.858 0.819 0.843 0.853 0.854 0.831  
0.883 0.849 0.907 0.906 0.895 0.912 0.893 0.912 0.910 0.907 0.906 0.922 0.907 0.906 0.901 0.917 0.901 0.905 0.895 0.910 0.911 0.880 0.919 0.910 0.902 0.916 0.919 0.914 0.915 0.919 0.905 0.889 0.897 0.951 0.962 0.943 0.957 0.917 0.950 1.000 0.884 0.896 0.885 0.911 0.893 0.883 0.913 0.857 0.867 0.836 0.854 0.860 0.843 0.851 0.866 0.860 0.842 0.862 0.810 0.840 0.798 0.815 0.861 0.824 0.846 0.856 0.854 0.838  
0.823 0.806 0.854 0.846 0.841 0.857 0.853 0.852 0.846 0.844 0.844 0.866 0.857 0.854 0.842 0.857 0.846 0.855 0.851 0.853 0.856 0.829 0.854 0.855 0.842 0.851 0.857 0.866 0.857 0.856 0.858 0.827 0.840 0.873 0.868 0.873 0.884 0.865 0.878 0.881 1.000 0.841 0.897 0.853 0.847 0.826 0.853 0.802 0.827 0.780 0.797 0.811 0.802 0.808 0.819 0.813 0.797 0.816 0.762 0.798 0.746 0.773 0.814 0.787 0.793 0.813 0.804 0.802  
0.864 0.850 0.890 0.886 0.870 0.890 0.874 0.895 0.893 0.893 0.884 0.904 0.891 0.887 0.880 0.899 0.882 0.890 0.879 0.897 0.893 0.864 0.900 0.890 0.880 0.896 0.897 0.897 0.897 0.897 0.892 0.865 0.875 0.893 0.907 0.900 0.918 0.911 0.893 0.900 0.848 1.000 0.863 0.902 0.899 0.870 0.882 0.836 0.834 0.815 0.830 0.855 0.833 0.848 0.866 0.860 0.843 0.864 0.812 0.842 0.800 0.818 0.845 0.816 0.839 0.859 0.844 0.820  
0.858 0.831 0.892 0.882 0.873 0.897 0.897 0.892 0.879 0.879 0.881 0.895 0.895 0.890 0.878 0.888 0.886 0.894 0.882 0.889 0.895 0.862 0.886 0.890 0.876 0.882 0.885 0.904 0.896 0.889 0.896 0.861 0.875 0.886 0.878 0.887 0.887 0.887 0.882 0.886 0.902 0.861 1.000 0.887 0.875 0.853 0.893 0.834 0.842 0.813 0.825 0.840 0.823 0.834 0.843 0.839 0.822 0.837 0.785 0.816 0.769 0.789 0.841 0.800 0.823 0.835 0.826 0.815  
0.876 0.860 0.908 0.898 0.885 0.907 0.892 0.909 0.898 0.899 0.899 0.912 0.905 0.903 0.892 0.910 0.902 0.902 0.884 0.909 0.907 0.871 0.905 0.906 0.896 0.902 0.903 0.913 0.909 0.908 0.911 0.882 0.890 0.902 0.909 0.922 0.919 0.930 0.909 0.913 0.857 0.900 0.887 1.000 0.926 0.903 0.900 0.845 0.854 0.825 0.840 0.861 0.842 0.855 0.873 0.868 0.851 0.872 0.817 0.847 0.802 0.816 0.856 0.824 0.846 0.865 0.853 0.829  
0.871 0.858 0.902 0.899 0.887 0.898 0.907 0.904 0.900 0.898 0.896 0.907 0.903 0.898 0.888 0.902 0.900 0.897 0.907 0.904 0.899 0.876 0.903 0.898 0.878 0.898 0.896 0.902 0.902 0.905 0.894 0.869 0.883 0.889 0.895 0.890 0.898 0.908 0.890 0.890 0.847 0.893 0.872 0.922 1.000 0.890 0.882 0.856 0.854 0.823 0.834 0.858 0.838 0.853 0.874 0.867 0.852 0.874 0.818 0.845 0.805 0.818 0.844 0.820 0.837 0.859 0.846 0.818  
0.860 0.832 0.885 0.882 0.867 0.883 0.867 0.888 0.884 0.883 0.880 0.898 0.883 0.881 0.873 0.892 0.878 0.879 0.865 0.885 0.889 0.851 0.889 0.883 0.870 0.889 0.880 0.891 0.887 0.890 0.882 0.859 0.866 0.885 0.874 0.867 0.879 0.885 0.869 0.880 0.826 0.863 0.849 0.898 0.890 1.000 0.875 0.822 0.830 0.803 0.816 0.829 0.814 0.828 0.847 0.840 0.827 0.847 0.791 0.823 0.779 0.784 0.829 0.793 0.818 0.841 0.826 0.812  
0.895 0.842 0.901 0.899 0.889 0.904 0.892 0.912 0.909 0.907 0.894 0.912 0.902 0.909 0.893 0.908 0.894 0.911 0.890 0.911 0.909 0.873 0.916 0.904 0.886 0.913 0.907 0.904 0.915 0.910 0.898 0.877 0.893 0.907 0.901 0.895 0.912 0.888 0.897 0.912 0.855 0.877 0.890 0.898 0.883 0.877 1.000 0.849 0.867 0.831 0.847 0.847 0.833 0.843 0.857 0.851 0.830 0.854 0.801 0.832 0.788 0.807 0.855 0.818 0.840 0.849 0.842 0.832  
0.906 0.841 0.914 0.910 0.909 0.911 0.913 0.919 0.910 0.905 0.911 0.918 0.910 0.905 0.905 0.914 0.907 0.909 0.913 0.913 0.910 0.898 0.911 0.908 0.900 0.907 0.904 0.914 0.916 0.911 0.904 0.905 0.899 0.887 0.886 0.882 0.884 0.883 0.888 0.887 0.833 0.861 0.862 0.873 0.889 0.854 0.880 1.000 0.850 0.886 0.897 0.847 0.831 0.844 0.861 0.852 0.844 0.857 0.812 0.841 0.799 0.799 0.852 0.808 0.835 0.844 0.841 0.815  
0.891 0.817 0.868 0.864 0.868 0.871 0.866 0.873 0.870 0.864 0.862 0.873 0.868 0.871 0.861 0.869 0.860 0.875 0.865 0.874 0.875 0.848 0.870 0.867 0.849 0.866 0.869 0.868 0.874 0.864 0.862 0.843 0.858 0.861 0.869 0.872 0.867 0.849 0.875 0.871 0.833 0.834 0.844 0.856 0.860 0.836 0.871 0.824 1.000 0.801 0.828 0.828 0.818 0.821 0.835 0.827 0.812 0.831 0.771 0.805 0.757 0.772 0.831 0.786 0.806 0.820 0.811 0.794  
0.891 0.831 0.900 0.892 0.885 0.898 0.884 0.906 0.899 0.894 0.901 0.901 0.898 0.896 0.889 0.897 0.897 0.898 0.876 0.903 0.899 0.870 0.904 0.897 0.891 0.895 0.889 0.897 0.904 0.894 0.887 0.884 0.902 0.871 0.868 0.872 0.871 0.868 0.871 0.869 0.814 0.844 0.844 0.856 0.858 0.837 0.865 0.889 0.829 1.000 0.889 0.838 0.825 0.835 0.851 0.842 0.839 0.847 0.798 0.832 0.787 0.791 0.842 0.803 0.827 0.835 0.833 0.811  
0.920 0.851 0.915 0.912 0.913 0.920 0.906 0.921 0.914 0.909 0.917 0.919 0.919 0.917 0.915 0.918 0.910 0.919 0.905 0.917 0.917 0.896 0.923 0.920 0.907 0.911 0.919 0.919 0.920 0.916 0.914 0.899 0.913 0.890 0.890 0.887 0.892 0.885 0.892 0.891 0.835 0.862 0.860 0.876 0.872 0.855 0.885 0.905 0.861 0.893 1.000 0.859 0.845 0.855 0.872 0.864 0.855 0.867 0.817 0.853 0.803 0.812 0.865 0.825 0.850 0.857 0.853 0.827  
0.855 0.933 0.874 0.865 0.863 0.876 0.867 0.874 0.867 0.863 0.870 0.876 0.875 0.870 0.861 0.873 0.867 0.872 0.864 0.874 0.874 0.851 0.872 0.872 0.863 0.874 0.878 0.881 0.874 0.871 0.874 0.849 0.864 0.862 0.861 0.858 0.865 0.865 0.863 0.865 0.818 0.855 0.843 0.863 0.865 0.836 0.853 0.822 0.829 0.810 0.827 1.000 0.936 0.948 0.941 0.940 0.919 0.932 0.852 0.883 0.839 0.852 0.893 0.848 0.877 0.902 0.888 0.855  
0.845 0.924 0.859 0.853 0.852 0.863 0.853 0.861 0.856 0.853 0.856 0.862 0.861 0.858 0.847 0.859 0.853 0.858 0.852 0.859 0.861 0.839 0.862 0.860 0.851 0.862 0.865 0.868 0.862 0.859 0.861 0.836 0.854 0.855 0.848 0.846 0.852 0.848 0.852 0.850 0.811 0.837 0.829 0.848 0.847 0.824 0.841 0.809 0.822 0.800 0.817 0.939 1.000 0.931 0.922 0.932 0.903 0.922 0.843 0.887 0.830 0.851 0.890 0.851 0.871 0.887 0.879 0.865  
0.857 0.930 0.874 0.865 0.864 0.877 0.867 0.875 0.868 0.864 0.870 0.876 0.875 0.871 0.861 0.873 0.868 0.871 0.865 0.874 0.874 0.852 0.873 0.873 0.863 0.873 0.876 0.881 0.875 0.871 0.873 0.850 0.865 0.860 0.858 0.856 0.862 0.867 0.861 0.860 0.819 0.854 0.841 0.863 0.865 0.839 0.853 0.823 0.827 0.812 0.828 0.953 0.933 1.000 0.940 0.939 0.921 0.938 0.858 0.894 0.844 0.858 0.899 0.856 0.880 0.903 0.890 0.857  
0.866 0.942 0.884 0.874 0.872 0.882 0.872 0.884 0.881 0.875 0.876 0.889 0.880 0.879 0.872 0.887 0.876 0.879 0.873 0.884 0.882 0.858 0.883 0.882 0.872 0.883 0.888 0.886 0.881 0.882 0.878 0.861 0.873 0.863 0.868 0.861 0.869 0.878 0.869 0.869 0.825 0.865 0.845 0.875 0.880 0.853 0.861 0.835 0.834 0.821 0.839 0.940 0.917 0.933 1.000 0.960 0.928 0.949 0.868 0.902 0.855 0.853 0.890 0.860 0.871 0.921 0.896 0.850  
0.857 0.955 0.877 0.867 0.865 0.876 0.866 0.877 0.873 0.868 0.869 0.881 0.875 0.872 0.864 0.879 0.869 0.872 0.868 0.877 0.875 0.853 0.876 0.874 0.865 0.876 0.881 0.880 0.875 0.876 0.873 0.852 0.866 0.857 0.861 0.856 0.862 0.872 0.861 0.862 0.818 0.859 0.841 0.869 0.872 0.846 0.854 0.825 0.826 0.812 0.830 0.938 0.927 0.932 0.959 1.000 0.921 0.945 0.865 0.901 0.850 0.859 0.888 0.863 0.870 0.916 0.894 0.848  
0.847 0.907 0.863 0.849 0.851 0.863 0.850 0.861 0.854 0.849 0.857 0.864 0.859 0.855 0.847 0.862 0.855 0.855 0.848 0.862 0.859 0.844 0.857 0.859 0.849 0.856 0.861 0.865 0.860 0.855 0.857 0.843 0.850 0.838 0.841 0.838 0.843 0.855 0.842 0.842 0.800 0.839 0.821 0.850 0.855 0.830 0.831 0.816 0.809 0.807 0.819 0.914 0.895 0.912 0.925 0.919 1.000 0.926 0.843 0.879 0.830 0.833 0.875 0.835 0.845 0.886 0.865 0.832  
0.859 0.935 0.877 0.867 0.864 0.874 0.865 0.877 0.876 0.870 0.868 0.881 0.872 0.872 0.864 0.881 0.868 0.871 0.871 0.878 0.874 0.854 0.877 0.877 0.866 0.879 0.882 0.878 0.874 0.878 0.871 0.853 0.865 0.855 0.862 0.854 0.862 0.872 0.858 0.860 0.818 0.860 0.835 0.869 0.875 0.849 0.854 0.827 0.826 0.813 0.830 0.926 0.913 0.926 0.945 0.941 0.925 1.000 0.873 0.907 0.866 0.867 0.894 0.869 0.878 0.913 0.895 0.853  
0.839 0.890 0.857 0.847 0.843 0.853 0.838 0.857 0.853 0.848 0.846 0.860 0.853 0.850 0.843 0.859 0.848 0.848 0.843 0.856 0.851 0.832 0.856 0.853 0.843 0.853 0.857 0.856 0.853 0.852 0.847 0.833 0.845 0.836 0.842 0.836 0.840 0.851 0.837 0.840 0.793 0.839 0.813 0.846 0.850 0.823 0.832 0.813 0.796 0.797 0.811 0.879 0.867 0.880 0.897 0.894 0.874 0.906 1.000 0.931 0.927 0.879 0.856 0.877 0.860 0.872 0.891 0.834  
0.859 0.913 0.875 0.865 0.863 0.870 0.857 0.875 0.872 0.866 0.863 0.879 0.871 0.870 0.862 0.878 0.867 0.866 0.865 0.874 0.871 0.853 0.874 0.872 0.867 0.876 0.880 0.876 0.873 0.872 0.869 0.854 0.865 0.854 0.859 0.855 0.858 0.870 0.856 0.858 0.818 0.856 0.832 0.864 0.865 0.844 0.851 0.830 0.819 0.818 0.835 0.898 0.899 0.903 0.919 0.918 0.898 0.928 0.917 1.000 0.886 0.879 0.873 0.891 0.867 0.903 0.914 0.848  
0.826 0.882 0.843 0.834 0.830 0.839 0.824 0.844 0.843 0.838 0.834 0.849 0.838 0.837 0.831 0.847 0.834 0.834 0.833 0.843 0.838 0.822 0.846 0.839 0.833 0.844 0.846 0.842 0.840 0.843 0.834 0.824 0.834 0.826 0.833 0.823 0.831 0.839 0.828 0.832 0.780 0.830 0.800 0.835 0.841 0.814 0.822 0.804 0.785 0.789 0.802 0.870 0.858 0.870 0.887 0.882 0.864 0.903 0.931 0.903 1.000 0.874 0.850 0.862 0.855 0.870 0.892 0.831  
0.818 0.877 0.838 0.833 0.827 0.839 0.827 0.838 0.840 0.839 0.828 0.843 0.837 0.838 0.829 0.843 0.832 0.835 0.837 0.839 0.836 0.819 0.843 0.839 0.829 0.844 0.850 0.842 0.838 0.843 0.837 0.815 0.829 0.832 0.841 0.828 0.837 0.835 0.829 0.838 0.798 0.838 0.810 0.838 0.843 0.809 0.831 0.793 0.791 0.782 0.800 0.872 0.867 0.873 0.874 0.881 0.856 0.893 0.872 0.885 0.863 1.000 0.868 0.870 0.869 0.861 0.863 0.832  
0.857 0.878 0.868 0.866 0.859 0.871 0.861 0.869 0.871 0.867 0.864 0.871 0.871 0.870 0.859 0.870 0.864 0.867 0.861 0.868 0.869 0.849 0.874 0.873 0.864 0.877 0.878 0.875 0.872 0.874 0.872 0.848 0.862 0.868 0.859 0.856 0.865 0.854 0.857 0.862 0.818 0.842 0.840 0.855 0.847 0.833 0.857 0.824 0.828 0.811 0.829 0.889 0.884 0.890 0.888 0.886 0.876 0.896 0.826 0.856 0.817 0.845 1.000 0.824 0.904 0.880 0.862 0.879  
0.838 0.895 0.855 0.847 0.848 0.853 0.841 0.855 0.854 0.849 0.844 0.859 0.852 0.853 0.845 0.859 0.846 0.850 0.850 0.856 0.852 0.834 0.856 0.855 0.845 0.856 0.865 0.858 0.854 0.857 0.851 0.833 0.849 0.847 0.854 0.846 0.853 0.851 0.849 0.855 0.820 0.844 0.829 0.854 0.854 0.826 0.850 0.809 0.813 0.802 0.820 0.875 0.875 0.879 0.889 0.893 0.866 0.903 0.877 0.905 0.858 0.878 0.855 1.000 0.846 0.871 0.882 0.843  
0.837 0.862 0.851 0.849 0.837 0.852 0.843 0.854 0.855 0.852 0.846 0.855 0.854 0.853 0.846 0.855 0.847 0.852 0.847 0.852 0.853 0.833 0.859 0.855 0.847 0.863 0.864 0.858 0.854 0.857 0.857 0.828 0.843 0.850 0.847 0.840 0.849 0.841 0.842 0.847 0.797 0.835 0.822 0.845 0.839 0.821 0.842 0.807 0.804 0.797 0.815 0.873 0.864 0.871 0.868 0.868 0.845 0.879 0.830 0.849 0.821 0.846 0.904 0.816 1.000 0.881 0.857 0.876  
0.846 0.917 0.864 0.854 0.852 0.862 0.850 0.865 0.862 0.856 0.854 0.870 0.861 0.859 0.853 0.867 0.857 0.859 0.854 0.864 0.863 0.842 0.864 0.863 0.856 0.866 0.871 0.866 0.862 0.866 0.861 0.844 0.853 0.847 0.852 0.847 0.855 0.865 0.850 0.855 0.815 0.854 0.833 0.863 0.860 0.843 0.849 0.814 0.816 0.803 0.821 0.896 0.879 0.893 0.917 0.913 0.885 0.914 0.840 0.883 0.834 0.837 0.879 0.839 0.880 1.000 0.882 0.853  
0.861 0.904 0.879 0.872 0.867 0.876 0.862 0.881 0.879 0.875 0.870 0.885 0.877 0.876 0.867 0.883 0.871 0.873 0.873 0.879 0.878 0.857 0.884 0.879 0.874 0.886 0.890 0.882 0.880 0.882 0.875 0.858 0.875 0.866 0.871 0.865 0.872 0.869 0.870 0.871 0.822 0.857 0.841 0.869 0.865 0.845 0.860 0.828 0.823 0.818 0.833 0.901 0.889 0.898 0.911 0.909 0.882 0.914 0.877 0.913 0.874 0.856 0.878 0.866 0.874 0.900 1.000 0.857  
0.831 0.845 0.844 0.843 0.834 0.847 0.838 0.846 0.852 0.849 0.840 0.850 0.847 0.849 0.837 0.851 0.839 0.845 0.842 0.844 0.845 0.827 0.857 0.853 0.843 0.859 0.857 0.852 0.849 0.856 0.851 0.827 0.838 0.852 0.843 0.835 0.845 0.828 0.836 0.845 0.812 0.823 0.820 0.834 0.827 0.821 0.840 0.793 0.797 0.786 0.799 0.857 0.865 0.855 0.854 0.852 0.839 0.861 0.811 0.836 0.804 0.816 0.886 0.819 0.883 0.861 0.847 1.000  
