1.000 0.912 0.913 0.912 0.923 0.911 0.890 0.916 0.891 0.894 0.897 0.836 0.835 0.906 0.819 0.858 0.808 0.840 0.816 0.858 0.848 0.839 0.863 0.854 0.797 0.845 0.814 0.857 0.731 0.967 0.910 0.755 0.721  
0.913 1.000 0.997 0.936 0.930 0.937 0.905 0.928 0.922 0.885 0.906 0.839 0.840 0.894 0.828 0.860 0.811 0.866 0.834 0.855 0.860 0.855 0.860 0.865 0.809 0.860 0.813 0.866 0.736 0.899 0.917 0.739 0.717  
0.913 0.997 1.000 0.936 0.931 0.937 0.904 0.929 0.923 0.885 0.906 0.840 0.843 0.895 0.831 0.861 0.810 0.866 0.833 0.856 0.860 0.853 0.860 0.865 0.809 0.860 0.813 0.868 0.738 0.899 0.915 0.740 0.717  
0.913 0.937 0.937 1.000 0.941 0.930 0.916 0.916 0.926 0.893 0.909 0.835 0.839 0.900 0.828 0.866 0.814 0.871 0.833 0.859 0.858 0.847 0.858 0.867 0.818 0.860 0.816 0.852 0.738 0.898 0.920 0.734 0.710  
0.922 0.928 0.929 0.939 1.000 0.924 0.902 0.910 0.930 0.910 0.909 0.848 0.848 0.910 0.838 0.875 0.816 0.857 0.827 0.866 0.870 0.859 0.875 0.877 0.818 0.867 0.832 0.856 0.741 0.904 0.925 0.743 0.715  
0.914 0.939 0.940 0.932 0.928 1.000 0.912 0.923 0.907 0.890 0.918 0.848 0.848 0.904 0.835 0.880 0.820 0.864 0.838 0.867 0.873 0.857 0.875 0.880 0.823 0.870 0.835 0.875 0.750 0.906 0.910 0.735 0.710  
0.898 0.912 0.912 0.923 0.911 0.917 1.000 0.887 0.899 0.886 0.917 0.828 0.837 0.905 0.823 0.859 0.813 0.858 0.823 0.862 0.868 0.849 0.864 0.875 0.812 0.856 0.814 0.838 0.734 0.893 0.905 0.722 0.706  
0.930 0.942 0.943 0.929 0.925 0.934 0.893 1.000 0.896 0.897 0.895 0.836 0.828 0.900 0.816 0.854 0.796 0.853 0.818 0.849 0.854 0.843 0.856 0.860 0.799 0.851 0.814 0.864 0.749 0.904 0.901 0.759 0.733  
0.898 0.929 0.930 0.932 0.939 0.911 0.898 0.889 1.000 0.886 0.898 0.819 0.830 0.885 0.819 0.852 0.804 0.847 0.813 0.853 0.853 0.836 0.852 0.860 0.802 0.850 0.806 0.849 0.716 0.885 0.917 0.724 0.697  
0.893 0.884 0.884 0.892 0.911 0.886 0.878 0.883 0.878 1.000 0.877 0.813 0.827 0.872 0.831 0.903 0.804 0.835 0.835 0.855 0.856 0.851 0.858 0.863 0.812 0.864 0.800 0.834 0.727 0.864 0.882 0.718 0.707  
0.900 0.909 0.909 0.912 0.914 0.919 0.912 0.885 0.894 0.881 1.000 0.836 0.849 0.912 0.835 0.857 0.824 0.860 0.832 0.873 0.851 0.846 0.868 0.858 0.822 0.855 0.817 0.845 0.742 0.889 0.916 0.723 0.710  
0.849 0.852 0.852 0.847 0.862 0.858 0.834 0.836 0.826 0.826 0.846 1.000 0.893 0.862 0.884 0.840 0.835 0.804 0.841 0.818 0.817 0.828 0.834 0.818 0.811 0.814 0.794 0.813 0.731 0.838 0.839 0.695 0.677  
0.843 0.848 0.850 0.846 0.857 0.853 0.837 0.823 0.831 0.835 0.853 0.888 1.000 0.861 0.933 0.843 0.893 0.824 0.844 0.817 0.814 0.820 0.836 0.817 0.827 0.829 0.793 0.815 0.728 0.831 0.846 0.690 0.675  
0.922 0.909 0.911 0.915 0.928 0.917 0.913 0.902 0.893 0.888 0.925 0.864 0.868 1.000 0.851 0.880 0.837 0.868 0.833 0.879 0.874 0.861 0.887 0.879 0.830 0.867 0.832 0.861 0.754 0.904 0.932 0.749 0.728  
0.828 0.836 0.839 0.835 0.847 0.840 0.824 0.811 0.821 0.839 0.840 0.879 0.934 0.845 1.000 0.854 0.848 0.813 0.846 0.805 0.807 0.814 0.824 0.810 0.821 0.815 0.777 0.800 0.728 0.815 0.830 0.678 0.668  
0.864 0.865 0.867 0.871 0.882 0.884 0.858 0.847 0.852 0.910 0.860 0.833 0.841 0.870 0.852 1.000 0.812 0.826 0.840 0.849 0.850 0.847 0.849 0.851 0.823 0.855 0.807 0.838 0.732 0.851 0.857 0.707 0.695  
0.824 0.826 0.826 0.829 0.833 0.833 0.822 0.799 0.813 0.820 0.837 0.838 0.902 0.839 0.856 0.823 1.000 0.800 0.824 0.805 0.801 0.808 0.824 0.803 0.811 0.826 0.776 0.804 0.700 0.815 0.829 0.682 0.664  
0.845 0.871 0.871 0.876 0.864 0.867 0.857 0.845 0.846 0.842 0.862 0.797 0.821 0.858 0.810 0.826 0.789 1.000 0.809 0.813 0.834 0.829 0.827 0.837 0.808 0.837 0.791 0.825 0.713 0.830 0.853 0.713 0.709  
0.827 0.844 0.844 0.843 0.839 0.847 0.827 0.816 0.818 0.847 0.841 0.839 0.847 0.829 0.849 0.845 0.819 0.815 1.000 0.810 0.818 0.836 0.822 0.821 0.817 0.833 0.779 0.806 0.723 0.816 0.826 0.664 0.656  
0.866 0.862 0.863 0.866 0.875 0.872 0.862 0.844 0.854 0.863 0.877 0.813 0.817 0.871 0.804 0.850 0.797 0.815 0.807 1.000 0.890 0.865 0.899 0.893 0.828 0.865 0.818 0.834 0.703 0.856 0.888 0.707 0.691  
0.858 0.869 0.870 0.867 0.881 0.880 0.870 0.851 0.856 0.867 0.858 0.814 0.816 0.868 0.808 0.853 0.795 0.838 0.816 0.892 1.000 0.892 0.909 0.967 0.836 0.878 0.835 0.837 0.722 0.854 0.866 0.710 0.702  
0.845 0.860 0.859 0.852 0.867 0.861 0.848 0.836 0.836 0.859 0.849 0.822 0.818 0.852 0.812 0.848 0.798 0.830 0.831 0.864 0.888 1.000 0.903 0.892 0.825 0.891 0.839 0.822 0.715 0.841 0.852 0.694 0.683  
0.869 0.866 0.866 0.864 0.883 0.879 0.863 0.850 0.852 0.865 0.871 0.827 0.835 0.878 0.822 0.850 0.814 0.828 0.817 0.898 0.906 0.904 1.000 0.914 0.855 0.896 0.859 0.841 0.717 0.862 0.897 0.715 0.700  
0.860 0.871 0.871 0.873 0.885 0.884 0.875 0.853 0.860 0.871 0.861 0.811 0.815 0.871 0.808 0.852 0.793 0.838 0.816 0.892 0.964 0.892 0.914 1.000 0.837 0.881 0.841 0.833 0.727 0.855 0.871 0.709 0.701  
0.809 0.821 0.821 0.829 0.832 0.833 0.817 0.799 0.808 0.825 0.831 0.811 0.832 0.828 0.825 0.830 0.807 0.815 0.819 0.833 0.839 0.831 0.861 0.843 1.000 0.850 0.825 0.799 0.695 0.805 0.832 0.681 0.669  
0.852 0.866 0.866 0.865 0.875 0.874 0.855 0.845 0.850 0.872 0.859 0.808 0.828 0.859 0.813 0.856 0.816 0.838 0.828 0.864 0.875 0.891 0.896 0.881 0.844 1.000 0.839 0.852 0.720 0.850 0.865 0.703 0.685  
0.822 0.820 0.821 0.824 0.842 0.840 0.815 0.809 0.808 0.809 0.822 0.790 0.793 0.825 0.777 0.810 0.768 0.794 0.776 0.819 0.834 0.841 0.861 0.842 0.820 0.841 1.000 0.799 0.690 0.818 0.828 0.686 0.656  
0.866 0.875 0.876 0.860 0.866 0.881 0.839 0.860 0.851 0.844 0.851 0.809 0.816 0.855 0.801 0.841 0.797 0.828 0.803 0.835 0.836 0.824 0.843 0.835 0.796 0.854 0.799 1.000 0.705 0.860 0.849 0.728 0.696  
0.763 0.767 0.769 0.769 0.774 0.780 0.759 0.769 0.741 0.759 0.771 0.751 0.752 0.773 0.752 0.758 0.717 0.739 0.745 0.727 0.745 0.741 0.743 0.753 0.715 0.745 0.713 0.728 1.000 0.756 0.754 0.665 0.662  
0.975 0.906 0.906 0.905 0.913 0.910 0.892 0.897 0.886 0.872 0.893 0.832 0.830 0.896 0.814 0.852 0.806 0.831 0.812 0.856 0.851 0.842 0.863 0.855 0.800 0.851 0.817 0.858 0.731 1.000 0.899 0.743 0.709  
0.908 0.914 0.913 0.917 0.925 0.905 0.895 0.885 0.908 0.881 0.911 0.824 0.837 0.913 0.820 0.849 0.811 0.846 0.813 0.878 0.855 0.844 0.888 0.863 0.818 0.856 0.818 0.839 0.721 0.890 1.000 0.719 0.699  
0.836 0.819 0.820 0.812 0.825 0.812 0.793 0.828 0.796 0.796 0.798 0.758 0.757 0.816 0.744 0.778 0.741 0.785 0.726 0.777 0.778 0.763 0.786 0.780 0.743 0.773 0.752 0.799 0.706 0.816 0.798 1.000 0.853  
0.802 0.797 0.797 0.789 0.796 0.787 0.779 0.803 0.769 0.788 0.787 0.741 0.744 0.796 0.736 0.768 0.724 0.784 0.720 0.762 0.772 0.754 0.773 0.774 0.733 0.756 0.723 0.766 0.706 0.782 0.779 0.857 1.000  
