1.000 0.957 0.927 0.890 0.867 0.776 0.747 0.792 0.791 0.946 0.944 0.957 0.958 0.950 0.957 0.959 0.954 0.963 0.956 0.962 0.961 0.960 0.956 0.952 0.948 0.961 0.946 0.966 0.964 0.975 0.962 0.953 0.955 0.963 0.964 0.960 0.963 0.965 0.967 0.969 0.964 0.964 0.967 0.969 0.961 0.959 0.954 0.955 0.958 0.965 0.956  
0.959 1.000 0.933 0.892 0.866 0.777 0.744 0.788 0.789 0.959 0.967 0.966 0.975 0.961 0.965 0.966 0.964 0.968 0.971 0.979 0.967 0.971 0.964 0.969 0.959 0.965 0.942 0.964 0.966 0.951 0.954 0.948 0.949 0.965 0.949 0.969 0.965 0.965 0.959 0.967 0.965 0.964 0.959 0.963 0.961 0.971 0.955 0.952 0.966 0.954 0.961  
0.937 0.941 1.000 0.919 0.902 0.776 0.745 0.793 0.787 0.940 0.935 0.954 0.945 0.936 0.941 0.944 0.939 0.951 0.940 0.946 0.943 0.951 0.939 0.939 0.923 0.947 0.927 0.947 0.950 0.932 0.930 0.932 0.935 0.948 0.921 0.946 0.948 0.945 0.932 0.944 0.949 0.933 0.944 0.941 0.949 0.943 0.938 0.931 0.940 0.934 0.940  
0.905 0.905 0.924 1.000 0.892 0.758 0.739 0.766 0.773 0.897 0.894 0.908 0.908 0.900 0.907 0.909 0.902 0.911 0.905 0.911 0.908 0.912 0.907 0.908 0.891 0.911 0.891 0.915 0.914 0.900 0.899 0.896 0.903 0.912 0.892 0.917 0.912 0.908 0.901 0.909 0.913 0.900 0.908 0.906 0.911 0.908 0.901 0.895 0.905 0.916 0.905  
0.884 0.882 0.910 0.894 1.000 0.743 0.718 0.750 0.760 0.878 0.876 0.885 0.885 0.878 0.884 0.883 0.879 0.888 0.882 0.886 0.882 0.886 0.881 0.882 0.864 0.886 0.870 0.884 0.888 0.868 0.869 0.869 0.873 0.888 0.862 0.885 0.888 0.884 0.874 0.883 0.888 0.872 0.881 0.882 0.886 0.880 0.876 0.871 0.878 0.883 0.877  
0.854 0.853 0.845 0.820 0.802 1.000 0.835 0.941 0.830 0.838 0.839 0.847 0.849 0.849 0.846 0.852 0.846 0.853 0.853 0.854 0.851 0.852 0.847 0.848 0.834 0.854 0.832 0.853 0.857 0.841 0.847 0.839 0.835 0.857 0.840 0.853 0.857 0.852 0.845 0.853 0.857 0.849 0.851 0.853 0.855 0.848 0.845 0.838 0.848 0.851 0.845  
0.823 0.819 0.812 0.801 0.776 0.836 1.000 0.864 0.783 0.815 0.809 0.825 0.824 0.813 0.822 0.826 0.814 0.827 0.820 0.828 0.828 0.828 0.822 0.818 0.805 0.827 0.810 0.828 0.832 0.817 0.816 0.816 0.812 0.829 0.806 0.821 0.829 0.827 0.815 0.828 0.831 0.814 0.828 0.824 0.828 0.822 0.820 0.812 0.822 0.824 0.820  
0.874 0.868 0.866 0.831 0.812 0.945 0.866 1.000 0.820 0.856 0.853 0.869 0.873 0.863 0.869 0.875 0.861 0.877 0.867 0.878 0.875 0.876 0.870 0.864 0.851 0.878 0.855 0.876 0.882 0.864 0.863 0.864 0.858 0.881 0.852 0.869 0.881 0.877 0.860 0.877 0.881 0.864 0.876 0.877 0.880 0.872 0.870 0.862 0.872 0.870 0.868  
0.862 0.858 0.849 0.828 0.813 0.822 0.775 0.810 1.000 0.846 0.848 0.855 0.861 0.858 0.855 0.861 0.856 0.861 0.863 0.862 0.861 0.861 0.858 0.857 0.842 0.864 0.840 0.863 0.866 0.850 0.856 0.846 0.846 0.865 0.848 0.862 0.865 0.862 0.856 0.861 0.866 0.855 0.860 0.860 0.862 0.857 0.860 0.855 0.855 0.861 0.861  
0.947 0.959 0.932 0.884 0.862 0.763 0.741 0.777 0.777 1.000 0.985 0.978 0.960 0.966 0.976 0.963 0.968 0.973 0.958 0.964 0.965 0.965 0.968 0.962 0.941 0.960 0.945 0.959 0.961 0.947 0.943 0.945 0.944 0.958 0.935 0.953 0.959 0.958 0.958 0.961 0.960 0.950 0.955 0.957 0.958 0.958 0.948 0.946 0.954 0.949 0.956  
0.946 0.967 0.927 0.881 0.861 0.764 0.736 0.774 0.780 0.985 1.000 0.977 0.958 0.971 0.976 0.963 0.973 0.974 0.964 0.961 0.966 0.960 0.968 0.971 0.945 0.956 0.938 0.955 0.957 0.942 0.945 0.939 0.940 0.955 0.942 0.959 0.956 0.956 0.962 0.958 0.957 0.956 0.950 0.954 0.952 0.955 0.946 0.943 0.949 0.947 0.951  
0.958 0.966 0.945 0.894 0.869 0.771 0.750 0.788 0.786 0.978 0.976 1.000 0.976 0.968 0.978 0.978 0.972 0.989 0.974 0.978 0.979 0.981 0.973 0.965 0.949 0.973 0.954 0.975 0.976 0.961 0.959 0.960 0.957 0.972 0.951 0.968 0.972 0.971 0.961 0.976 0.975 0.965 0.970 0.970 0.970 0.973 0.962 0.957 0.968 0.961 0.965  
0.960 0.975 0.937 0.895 0.869 0.773 0.749 0.792 0.791 0.960 0.958 0.977 1.000 0.963 0.977 0.980 0.966 0.979 0.979 0.991 0.974 0.985 0.975 0.969 0.960 0.977 0.956 0.976 0.979 0.962 0.959 0.962 0.958 0.976 0.952 0.970 0.976 0.976 0.960 0.980 0.978 0.964 0.972 0.975 0.973 0.984 0.968 0.960 0.979 0.964 0.968  
0.952 0.961 0.928 0.887 0.863 0.773 0.740 0.783 0.788 0.966 0.971 0.969 0.964 1.000 0.980 0.974 0.987 0.978 0.982 0.969 0.970 0.970 0.988 0.979 0.950 0.966 0.947 0.964 0.966 0.949 0.956 0.948 0.949 0.965 0.943 0.963 0.967 0.964 0.964 0.966 0.966 0.966 0.958 0.964 0.963 0.964 0.954 0.952 0.961 0.956 0.956  
0.959 0.965 0.933 0.893 0.869 0.770 0.747 0.788 0.786 0.975 0.976 0.979 0.977 0.979 1.000 0.976 0.980 0.984 0.981 0.976 0.983 0.971 0.988 0.979 0.954 0.972 0.957 0.971 0.973 0.957 0.955 0.956 0.958 0.971 0.947 0.965 0.971 0.972 0.966 0.974 0.972 0.964 0.966 0.969 0.969 0.971 0.961 0.956 0.965 0.960 0.964  
0.961 0.966 0.936 0.896 0.868 0.776 0.751 0.795 0.791 0.963 0.963 0.979 0.981 0.974 0.977 1.000 0.975 0.983 0.983 0.985 0.978 0.979 0.986 0.973 0.950 0.979 0.952 0.977 0.982 0.963 0.960 0.964 0.957 0.978 0.952 0.971 0.978 0.978 0.960 0.983 0.981 0.968 0.975 0.977 0.974 0.979 0.969 0.962 0.973 0.966 0.968  
0.955 0.964 0.931 0.889 0.863 0.771 0.740 0.782 0.786 0.968 0.973 0.972 0.966 0.987 0.980 0.974 1.000 0.976 0.978 0.968 0.968 0.969 0.983 0.976 0.950 0.965 0.945 0.967 0.965 0.952 0.954 0.948 0.952 0.963 0.949 0.967 0.963 0.964 0.972 0.966 0.964 0.966 0.958 0.961 0.962 0.964 0.953 0.948 0.958 0.954 0.957  
0.964 0.968 0.943 0.898 0.872 0.777 0.752 0.795 0.791 0.973 0.973 0.989 0.979 0.977 0.984 0.983 0.976 1.000 0.977 0.986 0.986 0.987 0.980 0.970 0.953 0.982 0.955 0.978 0.982 0.964 0.962 0.965 0.959 0.981 0.951 0.971 0.981 0.980 0.961 0.983 0.982 0.970 0.975 0.979 0.977 0.979 0.970 0.966 0.975 0.969 0.969  
0.957 0.971 0.932 0.892 0.867 0.777 0.746 0.787 0.793 0.958 0.964 0.975 0.979 0.982 0.981 0.982 0.978 0.977 1.000 0.978 0.976 0.972 0.983 0.977 0.958 0.972 0.956 0.972 0.974 0.958 0.964 0.957 0.958 0.971 0.954 0.973 0.971 0.970 0.964 0.975 0.974 0.973 0.967 0.969 0.967 0.972 0.960 0.954 0.965 0.961 0.964  
0.963 0.978 0.937 0.898 0.870 0.777 0.752 0.797 0.792 0.963 0.960 0.978 0.991 0.969 0.976 0.985 0.968 0.985 0.977 1.000 0.978 0.991 0.981 0.974 0.959 0.983 0.954 0.979 0.986 0.965 0.962 0.967 0.960 0.982 0.953 0.973 0.983 0.980 0.962 0.987 0.985 0.967 0.978 0.981 0.977 0.989 0.971 0.968 0.985 0.972 0.970  
0.963 0.967 0.935 0.894 0.867 0.775 0.753 0.794 0.791 0.965 0.966 0.979 0.974 0.969 0.983 0.977 0.968 0.986 0.976 0.979 1.000 0.974 0.979 0.970 0.952 0.975 0.956 0.973 0.979 0.961 0.961 0.963 0.962 0.978 0.948 0.967 0.978 0.981 0.959 0.977 0.979 0.968 0.973 0.972 0.979 0.973 0.969 0.961 0.969 0.963 0.971  
0.961 0.971 0.942 0.898 0.870 0.776 0.752 0.794 0.790 0.964 0.960 0.981 0.985 0.969 0.970 0.979 0.968 0.986 0.972 0.991 0.973 1.000 0.975 0.968 0.962 0.980 0.956 0.978 0.982 0.964 0.959 0.966 0.959 0.979 0.952 0.972 0.979 0.974 0.962 0.980 0.982 0.963 0.976 0.977 0.976 0.984 0.968 0.963 0.987 0.968 0.969  
0.957 0.964 0.930 0.893 0.865 0.771 0.747 0.789 0.788 0.968 0.968 0.973 0.974 0.987 0.987 0.985 0.983 0.980 0.983 0.981 0.978 0.975 1.000 0.983 0.951 0.975 0.952 0.973 0.977 0.958 0.955 0.959 0.958 0.973 0.947 0.967 0.974 0.972 0.967 0.978 0.977 0.963 0.970 0.972 0.968 0.973 0.963 0.958 0.969 0.963 0.965  
0.954 0.969 0.931 0.896 0.867 0.773 0.744 0.785 0.788 0.963 0.971 0.966 0.970 0.979 0.980 0.974 0.976 0.971 0.977 0.975 0.970 0.969 0.984 1.000 0.955 0.970 0.947 0.968 0.972 0.954 0.956 0.954 0.958 0.969 0.952 0.978 0.969 0.968 0.972 0.973 0.972 0.963 0.965 0.966 0.964 0.969 0.958 0.952 0.963 0.959 0.960  
0.946 0.956 0.912 0.875 0.846 0.757 0.729 0.770 0.771 0.938 0.942 0.946 0.957 0.946 0.951 0.946 0.947 0.951 0.955 0.957 0.949 0.959 0.948 0.951 1.000 0.948 0.953 0.952 0.948 0.954 0.951 0.945 0.951 0.946 0.958 0.957 0.947 0.945 0.951 0.948 0.947 0.957 0.949 0.947 0.946 0.953 0.937 0.932 0.958 0.939 0.941  
0.963 0.965 0.939 0.898 0.871 0.778 0.752 0.797 0.794 0.960 0.956 0.973 0.977 0.966 0.972 0.979 0.965 0.982 0.972 0.984 0.976 0.980 0.976 0.969 0.951 1.000 0.956 0.989 0.993 0.968 0.963 0.965 0.961 0.994 0.953 0.978 0.994 0.982 0.960 0.982 0.993 0.964 0.983 0.982 0.984 0.977 0.982 0.965 0.978 0.972 0.981  
0.938 0.933 0.909 0.868 0.845 0.749 0.729 0.768 0.764 0.935 0.928 0.945 0.946 0.937 0.947 0.942 0.935 0.946 0.946 0.944 0.946 0.946 0.942 0.936 0.946 0.946 1.000 0.945 0.949 0.946 0.937 0.947 0.947 0.950 0.934 0.938 0.951 0.945 0.939 0.944 0.949 0.941 0.948 0.945 0.947 0.940 0.940 0.929 0.947 0.936 0.944  
0.968 0.964 0.938 0.901 0.868 0.776 0.752 0.795 0.793 0.959 0.955 0.975 0.976 0.963 0.971 0.976 0.967 0.978 0.972 0.979 0.973 0.978 0.973 0.967 0.955 0.989 0.955 1.000 0.988 0.973 0.971 0.961 0.968 0.985 0.961 0.982 0.985 0.977 0.966 0.978 0.987 0.968 0.979 0.974 0.981 0.975 0.975 0.959 0.971 0.967 0.978  
0.966 0.965 0.941 0.900 0.872 0.780 0.756 0.800 0.795 0.960 0.957 0.976 0.979 0.965 0.973 0.981 0.965 0.982 0.974 0.986 0.979 0.982 0.977 0.971 0.951 0.992 0.959 0.988 1.000 0.968 0.966 0.971 0.963 0.996 0.953 0.975 0.996 0.987 0.966 0.984 0.999 0.964 0.990 0.980 0.989 0.979 0.985 0.964 0.976 0.974 0.983  
0.973 0.948 0.920 0.884 0.850 0.763 0.741 0.782 0.778 0.944 0.938 0.959 0.959 0.945 0.954 0.960 0.949 0.961 0.955 0.963 0.958 0.961 0.956 0.950 0.954 0.965 0.953 0.970 0.965 1.000 0.968 0.966 0.964 0.961 0.977 0.964 0.962 0.962 0.963 0.971 0.964 0.967 0.970 0.969 0.959 0.959 0.951 0.952 0.958 0.960 0.955  
0.962 0.953 0.921 0.885 0.853 0.770 0.740 0.782 0.786 0.942 0.943 0.958 0.958 0.954 0.954 0.958 0.953 0.961 0.963 0.961 0.960 0.958 0.954 0.954 0.953 0.962 0.946 0.970 0.965 0.970 1.000 0.954 0.959 0.963 0.967 0.966 0.962 0.958 0.958 0.961 0.965 0.968 0.970 0.957 0.962 0.958 0.952 0.942 0.955 0.951 0.954  
0.952 0.946 0.922 0.881 0.852 0.763 0.741 0.783 0.775 0.943 0.937 0.958 0.960 0.946 0.954 0.962 0.946 0.963 0.955 0.966 0.961 0.964 0.957 0.951 0.946 0.963 0.955 0.960 0.969 0.967 0.953 1.000 0.955 0.967 0.950 0.953 0.968 0.969 0.947 0.970 0.969 0.954 0.971 0.966 0.965 0.965 0.957 0.948 0.967 0.954 0.956  
0.958 0.950 0.928 0.891 0.858 0.762 0.739 0.780 0.778 0.945 0.941 0.958 0.959 0.950 0.959 0.958 0.953 0.960 0.959 0.961 0.964 0.960 0.959 0.958 0.955 0.962 0.958 0.969 0.965 0.968 0.962 0.958 1.000 0.961 0.959 0.968 0.962 0.960 0.955 0.960 0.963 0.959 0.962 0.957 0.960 0.958 0.952 0.943 0.957 0.951 0.957  
0.965 0.965 0.940 0.899 0.872 0.780 0.754 0.799 0.795 0.958 0.955 0.972 0.976 0.965 0.971 0.978 0.963 0.981 0.971 0.982 0.978 0.979 0.974 0.968 0.949 0.994 0.960 0.985 0.996 0.964 0.964 0.969 0.960 1.000 0.950 0.972 0.999 0.986 0.962 0.981 0.997 0.963 0.987 0.982 0.989 0.976 0.987 0.964 0.978 0.974 0.983  
0.962 0.947 0.910 0.876 0.844 0.763 0.731 0.771 0.777 0.933 0.939 0.948 0.949 0.940 0.944 0.949 0.946 0.949 0.951 0.951 0.945 0.950 0.944 0.949 0.958 0.951 0.941 0.958 0.951 0.978 0.966 0.949 0.955 0.947 1.000 0.961 0.948 0.947 0.963 0.958 0.950 0.965 0.955 0.958 0.945 0.947 0.938 0.939 0.946 0.949 0.941  
0.963 0.970 0.939 0.904 0.870 0.778 0.748 0.790 0.793 0.954 0.960 0.970 0.972 0.964 0.966 0.972 0.968 0.973 0.975 0.975 0.968 0.974 0.968 0.979 0.961 0.979 0.949 0.984 0.977 0.968 0.968 0.956 0.969 0.973 0.965 1.000 0.974 0.969 0.970 0.972 0.976 0.970 0.969 0.970 0.971 0.971 0.963 0.954 0.966 0.963 0.966  
0.964 0.964 0.939 0.898 0.872 0.780 0.754 0.799 0.795 0.958 0.955 0.972 0.976 0.966 0.971 0.977 0.963 0.981 0.971 0.982 0.978 0.979 0.974 0.968 0.949 0.994 0.961 0.985 0.996 0.964 0.963 0.969 0.960 0.999 0.950 0.972 1.000 0.986 0.962 0.981 0.997 0.963 0.987 0.982 0.990 0.976 0.987 0.965 0.978 0.974 0.984  
0.967 0.965 0.937 0.895 0.868 0.776 0.752 0.796 0.792 0.959 0.956 0.972 0.976 0.964 0.972 0.978 0.964 0.980 0.970 0.981 0.981 0.975 0.972 0.967 0.948 0.982 0.955 0.978 0.988 0.965 0.959 0.971 0.959 0.986 0.950 0.968 0.986 1.000 0.962 0.988 0.987 0.965 0.984 0.983 0.981 0.980 0.977 0.965 0.975 0.969 0.974  
0.968 0.959 0.924 0.887 0.858 0.769 0.741 0.781 0.786 0.958 0.961 0.960 0.959 0.964 0.966 0.960 0.972 0.961 0.963 0.962 0.959 0.962 0.966 0.971 0.954 0.959 0.948 0.965 0.965 0.965 0.958 0.948 0.953 0.962 0.965 0.969 0.962 0.961 1.000 0.968 0.965 0.963 0.961 0.967 0.959 0.958 0.951 0.949 0.953 0.964 0.955  
0.971 0.966 0.936 0.896 0.867 0.776 0.752 0.796 0.791 0.961 0.957 0.976 0.980 0.966 0.974 0.982 0.966 0.983 0.975 0.987 0.977 0.981 0.978 0.972 0.951 0.982 0.954 0.978 0.984 0.974 0.962 0.972 0.959 0.981 0.961 0.971 0.981 0.988 0.969 1.000 0.984 0.971 0.980 0.992 0.976 0.984 0.970 0.973 0.979 0.977 0.969  
0.965 0.965 0.940 0.899 0.872 0.780 0.756 0.799 0.795 0.959 0.956 0.975 0.978 0.965 0.972 0.980 0.964 0.982 0.973 0.985 0.978 0.982 0.976 0.970 0.950 0.992 0.958 0.987 0.999 0.966 0.965 0.971 0.962 0.997 0.952 0.974 0.997 0.987 0.965 0.983 1.000 0.963 0.989 0.980 0.989 0.977 0.985 0.964 0.976 0.974 0.981  
0.965 0.963 0.924 0.886 0.855 0.772 0.739 0.783 0.785 0.949 0.954 0.964 0.963 0.965 0.963 0.967 0.965 0.970 0.972 0.966 0.968 0.962 0.963 0.961 0.960 0.963 0.950 0.968 0.964 0.969 0.969 0.955 0.957 0.962 0.967 0.968 0.962 0.963 0.963 0.970 0.963 1.000 0.957 0.966 0.961 0.964 0.954 0.953 0.956 0.959 0.955  
0.967 0.957 0.934 0.893 0.864 0.774 0.752 0.794 0.789 0.953 0.948 0.969 0.971 0.956 0.965 0.973 0.957 0.973 0.966 0.977 0.972 0.975 0.969 0.963 0.951 0.981 0.956 0.978 0.989 0.972 0.969 0.972 0.960 0.985 0.957 0.966 0.986 0.982 0.960 0.978 0.988 0.956 1.000 0.976 0.982 0.973 0.975 0.958 0.975 0.963 0.974  
0.971 0.963 0.933 0.892 0.866 0.777 0.749 0.796 0.790 0.956 0.954 0.970 0.975 0.963 0.969 0.976 0.961 0.979 0.969 0.981 0.972 0.977 0.972 0.966 0.950 0.982 0.955 0.974 0.980 0.972 0.958 0.968 0.956 0.981 0.960 0.969 0.982 0.982 0.967 0.992 0.980 0.966 0.977 1.000 0.974 0.977 0.971 0.973 0.981 0.976 0.970  
0.963 0.961 0.940 0.898 0.870 0.779 0.753 0.798 0.792 0.958 0.952 0.970 0.973 0.963 0.969 0.974 0.962 0.977 0.967 0.977 0.979 0.976 0.969 0.963 0.949 0.984 0.957 0.981 0.989 0.962 0.963 0.967 0.959 0.989 0.948 0.970 0.990 0.981 0.959 0.976 0.990 0.961 0.983 0.974 1.000 0.972 0.979 0.963 0.973 0.967 0.980  
0.960 0.971 0.934 0.894 0.864 0.772 0.747 0.791 0.787 0.957 0.954 0.973 0.984 0.964 0.971 0.978 0.964 0.979 0.972 0.989 0.972 0.984 0.973 0.968 0.956 0.976 0.950 0.975 0.979 0.962 0.959 0.966 0.956 0.975 0.950 0.969 0.976 0.980 0.958 0.984 0.977 0.964 0.974 0.977 0.972 1.000 0.965 0.958 0.982 0.966 0.965  
0.958 0.958 0.933 0.891 0.863 0.772 0.748 0.792 0.793 0.951 0.949 0.965 0.971 0.956 0.964 0.971 0.956 0.973 0.963 0.974 0.972 0.972 0.966 0.960 0.943 0.985 0.953 0.979 0.989 0.957 0.956 0.962 0.954 0.990 0.943 0.965 0.990 0.980 0.955 0.973 0.988 0.957 0.980 0.974 0.982 0.969 1.000 0.958 0.970 0.965 0.983  
0.959 0.955 0.925 0.884 0.858 0.765 0.740 0.784 0.788 0.949 0.945 0.960 0.962 0.954 0.959 0.964 0.951 0.968 0.956 0.971 0.963 0.966 0.961 0.954 0.937 0.967 0.941 0.962 0.967 0.957 0.946 0.952 0.944 0.967 0.944 0.955 0.968 0.967 0.952 0.975 0.967 0.956 0.962 0.975 0.966 0.961 0.958 1.000 0.963 0.963 0.959  
0.958 0.964 0.930 0.889 0.861 0.770 0.746 0.790 0.784 0.952 0.947 0.966 0.977 0.959 0.963 0.971 0.956 0.973 0.963 0.983 0.967 0.985 0.967 0.961 0.959 0.976 0.955 0.969 0.974 0.959 0.954 0.967 0.954 0.976 0.947 0.963 0.977 0.972 0.951 0.977 0.974 0.955 0.975 0.979 0.971 0.980 0.965 0.959 1.000 0.961 0.966  
0.967 0.954 0.927 0.903 0.868 0.775 0.749 0.790 0.791 0.950 0.947 0.962 0.965 0.956 0.961 0.967 0.955 0.969 0.961 0.973 0.964 0.969 0.964 0.959 0.942 0.973 0.947 0.968 0.975 0.964 0.953 0.956 0.951 0.974 0.952 0.962 0.975 0.970 0.965 0.978 0.975 0.960 0.965 0.977 0.968 0.967 0.963 0.962 0.964 1.000 0.962  
0.960 0.964 0.935 0.894 0.865 0.772 0.748 0.791 0.793 0.959 0.954 0.969 0.971 0.959 0.968 0.971 0.960 0.972 0.967 0.974 0.974 0.973 0.968 0.963 0.947 0.985 0.957 0.982 0.986 0.961 0.958 0.961 0.959 0.987 0.947 0.968 0.987 0.977 0.958 0.973 0.985 0.959 0.979 0.973 0.983 0.968 0.983 0.960 0.971 0.965 1.000  
