1.000 0.983 0.961 0.957 0.968 0.971 0.969 0.964 0.959 0.960 0.972 0.956 0.968 0.939 0.956 0.952 0.965 0.949 0.944 0.956 0.964 0.945 0.959 0.960 0.931 0.926 0.954 0.960 0.958 0.961 0.951 0.953 0.957 0.944 0.951 0.958 0.956 0.950 0.940 0.944 0.933 0.911 0.932 0.931 0.895 0.918 0.873 0.944 0.902 0.902 0.940 0.906 0.895 0.901 0.913 0.959 0.953 0.945 0.861  
0.983 1.000 0.947 0.958 0.954 0.956 0.953 0.948 0.946 0.947 0.957 0.942 0.952 0.928 0.943 0.940 0.950 0.940 0.932 0.942 0.949 0.934 0.946 0.948 0.921 0.913 0.955 0.948 0.944 0.946 0.936 0.956 0.945 0.934 0.942 0.947 0.943 0.943 0.935 0.936 0.927 0.900 0.920 0.920 0.886 0.909 0.872 0.934 0.893 0.892 0.928 0.900 0.889 0.892 0.911 0.951 0.941 0.934 0.854  
0.963 0.949 1.000 0.982 0.980 0.983 0.980 0.978 0.961 0.971 0.980 0.956 0.979 0.942 0.965 0.962 0.986 0.949 0.937 0.956 0.971 0.954 0.966 0.965 0.928 0.941 0.960 0.965 0.964 0.968 0.959 0.942 0.964 0.937 0.962 0.951 0.957 0.952 0.942 0.941 0.922 0.916 0.938 0.945 0.898 0.917 0.873 0.950 0.905 0.903 0.942 0.910 0.898 0.910 0.903 0.948 0.971 0.963 0.862  
0.959 0.959 0.981 1.000 0.973 0.979 0.973 0.971 0.960 0.967 0.976 0.952 0.975 0.938 0.964 0.958 0.979 0.947 0.931 0.952 0.969 0.949 0.965 0.964 0.924 0.939 0.966 0.964 0.960 0.962 0.955 0.953 0.966 0.934 0.960 0.950 0.953 0.948 0.938 0.937 0.926 0.913 0.932 0.938 0.892 0.914 0.888 0.949 0.900 0.899 0.939 0.904 0.889 0.903 0.901 0.945 0.964 0.957 0.855  
0.973 0.958 0.982 0.976 1.000 0.988 0.989 0.986 0.974 0.971 0.998 0.968 0.986 0.948 0.972 0.962 0.984 0.956 0.949 0.967 0.978 0.959 0.975 0.974 0.940 0.940 0.967 0.974 0.984 0.985 0.971 0.953 0.972 0.950 0.961 0.963 0.969 0.964 0.944 0.955 0.933 0.919 0.948 0.948 0.904 0.927 0.883 0.961 0.911 0.909 0.955 0.910 0.901 0.914 0.911 0.958 0.973 0.957 0.866  
0.973 0.957 0.982 0.979 0.985 1.000 0.994 0.983 0.972 0.971 0.989 0.966 0.986 0.949 0.978 0.965 0.982 0.957 0.943 0.962 0.984 0.960 0.978 0.975 0.936 0.939 0.965 0.976 0.973 0.973 0.970 0.951 0.977 0.947 0.963 0.962 0.965 0.962 0.944 0.948 0.931 0.921 0.942 0.948 0.902 0.925 0.882 0.957 0.907 0.907 0.952 0.908 0.896 0.909 0.908 0.957 0.970 0.960 0.862  
0.971 0.955 0.980 0.974 0.986 0.995 1.000 0.983 0.972 0.969 0.987 0.965 0.983 0.949 0.977 0.963 0.987 0.957 0.945 0.962 0.981 0.962 0.975 0.973 0.935 0.938 0.964 0.974 0.971 0.977 0.970 0.950 0.974 0.948 0.963 0.960 0.966 0.965 0.947 0.949 0.930 0.921 0.941 0.949 0.901 0.925 0.880 0.959 0.907 0.907 0.954 0.910 0.898 0.909 0.909 0.957 0.971 0.960 0.862  
0.967 0.950 0.978 0.972 0.983 0.984 0.983 1.000 0.972 0.967 0.984 0.966 0.990 0.947 0.974 0.960 0.981 0.953 0.946 0.964 0.981 0.955 0.975 0.971 0.938 0.939 0.961 0.971 0.974 0.980 0.975 0.953 0.974 0.949 0.957 0.964 0.970 0.961 0.941 0.953 0.932 0.922 0.944 0.946 0.901 0.928 0.883 0.954 0.908 0.906 0.953 0.907 0.896 0.911 0.908 0.958 0.967 0.952 0.863  
0.962 0.949 0.962 0.962 0.972 0.974 0.973 0.972 1.000 0.956 0.976 0.970 0.973 0.946 0.982 0.949 0.967 0.957 0.948 0.952 0.964 0.953 0.985 0.993 0.945 0.926 0.953 0.994 0.979 0.970 0.960 0.960 0.982 0.956 0.957 0.980 0.983 0.981 0.940 0.962 0.947 0.923 0.961 0.941 0.917 0.939 0.894 0.952 0.922 0.921 0.967 0.914 0.905 0.915 0.916 0.963 0.964 0.951 0.874  
0.961 0.948 0.970 0.967 0.967 0.970 0.968 0.966 0.954 1.000 0.971 0.950 0.969 0.938 0.955 0.990 0.976 0.958 0.935 0.948 0.966 0.948 0.956 0.955 0.921 0.954 0.953 0.956 0.962 0.959 0.951 0.942 0.953 0.936 0.975 0.951 0.950 0.943 0.951 0.934 0.924 0.913 0.930 0.942 0.890 0.914 0.867 0.947 0.899 0.897 0.937 0.914 0.901 0.908 0.903 0.949 0.951 0.956 0.860  
0.975 0.960 0.981 0.978 0.996 0.990 0.988 0.985 0.976 0.973 1.000 0.968 0.988 0.947 0.974 0.964 0.984 0.958 0.947 0.964 0.980 0.958 0.977 0.976 0.941 0.941 0.967 0.976 0.983 0.981 0.968 0.955 0.974 0.950 0.963 0.966 0.969 0.964 0.944 0.954 0.935 0.920 0.949 0.947 0.904 0.927 0.886 0.960 0.912 0.911 0.956 0.910 0.898 0.911 0.911 0.961 0.973 0.956 0.867  
0.965 0.950 0.963 0.959 0.972 0.974 0.972 0.973 0.975 0.958 0.974 1.000 0.975 0.938 0.967 0.949 0.968 0.944 0.954 0.957 0.968 0.943 0.971 0.976 0.943 0.927 0.953 0.976 0.978 0.976 0.967 0.959 0.969 0.955 0.949 0.968 0.971 0.971 0.937 0.957 0.939 0.915 0.950 0.931 0.915 0.937 0.892 0.946 0.914 0.921 0.961 0.908 0.898 0.914 0.915 0.963 0.954 0.942 0.869  
0.971 0.955 0.980 0.977 0.985 0.988 0.984 0.991 0.973 0.972 0.988 0.969 1.000 0.946 0.973 0.963 0.982 0.955 0.945 0.966 0.982 0.955 0.974 0.972 0.940 0.942 0.965 0.973 0.975 0.979 0.974 0.955 0.973 0.949 0.960 0.966 0.969 0.961 0.941 0.953 0.934 0.920 0.946 0.947 0.904 0.928 0.887 0.955 0.911 0.909 0.955 0.909 0.897 0.908 0.909 0.959 0.971 0.956 0.864  
0.949 0.938 0.950 0.946 0.953 0.957 0.956 0.954 0.952 0.947 0.954 0.939 0.953 1.000 0.953 0.950 0.954 0.966 0.934 0.944 0.950 0.953 0.958 0.951 0.916 0.922 0.936 0.952 0.944 0.945 0.941 0.932 0.952 0.927 0.954 0.946 0.950 0.945 0.938 0.939 0.924 0.908 0.928 0.933 0.898 0.921 0.864 0.945 0.900 0.901 0.937 0.907 0.898 0.912 0.905 0.935 0.949 0.942 0.860  
0.961 0.949 0.968 0.967 0.972 0.982 0.980 0.977 0.984 0.959 0.976 0.963 0.975 0.948 1.000 0.952 0.971 0.957 0.943 0.951 0.971 0.960 0.983 0.989 0.936 0.928 0.955 0.989 0.975 0.966 0.963 0.954 0.990 0.947 0.959 0.972 0.975 0.970 0.943 0.956 0.940 0.933 0.951 0.949 0.911 0.933 0.888 0.956 0.915 0.915 0.960 0.913 0.904 0.913 0.913 0.957 0.969 0.960 0.869  
0.954 0.941 0.962 0.958 0.959 0.965 0.962 0.959 0.948 0.990 0.962 0.942 0.961 0.941 0.949 1.000 0.967 0.964 0.929 0.941 0.959 0.945 0.953 0.949 0.915 0.950 0.946 0.950 0.956 0.951 0.943 0.935 0.945 0.930 0.972 0.942 0.942 0.936 0.945 0.926 0.917 0.908 0.923 0.940 0.888 0.909 0.859 0.939 0.895 0.892 0.930 0.910 0.900 0.906 0.898 0.941 0.943 0.948 0.854  
0.967 0.952 0.986 0.980 0.982 0.982 0.987 0.981 0.966 0.977 0.983 0.961 0.981 0.946 0.968 0.968 1.000 0.952 0.944 0.960 0.974 0.957 0.967 0.967 0.930 0.942 0.959 0.968 0.970 0.976 0.963 0.948 0.966 0.943 0.967 0.956 0.962 0.958 0.952 0.948 0.927 0.921 0.939 0.946 0.899 0.923 0.876 0.957 0.906 0.905 0.950 0.909 0.900 0.908 0.906 0.954 0.968 0.960 0.864  
0.953 0.943 0.950 0.949 0.955 0.960 0.958 0.954 0.958 0.960 0.958 0.940 0.956 0.960 0.955 0.966 0.954 1.000 0.931 0.943 0.951 0.953 0.959 0.955 0.916 0.928 0.942 0.955 0.946 0.945 0.940 0.939 0.953 0.934 0.968 0.955 0.955 0.948 0.947 0.939 0.928 0.913 0.934 0.934 0.900 0.920 0.866 0.948 0.904 0.903 0.941 0.918 0.906 0.915 0.904 0.943 0.951 0.945 0.862  
0.959 0.946 0.950 0.944 0.959 0.957 0.958 0.958 0.959 0.949 0.958 0.960 0.957 0.939 0.953 0.942 0.957 0.942 1.000 0.953 0.951 0.936 0.952 0.957 0.936 0.917 0.937 0.958 0.959 0.958 0.953 0.948 0.953 0.944 0.939 0.955 0.958 0.953 0.934 0.954 0.938 0.903 0.941 0.921 0.908 0.932 0.879 0.937 0.912 0.914 0.946 0.912 0.905 0.908 0.923 0.953 0.942 0.934 0.871  
0.969 0.954 0.966 0.963 0.975 0.973 0.973 0.974 0.962 0.959 0.974 0.961 0.975 0.946 0.958 0.952 0.970 0.951 0.950 1.000 0.970 0.949 0.961 0.960 0.935 0.933 0.954 0.960 0.963 0.967 0.964 0.951 0.961 0.949 0.948 0.957 0.961 0.954 0.941 0.949 0.937 0.913 0.939 0.937 0.902 0.924 0.880 0.951 0.907 0.908 0.943 0.913 0.900 0.910 0.915 0.957 0.959 0.951 0.865  
0.969 0.954 0.974 0.973 0.978 0.988 0.984 0.983 0.965 0.969 0.982 0.964 0.984 0.945 0.970 0.962 0.977 0.952 0.941 0.962 1.000 0.954 0.973 0.968 0.933 0.940 0.964 0.969 0.968 0.970 0.970 0.950 0.968 0.946 0.956 0.960 0.964 0.956 0.944 0.946 0.928 0.921 0.939 0.946 0.901 0.926 0.882 0.954 0.904 0.905 0.948 0.906 0.895 0.907 0.908 0.955 0.963 0.956 0.860  
0.952 0.941 0.959 0.955 0.961 0.966 0.967 0.960 0.957 0.954 0.962 0.941 0.959 0.950 0.962 0.950 0.962 0.956 0.929 0.943 0.956 1.000 0.964 0.961 0.918 0.934 0.945 0.961 0.950 0.950 0.946 0.934 0.958 0.936 0.960 0.950 0.952 0.949 0.948 0.940 0.928 0.920 0.932 0.952 0.898 0.918 0.867 0.960 0.902 0.901 0.940 0.909 0.898 0.907 0.910 0.937 0.962 0.962 0.858  
0.964 0.951 0.969 0.968 0.975 0.982 0.978 0.978 0.987 0.959 0.978 0.967 0.976 0.953 0.983 0.956 0.970 0.960 0.942 0.953 0.973 0.962 1.000 0.991 0.939 0.931 0.958 0.992 0.975 0.971 0.963 0.955 0.977 0.949 0.964 0.974 0.977 0.973 0.943 0.957 0.941 0.927 0.954 0.950 0.914 0.936 0.892 0.956 0.916 0.917 0.963 0.912 0.904 0.916 0.913 0.957 0.970 0.956 0.869  
0.963 0.951 0.966 0.966 0.973 0.977 0.974 0.972 0.994 0.957 0.976 0.970 0.972 0.945 0.987 0.951 0.969 0.955 0.946 0.951 0.967 0.957 0.990 1.000 0.942 0.926 0.954 1.000 0.979 0.970 0.960 0.958 0.984 0.952 0.959 0.978 0.981 0.977 0.942 0.959 0.945 0.926 0.957 0.946 0.916 0.938 0.893 0.954 0.919 0.920 0.967 0.914 0.905 0.915 0.916 0.961 0.968 0.954 0.872  
0.949 0.939 0.944 0.940 0.953 0.953 0.951 0.954 0.960 0.938 0.956 0.952 0.954 0.924 0.948 0.931 0.946 0.930 0.939 0.940 0.946 0.929 0.952 0.956 1.000 0.921 0.934 0.956 0.959 0.954 0.943 0.944 0.949 0.957 0.930 0.957 0.960 0.954 0.920 0.945 0.937 0.900 0.944 0.915 0.907 0.919 0.875 0.931 0.913 0.916 0.942 0.899 0.892 0.898 0.917 0.954 0.936 0.924 0.859  
0.932 0.918 0.944 0.943 0.941 0.943 0.941 0.942 0.929 0.958 0.944 0.924 0.944 0.918 0.929 0.954 0.946 0.930 0.908 0.926 0.940 0.933 0.932 0.928 0.909 1.000 0.929 0.929 0.934 0.935 0.924 0.917 0.929 0.923 0.948 0.925 0.925 0.916 0.916 0.910 0.904 0.888 0.908 0.928 0.877 0.889 0.845 0.922 0.883 0.880 0.912 0.886 0.875 0.893 0.887 0.922 0.927 0.932 0.833  
0.957 0.958 0.961 0.968 0.965 0.967 0.965 0.962 0.953 0.955 0.967 0.947 0.965 0.930 0.953 0.947 0.960 0.941 0.926 0.945 0.962 0.941 0.956 0.954 0.920 0.926 1.000 0.954 0.955 0.955 0.947 0.956 0.951 0.935 0.947 0.958 0.953 0.943 0.929 0.932 0.920 0.909 0.936 0.934 0.890 0.909 0.890 0.944 0.897 0.898 0.938 0.897 0.887 0.896 0.898 0.942 0.956 0.946 0.854  
0.964 0.951 0.967 0.966 0.973 0.978 0.975 0.972 0.994 0.958 0.977 0.971 0.973 0.945 0.987 0.952 0.969 0.955 0.946 0.951 0.967 0.958 0.990 1.000 0.942 0.927 0.955 1.000 0.979 0.970 0.960 0.959 0.984 0.953 0.960 0.978 0.981 0.978 0.942 0.959 0.946 0.927 0.958 0.946 0.916 0.938 0.893 0.954 0.920 0.921 0.968 0.914 0.905 0.915 0.916 0.962 0.968 0.955 0.872  
0.966 0.952 0.970 0.967 0.987 0.979 0.977 0.979 0.984 0.968 0.988 0.977 0.980 0.942 0.977 0.962 0.976 0.950 0.952 0.958 0.971 0.951 0.978 0.983 0.949 0.936 0.960 0.984 1.000 0.985 0.971 0.961 0.975 0.959 0.953 0.973 0.976 0.969 0.939 0.956 0.941 0.921 0.956 0.940 0.912 0.932 0.889 0.953 0.917 0.916 0.962 0.908 0.903 0.919 0.915 0.966 0.961 0.946 0.869  
0.968 0.952 0.973 0.967 0.987 0.978 0.981 0.984 0.973 0.964 0.984 0.974 0.982 0.941 0.967 0.956 0.980 0.947 0.950 0.961 0.972 0.949 0.973 0.973 0.942 0.935 0.959 0.973 0.983 1.000 0.972 0.954 0.969 0.952 0.956 0.966 0.972 0.965 0.942 0.956 0.936 0.916 0.951 0.941 0.907 0.930 0.886 0.953 0.913 0.912 0.960 0.909 0.900 0.912 0.912 0.959 0.962 0.948 0.868  
0.961 0.945 0.967 0.963 0.976 0.978 0.977 0.981 0.966 0.959 0.974 0.968 0.980 0.941 0.967 0.951 0.970 0.946 0.947 0.961 0.975 0.948 0.968 0.966 0.934 0.927 0.953 0.966 0.972 0.975 1.000 0.950 0.967 0.946 0.946 0.961 0.965 0.956 0.937 0.950 0.929 0.914 0.941 0.936 0.900 0.922 0.884 0.959 0.903 0.904 0.948 0.905 0.895 0.907 0.908 0.954 0.961 0.951 0.860  
0.962 0.965 0.949 0.961 0.957 0.959 0.958 0.960 0.967 0.950 0.961 0.959 0.961 0.932 0.958 0.943 0.955 0.945 0.942 0.948 0.955 0.936 0.959 0.964 0.935 0.921 0.962 0.965 0.963 0.957 0.950 1.000 0.957 0.953 0.941 0.974 0.969 0.955 0.930 0.947 0.939 0.909 0.940 0.925 0.900 0.924 0.888 0.937 0.904 0.907 0.947 0.905 0.893 0.905 0.915 0.965 0.943 0.937 0.864  
0.962 0.949 0.967 0.970 0.972 0.981 0.977 0.976 0.984 0.957 0.975 0.965 0.974 0.946 0.989 0.948 0.968 0.953 0.942 0.953 0.968 0.956 0.977 0.985 0.936 0.928 0.952 0.985 0.972 0.967 0.962 0.952 1.000 0.948 0.958 0.971 0.974 0.972 0.942 0.955 0.944 0.929 0.951 0.942 0.911 0.934 0.890 0.957 0.919 0.918 0.960 0.914 0.900 0.914 0.913 0.955 0.968 0.959 0.870  
0.956 0.946 0.947 0.945 0.958 0.958 0.958 0.959 0.966 0.947 0.959 0.959 0.958 0.929 0.954 0.941 0.953 0.942 0.941 0.949 0.953 0.941 0.957 0.961 0.951 0.929 0.943 0.962 0.963 0.958 0.949 0.956 0.956 1.000 0.939 0.962 0.961 0.961 0.932 0.946 0.943 0.905 0.943 0.924 0.902 0.921 0.875 0.939 0.906 0.908 0.944 0.904 0.892 0.910 0.918 0.976 0.941 0.934 0.861  
0.953 0.943 0.962 0.961 0.958 0.963 0.963 0.957 0.956 0.976 0.962 0.942 0.959 0.946 0.955 0.972 0.967 0.966 0.926 0.938 0.953 0.955 0.961 0.958 0.914 0.944 0.945 0.958 0.947 0.951 0.939 0.933 0.956 0.929 1.000 0.949 0.948 0.948 0.948 0.935 0.926 0.910 0.930 0.940 0.895 0.917 0.865 0.943 0.903 0.900 0.940 0.911 0.899 0.908 0.901 0.937 0.953 0.954 0.860  
0.963 0.952 0.954 0.954 0.964 0.965 0.963 0.967 0.982 0.955 0.967 0.965 0.968 0.942 0.971 0.946 0.959 0.956 0.945 0.950 0.961 0.948 0.974 0.979 0.944 0.924 0.960 0.980 0.970 0.965 0.957 0.969 0.971 0.955 0.952 1.000 0.994 0.971 0.938 0.960 0.950 0.923 0.957 0.938 0.913 0.937 0.887 0.955 0.917 0.920 0.964 0.915 0.904 0.913 0.918 0.964 0.959 0.948 0.874  
0.961 0.948 0.960 0.956 0.969 0.968 0.969 0.973 0.985 0.954 0.970 0.967 0.971 0.945 0.974 0.945 0.964 0.956 0.948 0.953 0.964 0.950 0.977 0.982 0.947 0.924 0.954 0.983 0.972 0.970 0.961 0.964 0.974 0.954 0.951 0.993 1.000 0.976 0.940 0.964 0.948 0.924 0.959 0.940 0.915 0.940 0.889 0.956 0.919 0.921 0.968 0.918 0.907 0.915 0.918 0.963 0.964 0.950 0.875  
0.957 0.949 0.957 0.953 0.966 0.967 0.969 0.965 0.984 0.948 0.967 0.969 0.964 0.942 0.971 0.941 0.963 0.951 0.945 0.948 0.958 0.948 0.975 0.980 0.943 0.917 0.946 0.981 0.968 0.965 0.953 0.952 0.973 0.955 0.952 0.973 0.978 1.000 0.946 0.971 0.949 0.920 0.954 0.935 0.920 0.945 0.893 0.951 0.921 0.925 0.968 0.917 0.907 0.916 0.918 0.961 0.964 0.947 0.874  
0.948 0.943 0.948 0.944 0.948 0.950 0.953 0.946 0.945 0.958 0.949 0.937 0.946 0.936 0.946 0.951 0.958 0.951 0.927 0.936 0.948 0.950 0.947 0.946 0.911 0.919 0.934 0.947 0.939 0.944 0.936 0.929 0.945 0.928 0.954 0.941 0.943 0.947 1.000 0.942 0.925 0.906 0.926 0.937 0.893 0.918 0.865 0.950 0.898 0.898 0.938 0.915 0.903 0.898 0.912 0.939 0.947 0.952 0.864  
0.955 0.947 0.949 0.945 0.961 0.957 0.958 0.960 0.969 0.943 0.961 0.959 0.960 0.940 0.961 0.935 0.957 0.945 0.950 0.947 0.952 0.943 0.963 0.966 0.937 0.914 0.940 0.966 0.959 0.960 0.951 0.948 0.961 0.945 0.943 0.965 0.970 0.975 0.944 1.000 0.951 0.915 0.951 0.930 0.914 0.939 0.885 0.949 0.920 0.921 0.959 0.916 0.907 0.906 0.918 0.955 0.956 0.941 0.876  
0.947 0.941 0.934 0.938 0.943 0.944 0.942 0.943 0.959 0.937 0.946 0.945 0.945 0.928 0.949 0.929 0.939 0.939 0.938 0.939 0.938 0.936 0.951 0.956 0.934 0.912 0.931 0.957 0.947 0.944 0.934 0.944 0.953 0.945 0.938 0.959 0.958 0.957 0.931 0.955 1.000 0.905 0.939 0.921 0.905 0.927 0.877 0.937 0.912 0.916 0.945 0.917 0.904 0.901 0.922 0.952 0.942 0.935 0.874  
0.935 0.924 0.939 0.936 0.939 0.944 0.943 0.945 0.944 0.936 0.941 0.931 0.942 0.923 0.952 0.931 0.943 0.933 0.913 0.925 0.940 0.937 0.947 0.947 0.906 0.906 0.930 0.948 0.938 0.934 0.929 0.924 0.949 0.917 0.932 0.942 0.943 0.938 0.922 0.929 0.915 1.000 0.925 0.926 0.890 0.905 0.857 0.934 0.893 0.895 0.931 0.895 0.886 0.898 0.890 0.926 0.944 0.940 0.889  
0.937 0.925 0.941 0.935 0.949 0.946 0.944 0.947 0.963 0.933 0.951 0.946 0.948 0.924 0.951 0.926 0.942 0.935 0.931 0.931 0.940 0.930 0.954 0.959 0.931 0.907 0.938 0.959 0.953 0.949 0.937 0.935 0.951 0.936 0.933 0.957 0.960 0.952 0.923 0.946 0.930 0.906 1.000 0.916 0.926 0.943 0.878 0.937 0.940 0.934 0.969 0.916 0.909 0.903 0.900 0.939 0.945 0.931 0.882  
0.941 0.929 0.952 0.946 0.952 0.956 0.956 0.953 0.947 0.950 0.953 0.931 0.953 0.932 0.953 0.948 0.953 0.939 0.916 0.934 0.950 0.955 0.954 0.951 0.907 0.931 0.940 0.952 0.942 0.944 0.936 0.925 0.947 0.921 0.947 0.943 0.944 0.937 0.938 0.929 0.916 0.911 0.920 1.000 0.889 0.907 0.861 0.946 0.892 0.890 0.929 0.896 0.888 0.897 0.898 0.929 0.955 0.960 0.849  
0.922 0.912 0.923 0.917 0.926 0.928 0.926 0.926 0.941 0.916 0.928 0.934 0.928 0.915 0.933 0.913 0.923 0.923 0.921 0.917 0.923 0.918 0.937 0.940 0.917 0.898 0.913 0.940 0.931 0.928 0.917 0.918 0.934 0.917 0.920 0.936 0.937 0.941 0.911 0.931 0.918 0.893 0.948 0.906 1.000 0.982 0.871 0.919 0.935 0.949 0.943 0.905 0.902 0.895 0.896 0.922 0.925 0.914 0.868  
0.936 0.926 0.932 0.930 0.940 0.941 0.941 0.943 0.954 0.930 0.942 0.946 0.942 0.928 0.946 0.924 0.939 0.934 0.935 0.929 0.939 0.928 0.950 0.952 0.919 0.900 0.923 0.953 0.942 0.941 0.931 0.932 0.947 0.926 0.932 0.950 0.953 0.957 0.927 0.947 0.930 0.899 0.956 0.915 0.972 1.000 0.883 0.932 0.935 0.952 0.959 0.917 0.908 0.900 0.902 0.936 0.937 0.926 0.880  
0.883 0.883 0.881 0.898 0.890 0.892 0.888 0.891 0.901 0.876 0.893 0.895 0.894 0.865 0.893 0.868 0.885 0.873 0.876 0.880 0.888 0.871 0.898 0.900 0.869 0.850 0.898 0.901 0.892 0.891 0.886 0.889 0.896 0.875 0.873 0.893 0.896 0.897 0.868 0.886 0.874 0.845 0.884 0.862 0.856 0.877 1.000 0.878 0.854 0.856 0.891 0.843 0.830 0.839 0.848 0.883 0.891 0.878 0.802  
0.956 0.945 0.960 0.959 0.968 0.968 0.968 0.963 0.961 0.958 0.969 0.949 0.964 0.947 0.962 0.949 0.967 0.956 0.934 0.951 0.961 0.965 0.963 0.962 0.925 0.928 0.953 0.963 0.957 0.958 0.961 0.940 0.964 0.939 0.953 0.962 0.963 0.956 0.954 0.951 0.935 0.921 0.944 0.948 0.903 0.926 0.879 1.000 0.910 0.913 0.950 0.916 0.903 0.907 0.913 0.944 0.971 0.964 0.867  
0.919 0.910 0.920 0.915 0.923 0.922 0.922 0.922 0.936 0.914 0.926 0.923 0.925 0.907 0.926 0.910 0.921 0.917 0.915 0.912 0.916 0.912 0.928 0.933 0.913 0.894 0.911 0.933 0.926 0.924 0.911 0.912 0.931 0.911 0.918 0.929 0.931 0.931 0.907 0.926 0.915 0.886 0.953 0.900 0.925 0.934 0.860 0.916 1.000 0.940 0.936 0.913 0.908 0.888 0.893 0.916 0.926 0.914 0.867  
0.924 0.915 0.924 0.920 0.927 0.928 0.927 0.926 0.941 0.918 0.930 0.935 0.929 0.914 0.933 0.912 0.926 0.922 0.922 0.919 0.923 0.917 0.935 0.940 0.921 0.896 0.917 0.940 0.931 0.928 0.918 0.920 0.936 0.919 0.920 0.938 0.940 0.941 0.913 0.934 0.924 0.893 0.953 0.904 0.944 0.958 0.867 0.924 0.946 1.000 0.949 0.913 0.905 0.895 0.896 0.925 0.931 0.921 0.877  
0.946 0.934 0.946 0.944 0.957 0.957 0.958 0.957 0.970 0.941 0.959 0.958 0.958 0.933 0.961 0.935 0.954 0.943 0.937 0.937 0.950 0.940 0.964 0.970 0.931 0.913 0.941 0.970 0.960 0.960 0.945 0.944 0.962 0.938 0.944 0.965 0.969 0.968 0.936 0.955 0.937 0.913 0.970 0.925 0.922 0.947 0.886 0.944 0.925 0.932 1.000 0.914 0.904 0.904 0.904 0.946 0.952 0.937 0.879  
0.916 0.910 0.919 0.913 0.916 0.916 0.918 0.915 0.921 0.923 0.917 0.909 0.916 0.908 0.918 0.919 0.917 0.925 0.908 0.911 0.912 0.913 0.918 0.920 0.892 0.890 0.904 0.921 0.911 0.913 0.906 0.906 0.919 0.903 0.919 0.920 0.924 0.921 0.918 0.916 0.913 0.882 0.922 0.897 0.888 0.910 0.842 0.915 0.906 0.900 0.918 1.000 0.958 0.886 0.891 0.916 0.925 0.922 0.883  
0.905 0.899 0.906 0.897 0.906 0.904 0.906 0.904 0.912 0.910 0.905 0.900 0.904 0.899 0.909 0.908 0.907 0.913 0.901 0.898 0.900 0.902 0.909 0.911 0.885 0.879 0.894 0.912 0.905 0.903 0.896 0.893 0.905 0.890 0.907 0.909 0.912 0.910 0.905 0.906 0.900 0.872 0.914 0.889 0.885 0.901 0.829 0.901 0.901 0.893 0.908 0.957 1.000 0.878 0.880 0.902 0.911 0.906 0.875  
0.915 0.905 0.922 0.916 0.924 0.921 0.921 0.923 0.926 0.920 0.922 0.919 0.919 0.916 0.922 0.918 0.919 0.925 0.907 0.912 0.916 0.914 0.926 0.926 0.894 0.901 0.907 0.926 0.926 0.920 0.912 0.909 0.924 0.912 0.920 0.922 0.924 0.923 0.904 0.910 0.901 0.888 0.912 0.902 0.883 0.896 0.842 0.909 0.885 0.886 0.912 0.890 0.882 1.000 0.880 0.915 0.921 0.914 0.841  
0.937 0.934 0.925 0.922 0.930 0.930 0.930 0.929 0.936 0.925 0.932 0.930 0.929 0.919 0.931 0.920 0.928 0.924 0.932 0.927 0.927 0.926 0.932 0.936 0.923 0.904 0.919 0.937 0.931 0.929 0.923 0.929 0.932 0.930 0.923 0.937 0.937 0.935 0.927 0.931 0.931 0.889 0.918 0.913 0.893 0.908 0.860 0.925 0.899 0.897 0.922 0.903 0.893 0.889 1.000 0.935 0.924 0.923 0.855  
0.968 0.958 0.954 0.951 0.962 0.964 0.962 0.963 0.967 0.956 0.965 0.962 0.964 0.933 0.960 0.947 0.960 0.947 0.947 0.953 0.958 0.938 0.960 0.966 0.944 0.924 0.946 0.966 0.966 0.961 0.952 0.963 0.959 0.972 0.943 0.967 0.966 0.963 0.939 0.953 0.946 0.910 0.942 0.928 0.902 0.926 0.880 0.940 0.907 0.910 0.948 0.913 0.900 0.909 0.920 1.000 0.946 0.940 0.869  
0.958 0.945 0.974 0.968 0.974 0.974 0.974 0.969 0.965 0.955 0.974 0.951 0.973 0.945 0.969 0.946 0.971 0.953 0.932 0.952 0.964 0.960 0.970 0.969 0.923 0.926 0.958 0.970 0.958 0.960 0.957 0.939 0.969 0.934 0.956 0.959 0.964 0.962 0.944 0.950 0.932 0.925 0.945 0.950 0.903 0.924 0.885 0.964 0.914 0.913 0.951 0.920 0.906 0.912 0.906 0.943 1.000 0.978 0.868  
0.952 0.941 0.969 0.963 0.960 0.965 0.966 0.957 0.955 0.962 0.960 0.941 0.960 0.939 0.962 0.953 0.965 0.949 0.927 0.946 0.959 0.962 0.959 0.958 0.914 0.933 0.950 0.959 0.946 0.949 0.949 0.935 0.961 0.929 0.959 0.951 0.953 0.948 0.951 0.937 0.928 0.923 0.934 0.958 0.895 0.916 0.875 0.959 0.904 0.905 0.938 0.919 0.904 0.907 0.907 0.939 0.981 1.000 0.865  
0.902 0.894 0.901 0.894 0.902 0.901 0.901 0.901 0.912 0.900 0.905 0.902 0.903 0.892 0.906 0.894 0.903 0.900 0.898 0.895 0.896 0.892 0.905 0.910 0.883 0.867 0.892 0.910 0.903 0.903 0.892 0.896 0.907 0.891 0.899 0.911 0.913 0.909 0.897 0.908 0.902 0.908 0.919 0.880 0.883 0.905 0.831 0.897 0.892 0.897 0.915 0.914 0.907 0.868 0.873 0.902 0.904 0.900 1.000  
