1.000 0.805 0.809 0.805 0.864 0.855 0.862 0.863 0.857 0.856 0.862 0.861 0.862 0.862 0.871 0.873 0.855 0.848 0.843 0.851 0.850 0.863 0.842 0.842 0.853 0.857 0.840 0.857 0.858 0.846 0.852 0.842 0.850 0.824 0.823 0.801 0.789 0.830 0.842 0.807 0.807 0.817 0.821 0.810 0.821 0.809 0.826 0.799 0.778 0.792 0.791 0.842 0.744  
0.816 1.000 0.791 0.799 0.819 0.812 0.810 0.821 0.800 0.800 0.820 0.818 0.821 0.818 0.823 0.819 0.814 0.825 0.818 0.825 0.831 0.806 0.816 0.776 0.836 0.816 0.811 0.804 0.817 0.820 0.810 0.781 0.791 0.786 0.783 0.785 0.784 0.815 0.799 0.813 0.823 0.827 0.790 0.809 0.792 0.790 0.797 0.790 0.785 0.796 0.798 0.821 0.751  
0.824 0.796 1.000 0.912 0.815 0.811 0.815 0.818 0.801 0.803 0.813 0.813 0.815 0.813 0.829 0.825 0.811 0.806 0.813 0.817 0.814 0.797 0.805 0.790 0.814 0.815 0.800 0.803 0.807 0.805 0.813 0.795 0.815 0.786 0.788 0.793 0.784 0.803 0.797 0.780 0.782 0.794 0.789 0.793 0.795 0.786 0.797 0.857 0.825 0.879 0.836 0.861 0.778  
0.825 0.809 0.918 1.000 0.823 0.819 0.823 0.827 0.807 0.808 0.823 0.821 0.826 0.822 0.836 0.831 0.817 0.814 0.818 0.827 0.825 0.805 0.815 0.794 0.822 0.822 0.805 0.810 0.814 0.814 0.820 0.798 0.816 0.798 0.795 0.802 0.794 0.811 0.798 0.785 0.794 0.799 0.793 0.809 0.799 0.798 0.810 0.863 0.856 0.888 0.848 0.875 0.783  
0.868 0.812 0.803 0.806 1.000 0.938 0.932 0.941 0.880 0.881 0.934 0.923 0.932 0.925 0.915 0.911 0.902 0.881 0.883 0.882 0.878 0.876 0.879 0.865 0.885 0.881 0.878 0.881 0.880 0.892 0.892 0.869 0.872 0.839 0.833 0.807 0.812 0.829 0.841 0.808 0.815 0.829 0.833 0.822 0.830 0.829 0.831 0.796 0.793 0.804 0.811 0.861 0.754  
0.860 0.807 0.800 0.803 0.939 1.000 0.935 0.935 0.881 0.881 0.938 0.924 0.935 0.926 0.914 0.908 0.903 0.881 0.876 0.880 0.877 0.865 0.876 0.872 0.881 0.882 0.872 0.884 0.879 0.882 0.893 0.870 0.874 0.837 0.829 0.805 0.810 0.826 0.831 0.802 0.809 0.825 0.832 0.820 0.826 0.825 0.824 0.797 0.792 0.797 0.813 0.863 0.748  
0.870 0.807 0.807 0.810 0.936 0.938 1.000 0.926 0.888 0.889 0.940 0.923 0.929 0.924 0.923 0.921 0.903 0.871 0.876 0.882 0.875 0.875 0.876 0.879 0.878 0.888 0.864 0.889 0.876 0.884 0.887 0.878 0.883 0.839 0.831 0.811 0.809 0.827 0.833 0.802 0.810 0.828 0.826 0.820 0.821 0.821 0.834 0.799 0.796 0.806 0.813 0.869 0.755  
0.867 0.814 0.806 0.809 0.940 0.933 0.922 1.000 0.874 0.873 0.937 0.919 0.930 0.921 0.928 0.909 0.897 0.887 0.885 0.885 0.887 0.874 0.885 0.864 0.887 0.885 0.878 0.874 0.886 0.892 0.901 0.868 0.873 0.843 0.833 0.806 0.813 0.833 0.839 0.809 0.815 0.828 0.836 0.825 0.832 0.829 0.834 0.801 0.796 0.802 0.816 0.865 0.754  
0.880 0.811 0.807 0.808 0.900 0.899 0.904 0.894 1.000 0.935 0.901 0.907 0.903 0.908 0.903 0.899 0.886 0.874 0.875 0.878 0.877 0.875 0.875 0.879 0.880 0.883 0.870 0.929 0.878 0.880 0.886 0.880 0.876 0.849 0.841 0.821 0.820 0.819 0.834 0.811 0.820 0.829 0.824 0.822 0.819 0.825 0.839 0.806 0.797 0.808 0.816 0.870 0.755  
0.870 0.803 0.801 0.801 0.891 0.890 0.896 0.884 0.925 1.000 0.893 0.899 0.890 0.900 0.892 0.888 0.877 0.864 0.865 0.869 0.868 0.865 0.863 0.868 0.871 0.872 0.859 0.917 0.867 0.870 0.877 0.870 0.866 0.837 0.830 0.814 0.810 0.811 0.828 0.800 0.810 0.820 0.812 0.812 0.807 0.814 0.832 0.799 0.789 0.801 0.807 0.860 0.746  
0.862 0.810 0.798 0.803 0.931 0.933 0.932 0.934 0.878 0.880 1.000 0.938 0.940 0.940 0.912 0.908 0.903 0.880 0.879 0.881 0.877 0.871 0.878 0.866 0.881 0.876 0.872 0.880 0.884 0.882 0.894 0.866 0.868 0.835 0.827 0.802 0.810 0.826 0.832 0.801 0.808 0.821 0.831 0.817 0.824 0.823 0.821 0.795 0.790 0.795 0.808 0.856 0.751  
0.860 0.806 0.796 0.799 0.917 0.918 0.913 0.914 0.882 0.883 0.936 1.000 0.931 0.998 0.903 0.902 0.891 0.880 0.881 0.876 0.879 0.861 0.877 0.864 0.880 0.873 0.874 0.880 0.883 0.879 0.891 0.862 0.862 0.830 0.824 0.800 0.807 0.822 0.831 0.799 0.807 0.815 0.827 0.811 0.818 0.820 0.813 0.794 0.785 0.794 0.803 0.850 0.747  
0.862 0.811 0.800 0.805 0.928 0.930 0.921 0.927 0.880 0.876 0.939 0.933 1.000 0.935 0.913 0.906 0.894 0.885 0.881 0.881 0.880 0.865 0.879 0.861 0.884 0.884 0.877 0.878 0.886 0.887 0.895 0.861 0.867 0.836 0.828 0.803 0.813 0.830 0.837 0.804 0.810 0.821 0.831 0.820 0.825 0.823 0.823 0.797 0.791 0.799 0.810 0.859 0.755  
0.861 0.807 0.797 0.800 0.919 0.919 0.915 0.916 0.884 0.885 0.938 0.998 0.933 1.000 0.902 0.901 0.891 0.881 0.881 0.876 0.879 0.860 0.877 0.864 0.880 0.873 0.874 0.881 0.883 0.881 0.890 0.862 0.862 0.832 0.825 0.801 0.808 0.822 0.831 0.800 0.808 0.816 0.826 0.812 0.818 0.821 0.814 0.795 0.786 0.795 0.804 0.851 0.747  
0.874 0.815 0.815 0.818 0.913 0.911 0.918 0.927 0.882 0.880 0.914 0.907 0.915 0.906 1.000 0.937 0.896 0.882 0.881 0.888 0.888 0.880 0.883 0.873 0.886 0.892 0.873 0.881 0.883 0.882 0.899 0.882 0.885 0.847 0.837 0.814 0.817 0.840 0.844 0.810 0.815 0.830 0.837 0.826 0.830 0.824 0.842 0.803 0.801 0.813 0.820 0.873 0.763  
0.875 0.811 0.811 0.813 0.909 0.905 0.916 0.908 0.878 0.876 0.909 0.906 0.908 0.905 0.936 1.000 0.892 0.880 0.878 0.887 0.883 0.875 0.884 0.880 0.885 0.889 0.872 0.882 0.881 0.885 0.893 0.881 0.881 0.841 0.832 0.811 0.813 0.836 0.840 0.805 0.810 0.827 0.831 0.821 0.827 0.821 0.836 0.798 0.799 0.809 0.817 0.868 0.763  
0.854 0.803 0.795 0.796 0.898 0.897 0.895 0.892 0.862 0.862 0.901 0.892 0.893 0.891 0.893 0.889 1.000 0.858 0.867 0.869 0.863 0.850 0.868 0.853 0.867 0.852 0.846 0.865 0.865 0.870 0.874 0.853 0.853 0.812 0.809 0.795 0.803 0.843 0.832 0.794 0.799 0.818 0.825 0.808 0.820 0.799 0.809 0.785 0.788 0.787 0.805 0.846 0.751  
0.864 0.830 0.806 0.808 0.893 0.892 0.879 0.900 0.867 0.866 0.896 0.898 0.901 0.898 0.895 0.894 0.874 1.000 0.898 0.908 0.943 0.865 0.901 0.850 0.940 0.899 0.930 0.871 0.891 0.907 0.892 0.856 0.860 0.842 0.833 0.814 0.828 0.834 0.842 0.815 0.820 0.832 0.828 0.822 0.828 0.823 0.823 0.804 0.794 0.806 0.814 0.856 0.756  
0.858 0.823 0.812 0.812 0.895 0.887 0.885 0.897 0.867 0.866 0.895 0.899 0.897 0.898 0.895 0.892 0.884 0.898 1.000 0.916 0.918 0.865 0.936 0.849 0.912 0.881 0.888 0.871 0.893 0.908 0.901 0.857 0.862 0.832 0.826 0.810 0.823 0.835 0.841 0.814 0.820 0.837 0.823 0.825 0.825 0.818 0.816 0.810 0.803 0.806 0.820 0.860 0.760  
0.862 0.825 0.812 0.816 0.889 0.886 0.885 0.892 0.866 0.866 0.891 0.888 0.892 0.888 0.896 0.896 0.881 0.902 0.911 1.000 0.912 0.864 0.913 0.847 0.912 0.893 0.895 0.870 0.898 0.918 0.899 0.858 0.863 0.833 0.828 0.807 0.817 0.838 0.840 0.811 0.817 0.834 0.819 0.829 0.819 0.812 0.822 0.806 0.802 0.804 0.822 0.862 0.755  
0.861 0.831 0.809 0.814 0.885 0.883 0.879 0.895 0.865 0.865 0.887 0.891 0.891 0.891 0.897 0.892 0.875 0.937 0.913 0.912 1.000 0.858 0.912 0.845 0.933 0.887 0.909 0.869 0.884 0.907 0.895 0.852 0.859 0.845 0.835 0.812 0.828 0.842 0.836 0.822 0.827 0.831 0.824 0.827 0.825 0.817 0.827 0.811 0.802 0.812 0.820 0.858 0.764  
0.873 0.806 0.792 0.795 0.883 0.871 0.879 0.881 0.863 0.862 0.882 0.873 0.876 0.872 0.888 0.883 0.861 0.860 0.860 0.864 0.858 1.000 0.860 0.852 0.864 0.866 0.854 0.863 0.869 0.865 0.865 0.849 0.871 0.819 0.819 0.803 0.798 0.814 0.829 0.791 0.798 0.829 0.806 0.804 0.806 0.803 0.816 0.786 0.778 0.789 0.791 0.842 0.745  
0.856 0.820 0.804 0.808 0.890 0.886 0.883 0.897 0.866 0.864 0.892 0.893 0.894 0.893 0.896 0.897 0.883 0.900 0.935 0.917 0.916 0.864 1.000 0.850 0.909 0.881 0.879 0.869 0.884 0.924 0.896 0.856 0.861 0.829 0.825 0.807 0.823 0.836 0.840 0.812 0.817 0.834 0.821 0.825 0.824 0.816 0.817 0.804 0.799 0.800 0.817 0.856 0.755  
0.862 0.785 0.794 0.793 0.882 0.888 0.893 0.882 0.877 0.875 0.886 0.886 0.882 0.886 0.892 0.899 0.875 0.855 0.854 0.857 0.855 0.862 0.856 1.000 0.860 0.867 0.853 0.875 0.860 0.855 0.866 0.878 0.880 0.827 0.822 0.807 0.795 0.815 0.823 0.783 0.792 0.811 0.811 0.804 0.809 0.809 0.814 0.786 0.777 0.788 0.796 0.854 0.734  
0.868 0.840 0.812 0.815 0.896 0.891 0.886 0.898 0.872 0.871 0.895 0.896 0.899 0.896 0.899 0.898 0.882 0.939 0.911 0.916 0.937 0.867 0.909 0.854 1.000 0.896 0.932 0.877 0.894 0.917 0.893 0.860 0.863 0.845 0.837 0.814 0.830 0.845 0.845 0.821 0.827 0.844 0.827 0.831 0.827 0.822 0.828 0.812 0.802 0.811 0.822 0.862 0.763  
0.872 0.820 0.813 0.816 0.892 0.892 0.896 0.896 0.875 0.873 0.891 0.889 0.900 0.889 0.905 0.902 0.867 0.898 0.881 0.897 0.891 0.870 0.882 0.861 0.897 1.000 0.891 0.876 0.884 0.896 0.889 0.867 0.875 0.846 0.838 0.817 0.816 0.832 0.833 0.808 0.815 0.834 0.827 0.826 0.828 0.822 0.837 0.802 0.799 0.814 0.823 0.871 0.764  
0.855 0.816 0.799 0.799 0.890 0.883 0.873 0.891 0.863 0.861 0.888 0.892 0.893 0.892 0.887 0.886 0.863 0.931 0.888 0.901 0.914 0.859 0.880 0.848 0.933 0.892 1.000 0.867 0.888 0.902 0.888 0.853 0.853 0.835 0.830 0.806 0.816 0.824 0.836 0.800 0.806 0.821 0.819 0.808 0.820 0.815 0.814 0.793 0.784 0.798 0.802 0.849 0.751  
0.872 0.808 0.802 0.804 0.893 0.895 0.897 0.886 0.921 0.919 0.895 0.897 0.893 0.898 0.895 0.896 0.881 0.871 0.871 0.875 0.874 0.867 0.870 0.869 0.877 0.876 0.866 1.000 0.873 0.876 0.882 0.870 0.870 0.840 0.834 0.818 0.813 0.815 0.827 0.806 0.814 0.825 0.817 0.816 0.812 0.822 0.832 0.798 0.793 0.805 0.812 0.865 0.750  
0.873 0.821 0.806 0.808 0.891 0.889 0.883 0.898 0.870 0.869 0.899 0.900 0.901 0.900 0.896 0.895 0.881 0.890 0.893 0.903 0.889 0.873 0.885 0.854 0.894 0.884 0.887 0.873 1.000 0.897 0.912 0.860 0.864 0.833 0.827 0.802 0.809 0.833 0.842 0.808 0.816 0.833 0.834 0.819 0.827 0.821 0.820 0.801 0.792 0.801 0.810 0.859 0.752  
0.859 0.822 0.802 0.806 0.902 0.891 0.891 0.902 0.871 0.870 0.896 0.894 0.901 0.896 0.893 0.897 0.885 0.905 0.906 0.921 0.910 0.868 0.923 0.848 0.916 0.895 0.899 0.874 0.895 1.000 0.899 0.855 0.859 0.831 0.827 0.806 0.822 0.828 0.833 0.812 0.819 0.830 0.820 0.824 0.820 0.816 0.826 0.802 0.796 0.800 0.816 0.858 0.751  
0.862 0.809 0.807 0.809 0.898 0.898 0.890 0.907 0.873 0.873 0.904 0.902 0.905 0.901 0.906 0.901 0.884 0.886 0.895 0.898 0.893 0.863 0.891 0.855 0.888 0.883 0.882 0.877 0.906 0.895 1.000 0.866 0.869 0.836 0.833 0.810 0.819 0.836 0.840 0.807 0.813 0.826 0.835 0.823 0.831 0.823 0.820 0.804 0.797 0.804 0.816 0.864 0.755  
0.853 0.781 0.789 0.788 0.876 0.876 0.881 0.876 0.868 0.867 0.876 0.874 0.872 0.874 0.891 0.889 0.864 0.851 0.852 0.858 0.852 0.849 0.852 0.868 0.856 0.863 0.848 0.865 0.856 0.852 0.867 1.000 0.864 0.833 0.825 0.805 0.794 0.816 0.831 0.782 0.786 0.806 0.811 0.799 0.810 0.798 0.811 0.782 0.776 0.785 0.798 0.855 0.733  
0.864 0.794 0.813 0.809 0.883 0.884 0.890 0.884 0.867 0.866 0.882 0.878 0.882 0.877 0.898 0.894 0.868 0.858 0.861 0.867 0.862 0.875 0.861 0.873 0.863 0.874 0.852 0.869 0.863 0.860 0.874 0.868 1.000 0.834 0.831 0.810 0.803 0.829 0.841 0.798 0.805 0.821 0.828 0.819 0.823 0.824 0.823 0.804 0.787 0.802 0.806 0.868 0.747  
0.854 0.804 0.799 0.806 0.866 0.862 0.862 0.870 0.857 0.854 0.864 0.862 0.866 0.863 0.875 0.870 0.842 0.857 0.846 0.853 0.864 0.838 0.845 0.836 0.861 0.862 0.849 0.855 0.848 0.848 0.856 0.852 0.849 1.000 0.922 0.820 0.811 0.818 0.832 0.807 0.815 0.826 0.819 0.827 0.818 0.825 0.820 0.797 0.793 0.804 0.809 0.860 0.743  
0.851 0.800 0.799 0.801 0.857 0.852 0.852 0.858 0.846 0.845 0.855 0.853 0.857 0.854 0.863 0.858 0.837 0.846 0.839 0.845 0.853 0.837 0.839 0.829 0.851 0.851 0.842 0.848 0.841 0.841 0.851 0.842 0.845 0.921 1.000 0.819 0.806 0.807 0.831 0.808 0.811 0.811 0.810 0.809 0.810 0.808 0.813 0.796 0.790 0.800 0.802 0.851 0.744  
0.818 0.791 0.794 0.797 0.819 0.817 0.820 0.819 0.816 0.817 0.818 0.817 0.819 0.818 0.828 0.825 0.812 0.815 0.812 0.813 0.818 0.809 0.810 0.804 0.817 0.819 0.807 0.820 0.804 0.809 0.817 0.811 0.813 0.807 0.808 1.000 0.849 0.794 0.801 0.771 0.776 0.795 0.788 0.799 0.800 0.792 0.786 0.789 0.789 0.798 0.787 0.828 0.753  
0.809 0.793 0.788 0.794 0.828 0.825 0.822 0.830 0.818 0.817 0.830 0.828 0.833 0.829 0.835 0.831 0.824 0.833 0.829 0.827 0.838 0.808 0.829 0.795 0.837 0.822 0.821 0.819 0.815 0.829 0.830 0.804 0.809 0.802 0.799 0.853 1.000 0.792 0.795 0.785 0.793 0.796 0.788 0.801 0.793 0.790 0.788 0.798 0.785 0.796 0.795 0.825 0.759  
0.830 0.805 0.788 0.790 0.825 0.821 0.820 0.829 0.797 0.798 0.826 0.823 0.829 0.822 0.838 0.834 0.844 0.819 0.820 0.828 0.831 0.804 0.822 0.796 0.831 0.818 0.808 0.800 0.818 0.814 0.826 0.806 0.815 0.789 0.780 0.778 0.773 1.000 0.833 0.774 0.777 0.819 0.865 0.884 0.901 0.836 0.818 0.781 0.777 0.785 0.799 0.827 0.749  
0.850 0.797 0.790 0.786 0.846 0.834 0.834 0.845 0.820 0.823 0.841 0.841 0.845 0.840 0.850 0.847 0.842 0.836 0.835 0.838 0.834 0.828 0.834 0.812 0.840 0.827 0.829 0.821 0.836 0.829 0.839 0.829 0.836 0.812 0.812 0.793 0.784 0.842 1.000 0.786 0.789 0.809 0.836 0.814 0.834 0.817 0.809 0.789 0.768 0.778 0.781 0.826 0.739  
0.820 0.816 0.778 0.778 0.818 0.810 0.808 0.819 0.802 0.800 0.814 0.813 0.817 0.814 0.821 0.816 0.808 0.813 0.813 0.814 0.825 0.794 0.811 0.777 0.821 0.808 0.798 0.805 0.807 0.812 0.811 0.785 0.797 0.791 0.794 0.768 0.779 0.787 0.791 1.000 0.922 0.789 0.782 0.785 0.782 0.782 0.784 0.778 0.770 0.783 0.786 0.811 0.745  
0.824 0.831 0.784 0.791 0.830 0.822 0.820 0.830 0.816 0.814 0.826 0.826 0.827 0.827 0.831 0.826 0.817 0.823 0.823 0.824 0.835 0.805 0.821 0.790 0.831 0.819 0.808 0.818 0.819 0.824 0.821 0.793 0.809 0.804 0.802 0.778 0.790 0.794 0.798 0.927 1.000 0.802 0.790 0.803 0.789 0.802 0.797 0.786 0.779 0.789 0.796 0.823 0.744  
0.833 0.832 0.793 0.794 0.841 0.835 0.836 0.840 0.822 0.822 0.836 0.831 0.837 0.832 0.843 0.841 0.834 0.833 0.838 0.839 0.835 0.834 0.835 0.807 0.846 0.835 0.821 0.826 0.834 0.832 0.832 0.811 0.822 0.812 0.799 0.794 0.791 0.834 0.815 0.791 0.799 1.000 0.818 0.842 0.827 0.823 0.819 0.791 0.792 0.794 0.810 0.847 0.749  
0.833 0.791 0.785 0.784 0.841 0.839 0.831 0.844 0.814 0.810 0.842 0.840 0.843 0.839 0.847 0.841 0.838 0.825 0.820 0.820 0.825 0.807 0.819 0.803 0.825 0.825 0.815 0.815 0.831 0.819 0.837 0.813 0.826 0.802 0.795 0.783 0.780 0.878 0.839 0.780 0.784 0.814 1.000 0.847 0.888 0.922 0.829 0.782 0.770 0.785 0.793 0.827 0.743  
0.828 0.817 0.796 0.807 0.837 0.834 0.831 0.841 0.819 0.818 0.835 0.831 0.838 0.832 0.842 0.838 0.827 0.826 0.829 0.838 0.835 0.813 0.830 0.803 0.836 0.831 0.811 0.820 0.823 0.830 0.833 0.807 0.824 0.817 0.800 0.801 0.800 0.905 0.824 0.790 0.804 0.845 0.855 1.000 0.913 0.889 0.832 0.806 0.798 0.807 0.827 0.849 0.756  
0.837 0.797 0.795 0.794 0.842 0.837 0.829 0.845 0.813 0.810 0.840 0.836 0.841 0.835 0.844 0.841 0.836 0.829 0.826 0.825 0.830 0.811 0.826 0.805 0.829 0.830 0.820 0.814 0.828 0.823 0.838 0.816 0.825 0.804 0.799 0.799 0.789 0.919 0.842 0.784 0.787 0.827 0.892 0.909 1.000 0.864 0.824 0.790 0.782 0.796 0.799 0.834 0.758  
0.831 0.801 0.792 0.799 0.848 0.842 0.836 0.848 0.825 0.823 0.845 0.844 0.845 0.845 0.845 0.841 0.822 0.830 0.825 0.824 0.828 0.815 0.824 0.811 0.831 0.830 0.822 0.829 0.828 0.825 0.835 0.810 0.833 0.818 0.803 0.797 0.792 0.859 0.831 0.790 0.806 0.830 0.934 0.892 0.871 1.000 0.836 0.793 0.784 0.799 0.811 0.842 0.740  
0.831 0.792 0.787 0.795 0.833 0.824 0.832 0.836 0.822 0.824 0.826 0.819 0.828 0.820 0.845 0.839 0.815 0.812 0.806 0.817 0.821 0.811 0.808 0.800 0.819 0.828 0.804 0.823 0.810 0.818 0.816 0.806 0.814 0.796 0.791 0.775 0.774 0.823 0.805 0.776 0.785 0.808 0.822 0.818 0.814 0.819 1.000 0.790 0.777 0.793 0.796 0.838 0.741  
0.811 0.792 0.853 0.854 0.804 0.804 0.804 0.810 0.797 0.798 0.807 0.807 0.809 0.808 0.813 0.808 0.797 0.801 0.808 0.808 0.813 0.788 0.802 0.779 0.811 0.801 0.790 0.796 0.799 0.802 0.807 0.784 0.802 0.781 0.781 0.785 0.790 0.793 0.793 0.777 0.781 0.789 0.783 0.800 0.787 0.784 0.797 1.000 0.811 0.868 0.842 0.841 0.760  
0.802 0.799 0.834 0.860 0.814 0.812 0.813 0.817 0.800 0.800 0.813 0.810 0.815 0.811 0.824 0.821 0.813 0.803 0.813 0.816 0.816 0.792 0.810 0.782 0.813 0.810 0.793 0.803 0.802 0.807 0.812 0.790 0.797 0.788 0.787 0.797 0.789 0.801 0.783 0.781 0.785 0.801 0.782 0.804 0.790 0.786 0.796 0.823 1.000 0.852 0.841 0.870 0.789  
0.801 0.796 0.873 0.876 0.810 0.801 0.809 0.808 0.796 0.797 0.804 0.804 0.808 0.805 0.820 0.816 0.797 0.801 0.801 0.803 0.811 0.788 0.796 0.778 0.806 0.810 0.793 0.800 0.797 0.797 0.804 0.784 0.798 0.785 0.783 0.791 0.785 0.795 0.779 0.780 0.781 0.789 0.783 0.798 0.790 0.787 0.797 0.865 0.837 1.000 0.842 0.857 0.769  
0.795 0.792 0.825 0.831 0.812 0.813 0.810 0.817 0.799 0.798 0.812 0.809 0.815 0.810 0.822 0.820 0.810 0.804 0.810 0.816 0.814 0.785 0.807 0.781 0.813 0.814 0.792 0.802 0.801 0.808 0.812 0.792 0.797 0.785 0.780 0.775 0.780 0.803 0.777 0.777 0.783 0.800 0.786 0.813 0.788 0.794 0.795 0.834 0.820 0.836 1.000 0.862 0.760  
0.850 0.818 0.853 0.861 0.865 0.866 0.869 0.870 0.855 0.855 0.863 0.859 0.867 0.860 0.879 0.874 0.855 0.848 0.852 0.859 0.856 0.840 0.850 0.842 0.856 0.864 0.841 0.858 0.852 0.853 0.862 0.852 0.862 0.838 0.831 0.819 0.813 0.835 0.825 0.805 0.813 0.839 0.823 0.838 0.825 0.828 0.841 0.837 0.852 0.855 0.865 1.000 0.774  
0.766 0.763 0.786 0.786 0.772 0.766 0.771 0.773 0.757 0.756 0.773 0.770 0.777 0.770 0.784 0.783 0.773 0.765 0.768 0.768 0.776 0.758 0.764 0.738 0.773 0.773 0.759 0.759 0.761 0.761 0.769 0.745 0.756 0.739 0.741 0.760 0.762 0.771 0.753 0.755 0.749 0.757 0.754 0.761 0.766 0.742 0.758 0.771 0.788 0.783 0.778 0.790 1.000  
