1.000 0.994 0.952 0.954 0.953 0.952 0.955 0.935 0.932 0.954 0.927 0.932 0.952 0.931 0.954 0.952 0.951 0.950 0.954 0.952 0.949 0.952 0.953 0.954 0.946 0.934 0.950 0.950 0.952 0.934 0.952 0.949 0.940 0.949 0.942 0.947 0.942 0.950 0.954 0.943 0.949 0.934 0.948 0.935 0.940 0.947 0.938 0.945 0.936 0.951 0.941 0.942 0.938 0.936 0.935 0.944 0.910 0.888 0.890 0.927 0.938 0.940 0.877 0.906 0.885 0.908 0.908 0.925 0.889 0.912 0.920  
0.994 1.000 0.948 0.950 0.949 0.948 0.950 0.938 0.932 0.949 0.926 0.932 0.948 0.932 0.952 0.949 0.950 0.949 0.948 0.947 0.955 0.948 0.951 0.948 0.942 0.933 0.946 0.944 0.948 0.935 0.949 0.953 0.940 0.944 0.946 0.946 0.937 0.949 0.948 0.942 0.948 0.933 0.946 0.936 0.940 0.950 0.940 0.947 0.934 0.947 0.940 0.939 0.940 0.933 0.936 0.939 0.912 0.887 0.889 0.925 0.940 0.942 0.875 0.909 0.884 0.905 0.907 0.922 0.888 0.910 0.921  
0.953 0.950 1.000 0.998 0.996 0.995 0.990 0.977 0.971 0.992 0.967 0.969 0.993 0.973 0.992 0.992 0.992 0.994 0.997 1.000 0.990 0.993 0.992 0.998 0.990 0.970 0.995 0.991 0.998 0.972 0.994 0.987 0.975 0.974 0.981 0.986 0.983 0.985 0.998 0.981 0.967 0.970 0.985 0.973 0.977 0.988 0.977 0.984 0.979 0.997 0.984 0.975 0.976 0.975 0.973 0.984 0.939 0.926 0.931 0.968 0.973 0.965 0.916 0.940 0.925 0.945 0.946 0.965 0.900 0.897 0.957  
0.955 0.951 0.997 1.000 0.994 0.992 0.989 0.975 0.971 0.993 0.968 0.970 0.991 0.974 0.994 0.994 0.990 0.991 0.994 0.998 0.989 0.991 0.990 0.996 0.989 0.970 0.993 0.989 0.996 0.972 0.996 0.989 0.976 0.973 0.981 0.984 0.981 0.986 0.995 0.983 0.968 0.969 0.986 0.973 0.978 0.986 0.977 0.985 0.980 0.995 0.982 0.978 0.976 0.977 0.973 0.987 0.939 0.926 0.930 0.966 0.973 0.964 0.915 0.940 0.925 0.945 0.945 0.964 0.900 0.897 0.957  
0.956 0.952 0.997 0.995 1.000 0.997 0.991 0.975 0.972 0.989 0.968 0.970 0.991 0.972 0.993 0.993 0.996 0.991 0.995 0.997 0.987 0.990 0.993 0.995 0.987 0.971 0.993 0.988 0.996 0.973 0.991 0.988 0.977 0.974 0.982 0.987 0.981 0.985 0.995 0.982 0.967 0.968 0.983 0.975 0.979 0.988 0.975 0.985 0.976 0.994 0.981 0.975 0.978 0.972 0.975 0.981 0.939 0.924 0.928 0.966 0.972 0.964 0.913 0.938 0.923 0.943 0.947 0.963 0.900 0.899 0.957  
0.954 0.950 0.995 0.993 0.997 1.000 0.991 0.975 0.970 0.987 0.966 0.969 0.989 0.970 0.991 0.991 0.992 0.989 0.994 0.995 0.987 0.988 0.992 0.993 0.985 0.970 0.991 0.987 0.995 0.972 0.989 0.986 0.976 0.974 0.980 0.986 0.979 0.984 0.993 0.980 0.967 0.969 0.981 0.973 0.978 0.987 0.975 0.983 0.977 0.994 0.980 0.972 0.976 0.970 0.973 0.981 0.938 0.923 0.930 0.966 0.970 0.964 0.913 0.938 0.921 0.943 0.945 0.965 0.900 0.897 0.954  
0.957 0.953 0.991 0.990 0.991 0.991 1.000 0.973 0.972 0.991 0.965 0.971 0.995 0.970 0.990 0.990 0.989 0.989 0.992 0.991 0.993 0.997 0.992 0.993 0.986 0.971 0.988 0.987 0.990 0.975 0.989 0.988 0.976 0.970 0.985 0.989 0.983 0.983 0.993 0.981 0.964 0.967 0.983 0.974 0.978 0.988 0.972 0.984 0.974 0.990 0.977 0.973 0.977 0.972 0.974 0.977 0.938 0.925 0.930 0.963 0.969 0.965 0.914 0.938 0.923 0.944 0.947 0.963 0.900 0.897 0.955  
0.944 0.947 0.984 0.983 0.982 0.982 0.979 1.000 0.967 0.980 0.964 0.968 0.982 0.971 0.982 0.980 0.983 0.984 0.984 0.984 0.985 0.982 0.983 0.984 0.980 0.970 0.982 0.984 0.983 0.972 0.981 0.982 0.972 0.965 0.976 0.978 0.974 0.977 0.984 0.976 0.963 0.972 0.978 0.969 0.972 0.982 0.979 0.978 0.975 0.984 0.978 0.967 0.972 0.964 0.969 0.974 0.941 0.930 0.934 0.974 0.972 0.965 0.923 0.940 0.931 0.947 0.946 0.971 0.898 0.895 0.957  
0.935 0.936 0.972 0.973 0.972 0.971 0.972 0.962 1.000 0.972 0.968 0.978 0.970 0.983 0.975 0.976 0.972 0.972 0.970 0.972 0.972 0.970 0.974 0.971 0.978 0.980 0.968 0.966 0.971 0.986 0.972 0.975 0.967 0.954 0.970 0.974 0.964 0.971 0.971 0.971 0.952 0.956 0.967 0.966 0.969 0.974 0.963 0.973 0.971 0.971 0.960 0.956 0.968 0.955 0.966 0.960 0.930 0.923 0.931 0.956 0.959 0.951 0.914 0.937 0.923 0.932 0.943 0.955 0.890 0.902 0.947  
0.955 0.951 0.991 0.993 0.988 0.986 0.990 0.973 0.970 1.000 0.965 0.970 0.992 0.972 0.990 0.989 0.985 0.990 0.992 0.991 0.989 0.992 0.988 0.993 0.987 0.971 0.987 0.986 0.990 0.972 0.994 0.987 0.976 0.969 0.980 0.984 0.983 0.986 0.993 0.983 0.968 0.968 0.988 0.972 0.978 0.984 0.977 0.985 0.978 0.989 0.977 0.981 0.976 0.981 0.972 0.980 0.940 0.926 0.929 0.963 0.971 0.964 0.914 0.940 0.923 0.945 0.944 0.963 0.899 0.895 0.957  
0.928 0.928 0.967 0.968 0.967 0.966 0.964 0.956 0.966 0.965 1.000 0.963 0.962 0.962 0.969 0.970 0.965 0.964 0.964 0.967 0.963 0.962 0.966 0.966 0.967 0.962 0.963 0.960 0.965 0.964 0.966 0.967 0.956 0.951 0.962 0.964 0.956 0.969 0.965 0.966 0.948 0.946 0.960 0.954 0.958 0.965 0.953 0.967 0.972 0.966 0.954 0.950 0.957 0.949 0.954 0.955 0.918 0.919 0.925 0.964 0.949 0.942 0.907 0.926 0.916 0.932 0.936 0.946 0.882 0.883 0.936  
0.936 0.937 0.972 0.973 0.972 0.972 0.974 0.964 0.979 0.973 0.966 1.000 0.972 0.978 0.978 0.976 0.975 0.975 0.970 0.972 0.972 0.972 0.977 0.972 0.974 0.971 0.968 0.967 0.970 0.978 0.972 0.975 0.970 0.955 0.973 0.974 0.965 0.975 0.972 0.973 0.957 0.958 0.969 0.966 0.972 0.974 0.964 0.975 0.974 0.971 0.964 0.957 0.969 0.956 0.966 0.960 0.931 0.923 0.931 0.959 0.958 0.953 0.917 0.938 0.924 0.934 0.942 0.954 0.893 0.898 0.948  
0.955 0.951 0.994 0.993 0.991 0.990 0.996 0.976 0.970 0.993 0.964 0.970 1.000 0.973 0.989 0.989 0.989 0.992 0.995 0.994 0.994 0.998 0.991 0.995 0.988 0.970 0.989 0.989 0.992 0.974 0.992 0.986 0.976 0.970 0.983 0.989 0.986 0.983 0.995 0.980 0.965 0.969 0.986 0.974 0.978 0.987 0.976 0.983 0.976 0.991 0.980 0.977 0.977 0.975 0.974 0.979 0.940 0.926 0.931 0.967 0.972 0.968 0.916 0.940 0.925 0.947 0.945 0.965 0.902 0.897 0.958  
0.933 0.934 0.974 0.975 0.972 0.971 0.970 0.964 0.982 0.973 0.963 0.976 0.973 1.000 0.973 0.974 0.971 0.973 0.973 0.974 0.973 0.972 0.972 0.973 0.974 0.971 0.970 0.969 0.973 0.978 0.973 0.974 0.967 0.952 0.969 0.972 0.965 0.969 0.973 0.969 0.952 0.959 0.969 0.966 0.969 0.973 0.966 0.972 0.971 0.973 0.962 0.958 0.969 0.956 0.966 0.962 0.932 0.923 0.932 0.958 0.961 0.952 0.915 0.938 0.924 0.934 0.940 0.959 0.892 0.913 0.950  
0.955 0.954 0.992 0.994 0.992 0.990 0.988 0.974 0.973 0.989 0.969 0.975 0.987 0.972 1.000 0.992 0.995 0.993 0.990 0.991 0.987 0.987 0.996 0.992 0.983 0.970 0.987 0.985 0.990 0.976 0.990 0.991 0.981 0.970 0.983 0.986 0.977 0.992 0.991 0.984 0.973 0.971 0.982 0.975 0.983 0.988 0.976 0.988 0.976 0.989 0.984 0.973 0.979 0.973 0.975 0.980 0.939 0.923 0.927 0.965 0.972 0.963 0.913 0.939 0.922 0.941 0.947 0.960 0.899 0.895 0.956  
0.954 0.951 0.992 0.994 0.992 0.991 0.989 0.973 0.974 0.990 0.971 0.973 0.988 0.973 0.992 1.000 0.988 0.986 0.989 0.992 0.985 0.988 0.989 0.990 0.988 0.974 0.988 0.984 0.991 0.975 0.992 0.989 0.977 0.975 0.982 0.984 0.979 0.989 0.990 0.983 0.970 0.967 0.985 0.974 0.979 0.985 0.975 0.987 0.979 0.991 0.977 0.974 0.978 0.973 0.974 0.981 0.938 0.926 0.929 0.963 0.970 0.963 0.914 0.938 0.923 0.945 0.947 0.963 0.900 0.899 0.955  
0.953 0.952 0.992 0.991 0.996 0.992 0.988 0.976 0.971 0.986 0.966 0.973 0.988 0.971 0.996 0.989 1.000 0.994 0.992 0.993 0.987 0.987 0.997 0.992 0.983 0.969 0.988 0.986 0.991 0.975 0.987 0.988 0.980 0.970 0.982 0.987 0.979 0.989 0.992 0.982 0.971 0.972 0.981 0.975 0.982 0.989 0.975 0.985 0.974 0.990 0.986 0.973 0.978 0.970 0.975 0.977 0.939 0.923 0.927 0.967 0.972 0.965 0.913 0.938 0.922 0.941 0.947 0.961 0.900 0.896 0.958  
0.952 0.951 0.994 0.992 0.990 0.989 0.989 0.977 0.970 0.990 0.964 0.972 0.991 0.972 0.994 0.986 0.994 1.000 0.992 0.993 0.991 0.991 0.997 0.994 0.987 0.969 0.989 0.987 0.992 0.975 0.990 0.986 0.978 0.968 0.981 0.987 0.981 0.987 0.993 0.979 0.968 0.972 0.983 0.973 0.980 0.989 0.976 0.984 0.976 0.991 0.986 0.975 0.977 0.973 0.973 0.978 0.940 0.926 0.930 0.967 0.972 0.966 0.915 0.940 0.925 0.943 0.946 0.963 0.900 0.895 0.958  
0.956 0.950 0.997 0.995 0.995 0.995 0.992 0.977 0.969 0.992 0.965 0.968 0.994 0.973 0.991 0.990 0.993 0.993 1.000 0.997 0.990 0.993 0.992 0.999 0.987 0.969 0.993 0.992 0.997 0.972 0.991 0.986 0.976 0.972 0.980 0.986 0.985 0.984 0.999 0.980 0.966 0.971 0.985 0.973 0.978 0.987 0.977 0.984 0.978 0.995 0.983 0.975 0.977 0.974 0.973 0.982 0.940 0.927 0.930 0.968 0.973 0.965 0.916 0.939 0.925 0.946 0.945 0.966 0.901 0.897 0.957  
0.953 0.949 1.000 0.998 0.996 0.995 0.990 0.977 0.971 0.991 0.967 0.969 0.993 0.973 0.992 0.992 0.992 0.993 0.996 1.000 0.990 0.992 0.992 0.998 0.989 0.969 0.995 0.991 0.998 0.972 0.994 0.987 0.975 0.974 0.981 0.986 0.983 0.985 0.997 0.981 0.966 0.970 0.984 0.972 0.977 0.988 0.977 0.984 0.979 0.997 0.984 0.976 0.976 0.975 0.973 0.984 0.939 0.926 0.931 0.968 0.974 0.965 0.916 0.940 0.925 0.945 0.945 0.966 0.900 0.897 0.957  
0.950 0.956 0.990 0.988 0.986 0.986 0.992 0.977 0.970 0.989 0.963 0.969 0.992 0.972 0.988 0.985 0.986 0.991 0.989 0.989 1.000 0.993 0.990 0.990 0.984 0.967 0.986 0.984 0.989 0.973 0.989 0.989 0.975 0.966 0.985 0.986 0.979 0.981 0.990 0.978 0.964 0.968 0.982 0.973 0.977 0.990 0.978 0.983 0.975 0.989 0.979 0.973 0.976 0.972 0.973 0.976 0.941 0.925 0.930 0.964 0.974 0.967 0.914 0.943 0.923 0.942 0.945 0.961 0.899 0.894 0.959  
0.954 0.951 0.993 0.992 0.989 0.988 0.996 0.975 0.969 0.993 0.963 0.969 0.997 0.971 0.988 0.988 0.987 0.991 0.993 0.993 0.994 1.000 0.990 0.995 0.987 0.969 0.991 0.988 0.991 0.972 0.991 0.985 0.975 0.969 0.982 0.987 0.984 0.982 0.995 0.978 0.964 0.968 0.985 0.972 0.977 0.986 0.974 0.982 0.976 0.991 0.979 0.975 0.976 0.975 0.972 0.979 0.939 0.926 0.931 0.965 0.971 0.966 0.915 0.939 0.924 0.945 0.946 0.964 0.900 0.897 0.957  
0.954 0.953 0.992 0.990 0.993 0.991 0.991 0.975 0.973 0.989 0.967 0.974 0.990 0.971 0.996 0.989 0.997 0.997 0.991 0.992 0.990 0.990 1.000 0.992 0.985 0.970 0.988 0.986 0.991 0.977 0.988 0.989 0.980 0.970 0.983 0.989 0.980 0.989 0.992 0.982 0.970 0.971 0.982 0.976 0.982 0.991 0.975 0.985 0.974 0.990 0.985 0.973 0.979 0.972 0.976 0.977 0.939 0.924 0.928 0.966 0.972 0.966 0.914 0.939 0.923 0.941 0.948 0.961 0.900 0.896 0.957  
0.955 0.950 0.998 0.996 0.994 0.993 0.992 0.977 0.970 0.993 0.966 0.969 0.994 0.973 0.992 0.990 0.992 0.994 0.998 0.998 0.990 0.994 0.992 1.000 0.988 0.969 0.994 0.993 0.996 0.972 0.992 0.987 0.975 0.972 0.981 0.986 0.984 0.985 1.000 0.981 0.967 0.970 0.985 0.973 0.977 0.988 0.977 0.984 0.978 0.995 0.984 0.975 0.976 0.975 0.973 0.982 0.939 0.927 0.931 0.968 0.973 0.965 0.916 0.940 0.925 0.946 0.946 0.966 0.900 0.897 0.957  
0.949 0.945 0.991 0.990 0.987 0.986 0.986 0.974 0.977 0.989 0.968 0.972 0.988 0.974 0.985 0.989 0.983 0.988 0.988 0.991 0.986 0.988 0.986 0.989 1.000 0.978 0.986 0.983 0.989 0.978 0.990 0.982 0.972 0.970 0.976 0.982 0.979 0.981 0.989 0.981 0.963 0.965 0.982 0.970 0.974 0.982 0.972 0.979 0.981 0.989 0.975 0.973 0.973 0.972 0.970 0.977 0.937 0.928 0.933 0.966 0.968 0.962 0.917 0.938 0.926 0.943 0.948 0.965 0.897 0.897 0.954  
0.938 0.936 0.972 0.972 0.972 0.971 0.972 0.964 0.981 0.973 0.965 0.970 0.971 0.972 0.973 0.976 0.970 0.971 0.970 0.971 0.969 0.970 0.972 0.970 0.979 1.000 0.969 0.969 0.970 0.985 0.972 0.971 0.967 0.957 0.967 0.971 0.965 0.972 0.970 0.972 0.955 0.957 0.971 0.963 0.967 0.969 0.963 0.971 0.967 0.970 0.962 0.959 0.966 0.956 0.963 0.963 0.929 0.925 0.928 0.959 0.956 0.953 0.913 0.931 0.923 0.937 0.945 0.958 0.891 0.900 0.947  
0.952 0.948 0.996 0.994 0.992 0.992 0.988 0.975 0.967 0.988 0.964 0.966 0.989 0.969 0.988 0.988 0.988 0.990 0.993 0.996 0.987 0.991 0.989 0.994 0.986 0.968 1.000 0.990 0.994 0.968 0.990 0.983 0.975 0.973 0.977 0.982 0.979 0.981 0.995 0.978 0.965 0.969 0.984 0.969 0.974 0.985 0.976 0.980 0.977 0.994 0.983 0.974 0.974 0.972 0.969 0.983 0.938 0.926 0.928 0.967 0.973 0.963 0.915 0.937 0.924 0.944 0.944 0.964 0.899 0.897 0.956  
0.951 0.946 0.991 0.989 0.988 0.987 0.986 0.976 0.965 0.987 0.960 0.964 0.988 0.968 0.986 0.984 0.985 0.987 0.992 0.991 0.984 0.988 0.986 0.993 0.982 0.967 0.989 1.000 0.989 0.967 0.986 0.981 0.975 0.969 0.975 0.979 0.978 0.979 0.993 0.974 0.964 0.975 0.981 0.971 0.975 0.981 0.982 0.978 0.972 0.989 0.982 0.970 0.974 0.968 0.971 0.980 0.942 0.928 0.930 0.973 0.977 0.967 0.919 0.940 0.927 0.947 0.944 0.970 0.902 0.895 0.958  
0.954 0.950 0.998 0.996 0.995 0.995 0.990 0.976 0.970 0.990 0.966 0.968 0.991 0.972 0.991 0.991 0.991 0.992 0.996 0.998 0.989 0.991 0.991 0.996 0.988 0.968 0.994 0.990 1.000 0.971 0.992 0.986 0.974 0.973 0.980 0.984 0.981 0.983 0.996 0.980 0.967 0.971 0.985 0.972 0.976 0.986 0.976 0.983 0.978 0.996 0.985 0.974 0.975 0.973 0.972 0.983 0.939 0.928 0.932 0.966 0.972 0.964 0.917 0.938 0.926 0.945 0.946 0.966 0.900 0.897 0.956  
0.935 0.937 0.972 0.972 0.973 0.971 0.974 0.965 0.984 0.972 0.964 0.975 0.973 0.977 0.976 0.975 0.975 0.975 0.971 0.973 0.974 0.972 0.977 0.972 0.977 0.983 0.968 0.967 0.971 1.000 0.972 0.976 0.970 0.954 0.972 0.973 0.966 0.974 0.972 0.972 0.956 0.959 0.969 0.968 0.972 0.974 0.964 0.974 0.968 0.971 0.963 0.958 0.971 0.956 0.968 0.959 0.932 0.922 0.930 0.958 0.961 0.955 0.913 0.936 0.922 0.934 0.947 0.958 0.893 0.904 0.950  
0.954 0.951 0.994 0.997 0.990 0.989 0.988 0.974 0.971 0.995 0.967 0.970 0.991 0.973 0.991 0.992 0.987 0.990 0.991 0.994 0.989 0.991 0.989 0.992 0.989 0.970 0.990 0.986 0.992 0.972 1.000 0.987 0.975 0.971 0.980 0.984 0.981 0.985 0.992 0.982 0.967 0.967 0.986 0.972 0.977 0.985 0.976 0.984 0.978 0.991 0.979 0.979 0.976 0.980 0.972 0.983 0.939 0.927 0.931 0.964 0.971 0.964 0.916 0.941 0.925 0.946 0.944 0.963 0.899 0.895 0.957  
0.951 0.955 0.987 0.989 0.987 0.986 0.987 0.974 0.973 0.988 0.968 0.972 0.985 0.973 0.992 0.989 0.988 0.986 0.986 0.987 0.989 0.985 0.989 0.987 0.981 0.970 0.983 0.981 0.985 0.976 0.987 1.000 0.979 0.967 0.989 0.984 0.977 0.986 0.987 0.986 0.967 0.967 0.982 0.977 0.982 0.989 0.979 0.989 0.975 0.984 0.976 0.972 0.981 0.971 0.977 0.976 0.941 0.924 0.928 0.961 0.975 0.964 0.913 0.942 0.922 0.941 0.946 0.961 0.898 0.896 0.958  
0.942 0.943 0.977 0.977 0.978 0.977 0.977 0.966 0.967 0.977 0.958 0.968 0.976 0.968 0.982 0.978 0.981 0.979 0.977 0.976 0.976 0.975 0.982 0.977 0.972 0.966 0.975 0.976 0.975 0.971 0.976 0.981 1.000 0.958 0.977 0.976 0.968 0.977 0.976 0.972 0.961 0.972 0.980 0.988 0.999 0.976 0.979 0.983 0.966 0.974 0.970 0.962 0.995 0.960 0.988 0.966 0.953 0.922 0.927 0.959 0.974 0.961 0.915 0.943 0.924 0.939 0.944 0.961 0.902 0.894 0.970  
0.953 0.950 0.977 0.977 0.977 0.977 0.973 0.962 0.956 0.972 0.954 0.956 0.972 0.955 0.974 0.978 0.973 0.971 0.974 0.977 0.970 0.972 0.973 0.976 0.972 0.958 0.975 0.972 0.977 0.957 0.975 0.970 0.961 1.000 0.963 0.969 0.964 0.975 0.976 0.964 0.972 0.957 0.969 0.956 0.961 0.970 0.962 0.969 0.964 0.977 0.970 0.961 0.959 0.960 0.956 0.971 0.928 0.915 0.917 0.953 0.959 0.957 0.903 0.933 0.916 0.938 0.932 0.951 0.895 0.899 0.943  
0.944 0.949 0.982 0.982 0.982 0.981 0.985 0.970 0.970 0.982 0.964 0.971 0.983 0.969 0.985 0.983 0.983 0.982 0.981 0.982 0.987 0.983 0.984 0.982 0.976 0.966 0.978 0.976 0.980 0.973 0.981 0.990 0.977 0.961 1.000 0.982 0.976 0.979 0.982 0.978 0.960 0.963 0.978 0.975 0.979 0.986 0.973 0.988 0.969 0.980 0.972 0.967 0.979 0.966 0.975 0.969 0.939 0.922 0.928 0.959 0.970 0.961 0.914 0.943 0.924 0.939 0.943 0.958 0.898 0.893 0.957  
0.950 0.950 0.987 0.986 0.988 0.987 0.990 0.973 0.974 0.985 0.966 0.973 0.989 0.972 0.988 0.986 0.988 0.989 0.987 0.987 0.988 0.989 0.990 0.987 0.982 0.971 0.983 0.981 0.985 0.975 0.985 0.986 0.976 0.967 0.982 1.000 0.978 0.982 0.987 0.981 0.963 0.965 0.980 0.974 0.978 0.993 0.972 0.984 0.976 0.985 0.976 0.972 0.977 0.970 0.974 0.973 0.937 0.925 0.930 0.962 0.967 0.966 0.914 0.941 0.923 0.941 0.946 0.959 0.901 0.895 0.955  
0.948 0.944 0.988 0.986 0.985 0.984 0.987 0.972 0.967 0.988 0.961 0.967 0.990 0.969 0.982 0.983 0.983 0.986 0.989 0.988 0.985 0.988 0.985 0.989 0.983 0.968 0.984 0.983 0.986 0.971 0.986 0.981 0.971 0.965 0.979 0.982 1.000 0.979 0.989 0.976 0.961 0.964 0.981 0.969 0.973 0.981 0.971 0.978 0.971 0.987 0.974 0.973 0.972 0.972 0.969 0.974 0.935 0.924 0.930 0.963 0.966 0.964 0.916 0.940 0.925 0.944 0.942 0.962 0.904 0.892 0.954  
0.948 0.948 0.981 0.983 0.981 0.980 0.979 0.967 0.967 0.983 0.967 0.969 0.978 0.965 0.989 0.986 0.985 0.983 0.980 0.981 0.979 0.978 0.986 0.981 0.977 0.966 0.977 0.976 0.980 0.971 0.981 0.983 0.973 0.969 0.975 0.977 0.971 1.000 0.981 0.978 0.976 0.966 0.976 0.968 0.975 0.979 0.970 0.981 0.972 0.981 0.974 0.970 0.971 0.967 0.968 0.970 0.932 0.921 0.924 0.958 0.967 0.960 0.909 0.939 0.918 0.938 0.942 0.956 0.898 0.891 0.949  
0.955 0.950 0.997 0.995 0.994 0.993 0.992 0.977 0.969 0.993 0.965 0.969 0.993 0.972 0.992 0.990 0.991 0.993 0.998 0.997 0.990 0.995 0.992 0.999 0.987 0.968 0.994 0.993 0.996 0.972 0.992 0.986 0.975 0.972 0.980 0.985 0.984 0.984 1.000 0.980 0.966 0.970 0.984 0.972 0.977 0.987 0.977 0.984 0.977 0.996 0.983 0.975 0.975 0.974 0.972 0.982 0.939 0.926 0.931 0.968 0.973 0.965 0.916 0.940 0.925 0.946 0.946 0.966 0.900 0.896 0.957  
0.950 0.950 0.987 0.989 0.987 0.986 0.987 0.975 0.976 0.990 0.972 0.977 0.985 0.974 0.991 0.989 0.987 0.985 0.986 0.987 0.984 0.984 0.988 0.987 0.986 0.976 0.983 0.981 0.986 0.978 0.988 0.992 0.978 0.967 0.984 0.986 0.978 0.987 0.987 1.000 0.969 0.967 0.983 0.975 0.980 0.985 0.975 0.987 0.980 0.984 0.976 0.976 0.978 0.975 0.975 0.976 0.939 0.928 0.932 0.966 0.971 0.964 0.917 0.940 0.927 0.942 0.951 0.964 0.900 0.898 0.957  
0.958 0.957 0.974 0.976 0.974 0.973 0.971 0.963 0.958 0.976 0.955 0.962 0.971 0.958 0.981 0.977 0.978 0.976 0.973 0.974 0.971 0.971 0.977 0.974 0.969 0.960 0.972 0.971 0.974 0.963 0.974 0.974 0.967 0.976 0.966 0.969 0.963 0.987 0.974 0.969 1.000 0.964 0.972 0.960 0.967 0.970 0.967 0.972 0.966 0.973 0.970 0.964 0.963 0.959 0.960 0.965 0.932 0.914 0.916 0.954 0.965 0.962 0.904 0.934 0.912 0.934 0.934 0.952 0.902 0.900 0.945  
0.940 0.939 0.974 0.973 0.972 0.972 0.970 0.969 0.958 0.972 0.950 0.960 0.972 0.962 0.976 0.970 0.975 0.975 0.974 0.973 0.973 0.971 0.975 0.974 0.968 0.959 0.972 0.979 0.975 0.963 0.971 0.971 0.975 0.958 0.966 0.967 0.963 0.973 0.974 0.965 0.961 1.000 0.972 0.969 0.975 0.969 0.982 0.969 0.964 0.972 0.973 0.961 0.971 0.955 0.969 0.965 0.942 0.924 0.928 0.963 0.978 0.960 0.918 0.940 0.926 0.942 0.943 0.967 0.904 0.892 0.956  
0.952 0.949 0.986 0.988 0.984 0.983 0.984 0.973 0.968 0.990 0.963 0.968 0.987 0.970 0.985 0.986 0.982 0.985 0.986 0.986 0.984 0.987 0.984 0.987 0.983 0.971 0.985 0.983 0.987 0.970 0.988 0.984 0.981 0.968 0.979 0.981 0.978 0.981 0.986 0.979 0.967 0.971 1.000 0.975 0.979 0.980 0.978 0.987 0.974 0.984 0.978 0.976 0.979 0.974 0.974 0.977 0.945 0.930 0.931 0.963 0.971 0.965 0.918 0.939 0.927 0.949 0.943 0.965 0.900 0.897 0.960  
0.937 0.939 0.974 0.974 0.975 0.974 0.974 0.963 0.965 0.974 0.956 0.964 0.974 0.966 0.977 0.975 0.976 0.974 0.974 0.974 0.975 0.973 0.977 0.974 0.970 0.962 0.969 0.973 0.972 0.969 0.973 0.978 0.988 0.954 0.975 0.973 0.965 0.972 0.973 0.969 0.954 0.966 0.974 1.000 0.990 0.974 0.974 0.982 0.964 0.971 0.963 0.959 0.992 0.957 0.999 0.961 0.962 0.921 0.929 0.955 0.970 0.957 0.914 0.946 0.923 0.937 0.944 0.958 0.898 0.891 0.979  
0.942 0.942 0.978 0.979 0.979 0.978 0.978 0.965 0.968 0.978 0.959 0.969 0.978 0.969 0.984 0.980 0.982 0.980 0.978 0.978 0.977 0.977 0.983 0.978 0.974 0.966 0.973 0.976 0.976 0.972 0.977 0.982 0.998 0.958 0.978 0.977 0.969 0.978 0.977 0.974 0.960 0.971 0.978 0.989 1.000 0.977 0.978 0.984 0.967 0.975 0.969 0.964 0.996 0.961 0.989 0.965 0.952 0.922 0.928 0.958 0.973 0.960 0.914 0.944 0.923 0.939 0.945 0.961 0.903 0.894 0.969  
0.948 0.951 0.987 0.985 0.987 0.986 0.987 0.974 0.972 0.984 0.965 0.971 0.985 0.971 0.988 0.984 0.988 0.989 0.986 0.987 0.990 0.986 0.990 0.987 0.980 0.967 0.983 0.981 0.986 0.973 0.984 0.989 0.974 0.966 0.984 0.991 0.975 0.982 0.987 0.978 0.963 0.964 0.977 0.972 0.976 1.000 0.974 0.984 0.976 0.985 0.977 0.969 0.976 0.968 0.972 0.972 0.936 0.924 0.929 0.961 0.971 0.963 0.914 0.942 0.924 0.939 0.944 0.959 0.900 0.892 0.954  
0.940 0.943 0.978 0.978 0.975 0.975 0.973 0.973 0.962 0.978 0.955 0.962 0.975 0.967 0.978 0.976 0.976 0.977 0.977 0.977 0.979 0.975 0.976 0.978 0.972 0.962 0.976 0.983 0.976 0.965 0.977 0.980 0.978 0.960 0.973 0.971 0.967 0.974 0.978 0.970 0.961 0.979 0.977 0.973 0.978 0.976 1.000 0.977 0.969 0.976 0.972 0.964 0.978 0.963 0.973 0.971 0.945 0.925 0.929 0.966 0.985 0.962 0.918 0.943 0.925 0.943 0.940 0.967 0.907 0.893 0.964  
0.946 0.948 0.984 0.985 0.983 0.982 0.982 0.970 0.971 0.984 0.967 0.971 0.981 0.970 0.987 0.986 0.984 0.983 0.982 0.983 0.983 0.981 0.985 0.984 0.978 0.968 0.979 0.977 0.982 0.973 0.983 0.988 0.981 0.965 0.987 0.982 0.972 0.983 0.983 0.980 0.964 0.965 0.985 0.980 0.983 0.984 0.975 1.000 0.974 0.981 0.973 0.969 0.985 0.968 0.980 0.971 0.944 0.924 0.927 0.958 0.969 0.960 0.913 0.940 0.922 0.940 0.944 0.958 0.896 0.894 0.961  
0.938 0.937 0.980 0.981 0.976 0.977 0.974 0.969 0.970 0.978 0.973 0.972 0.975 0.970 0.977 0.979 0.974 0.976 0.978 0.979 0.976 0.977 0.975 0.978 0.980 0.966 0.977 0.973 0.979 0.968 0.979 0.975 0.965 0.961 0.969 0.975 0.967 0.976 0.978 0.974 0.959 0.961 0.972 0.963 0.967 0.977 0.969 0.975 1.000 0.980 0.966 0.964 0.968 0.963 0.963 0.969 0.931 0.926 0.930 0.967 0.963 0.955 0.914 0.936 0.921 0.936 0.942 0.957 0.893 0.893 0.948  
0.953 0.950 0.998 0.996 0.995 0.995 0.991 0.977 0.971 0.990 0.968 0.969 0.991 0.973 0.991 0.992 0.990 0.992 0.996 0.998 0.991 0.992 0.991 0.996 0.989 0.970 0.995 0.990 0.997 0.972 0.992 0.986 0.974 0.975 0.980 0.984 0.983 0.985 0.997 0.979 0.967 0.970 0.983 0.971 0.976 0.986 0.976 0.983 0.980 1.000 0.982 0.974 0.975 0.973 0.971 0.983 0.939 0.927 0.931 0.969 0.973 0.966 0.916 0.939 0.925 0.945 0.947 0.966 0.901 0.897 0.956  
0.945 0.944 0.986 0.984 0.983 0.981 0.978 0.973 0.961 0.980 0.956 0.963 0.981 0.963 0.987 0.978 0.987 0.988 0.984 0.986 0.981 0.981 0.987 0.986 0.976 0.962 0.984 0.984 0.986 0.965 0.981 0.978 0.971 0.969 0.972 0.976 0.972 0.980 0.986 0.972 0.964 0.971 0.978 0.964 0.971 0.979 0.973 0.975 0.967 0.983 1.000 0.965 0.967 0.966 0.964 0.982 0.934 0.924 0.924 0.964 0.968 0.959 0.913 0.935 0.926 0.943 0.939 0.961 0.894 0.894 0.952  
0.946 0.944 0.978 0.981 0.978 0.975 0.975 0.963 0.958 0.984 0.953 0.957 0.979 0.960 0.977 0.977 0.976 0.978 0.978 0.979 0.976 0.978 0.976 0.978 0.974 0.960 0.976 0.973 0.977 0.961 0.982 0.975 0.964 0.961 0.969 0.974 0.971 0.977 0.978 0.973 0.960 0.960 0.977 0.961 0.966 0.973 0.967 0.973 0.966 0.976 0.966 1.000 0.966 0.978 0.961 0.969 0.931 0.920 0.922 0.953 0.964 0.958 0.905 0.936 0.914 0.935 0.936 0.952 0.894 0.888 0.948  
0.940 0.941 0.976 0.976 0.977 0.976 0.976 0.964 0.967 0.976 0.957 0.966 0.975 0.968 0.979 0.977 0.978 0.976 0.976 0.976 0.976 0.976 0.979 0.976 0.971 0.963 0.973 0.974 0.974 0.970 0.975 0.981 0.993 0.956 0.978 0.975 0.967 0.974 0.975 0.972 0.956 0.967 0.977 0.990 0.995 0.976 0.977 0.985 0.967 0.973 0.965 0.963 1.000 0.960 0.990 0.964 0.953 0.923 0.927 0.956 0.973 0.959 0.912 0.943 0.922 0.937 0.946 0.959 0.901 0.894 0.970  
0.941 0.938 0.979 0.981 0.975 0.974 0.975 0.960 0.957 0.985 0.953 0.957 0.978 0.959 0.977 0.977 0.973 0.977 0.977 0.979 0.976 0.978 0.976 0.979 0.975 0.958 0.975 0.972 0.977 0.959 0.983 0.975 0.963 0.960 0.968 0.972 0.971 0.974 0.978 0.973 0.955 0.955 0.975 0.960 0.965 0.972 0.966 0.972 0.966 0.976 0.968 0.979 0.964 1.000 0.960 0.972 0.927 0.930 0.927 0.951 0.960 0.954 0.914 0.944 0.927 0.938 0.936 0.951 0.890 0.883 0.948  
0.937 0.939 0.974 0.974 0.975 0.974 0.974 0.964 0.966 0.974 0.956 0.964 0.974 0.966 0.977 0.975 0.976 0.975 0.974 0.974 0.975 0.973 0.977 0.974 0.970 0.963 0.970 0.973 0.973 0.970 0.973 0.978 0.988 0.954 0.975 0.974 0.965 0.972 0.974 0.970 0.954 0.967 0.974 0.999 0.990 0.974 0.974 0.982 0.964 0.972 0.963 0.959 0.992 0.957 1.000 0.961 0.963 0.921 0.929 0.955 0.970 0.957 0.914 0.946 0.923 0.938 0.945 0.958 0.899 0.891 0.980  
0.946 0.942 0.985 0.987 0.981 0.981 0.977 0.968 0.959 0.981 0.956 0.958 0.979 0.961 0.982 0.981 0.978 0.979 0.982 0.985 0.977 0.979 0.978 0.983 0.976 0.962 0.983 0.981 0.984 0.960 0.984 0.976 0.965 0.968 0.969 0.972 0.970 0.974 0.983 0.970 0.958 0.962 0.976 0.960 0.966 0.973 0.971 0.973 0.969 0.983 0.980 0.966 0.965 0.969 0.960 1.000 0.930 0.923 0.921 0.959 0.964 0.954 0.909 0.934 0.923 0.950 0.942 0.956 0.894 0.889 0.955  
0.926 0.929 0.954 0.954 0.953 0.953 0.952 0.948 0.943 0.955 0.933 0.943 0.954 0.946 0.954 0.953 0.954 0.955 0.954 0.954 0.956 0.954 0.954 0.954 0.950 0.942 0.953 0.956 0.954 0.947 0.954 0.956 0.966 0.939 0.953 0.951 0.945 0.950 0.954 0.947 0.940 0.953 0.958 0.976 0.967 0.951 0.959 0.959 0.946 0.952 0.947 0.942 0.968 0.938 0.977 0.944 1.000 0.906 0.913 0.941 0.955 0.945 0.899 0.933 0.908 0.924 0.924 0.944 0.896 0.889 0.967  
0.903 0.902 0.940 0.940 0.937 0.936 0.938 0.937 0.935 0.940 0.933 0.934 0.939 0.936 0.937 0.939 0.936 0.939 0.940 0.940 0.939 0.940 0.938 0.940 0.940 0.937 0.939 0.941 0.941 0.935 0.940 0.937 0.935 0.925 0.935 0.937 0.933 0.938 0.940 0.936 0.921 0.934 0.942 0.934 0.935 0.938 0.938 0.938 0.939 0.940 0.935 0.930 0.937 0.940 0.934 0.936 0.905 1.000 0.957 0.935 0.930 0.922 0.927 0.927 0.938 0.920 0.927 0.936 0.867 0.862 0.924  
0.901 0.901 0.941 0.941 0.938 0.940 0.939 0.937 0.940 0.940 0.936 0.938 0.941 0.941 0.938 0.939 0.937 0.940 0.940 0.941 0.941 0.941 0.939 0.941 0.942 0.936 0.938 0.940 0.942 0.940 0.941 0.939 0.936 0.924 0.937 0.938 0.936 0.937 0.941 0.937 0.919 0.935 0.939 0.938 0.938 0.940 0.938 0.938 0.940 0.940 0.933 0.929 0.938 0.934 0.938 0.931 0.909 0.953 1.000 0.936 0.932 0.923 0.925 0.932 0.936 0.918 0.928 0.940 0.872 0.864 0.926  
0.932 0.931 0.972 0.971 0.969 0.969 0.966 0.970 0.958 0.967 0.968 0.960 0.970 0.960 0.969 0.967 0.970 0.971 0.971 0.972 0.969 0.969 0.969 0.972 0.968 0.961 0.970 0.977 0.970 0.962 0.968 0.965 0.961 0.953 0.962 0.965 0.962 0.965 0.972 0.964 0.951 0.963 0.965 0.958 0.961 0.965 0.969 0.963 0.970 0.971 0.966 0.954 0.960 0.951 0.958 0.962 0.930 0.925 0.929 1.000 0.960 0.955 0.917 0.930 0.925 0.938 0.939 0.961 0.892 0.887 0.946  
0.939 0.941 0.972 0.973 0.970 0.969 0.968 0.964 0.956 0.970 0.949 0.955 0.970 0.960 0.972 0.969 0.971 0.971 0.972 0.973 0.974 0.970 0.971 0.973 0.966 0.953 0.972 0.976 0.971 0.961 0.970 0.974 0.972 0.955 0.968 0.965 0.961 0.970 0.973 0.964 0.958 0.973 0.968 0.968 0.972 0.971 0.983 0.969 0.962 0.971 0.965 0.960 0.973 0.955 0.968 0.962 0.939 0.916 0.921 0.956 1.000 0.961 0.908 0.941 0.917 0.933 0.936 0.959 0.902 0.889 0.957  
0.945 0.948 0.969 0.968 0.968 0.967 0.969 0.962 0.954 0.969 0.947 0.955 0.971 0.956 0.968 0.967 0.969 0.971 0.968 0.969 0.972 0.970 0.970 0.969 0.965 0.956 0.967 0.971 0.968 0.959 0.968 0.968 0.964 0.957 0.964 0.969 0.964 0.967 0.969 0.962 0.959 0.960 0.967 0.960 0.964 0.967 0.966 0.965 0.959 0.969 0.962 0.959 0.963 0.954 0.960 0.957 0.934 0.913 0.917 0.955 0.966 1.000 0.904 0.932 0.913 0.933 0.933 0.956 0.900 0.895 0.948  
0.892 0.891 0.930 0.930 0.927 0.927 0.927 0.930 0.927 0.928 0.921 0.929 0.929 0.928 0.928 0.928 0.927 0.929 0.929 0.930 0.929 0.929 0.928 0.930 0.930 0.926 0.929 0.933 0.931 0.927 0.930 0.927 0.928 0.914 0.927 0.927 0.925 0.926 0.930 0.925 0.911 0.928 0.930 0.927 0.928 0.928 0.931 0.928 0.928 0.929 0.926 0.916 0.927 0.925 0.927 0.922 0.899 0.927 0.929 0.927 0.923 0.914 1.000 0.921 0.977 0.912 0.913 0.932 0.862 0.852 0.920  
0.909 0.912 0.941 0.942 0.939 0.939 0.939 0.934 0.937 0.942 0.928 0.937 0.941 0.939 0.941 0.939 0.939 0.942 0.940 0.942 0.945 0.941 0.941 0.942 0.939 0.931 0.938 0.941 0.940 0.938 0.942 0.944 0.944 0.931 0.943 0.941 0.938 0.944 0.942 0.936 0.928 0.938 0.938 0.947 0.946 0.944 0.944 0.942 0.937 0.940 0.935 0.935 0.945 0.942 0.947 0.936 0.920 0.916 0.923 0.928 0.943 0.930 0.909 1.000 0.923 0.916 0.916 0.932 0.883 0.866 0.936  
0.901 0.900 0.940 0.939 0.937 0.935 0.937 0.938 0.936 0.938 0.931 0.936 0.939 0.938 0.937 0.938 0.936 0.939 0.939 0.940 0.938 0.938 0.938 0.940 0.940 0.935 0.938 0.942 0.940 0.936 0.940 0.937 0.938 0.928 0.937 0.937 0.935 0.936 0.940 0.935 0.919 0.937 0.940 0.936 0.938 0.939 0.938 0.937 0.935 0.939 0.939 0.926 0.937 0.938 0.936 0.937 0.908 0.939 0.941 0.936 0.932 0.923 0.977 0.935 1.000 0.924 0.923 0.940 0.869 0.862 0.925  
0.924 0.921 0.959 0.960 0.957 0.957 0.958 0.954 0.945 0.960 0.947 0.945 0.960 0.947 0.956 0.960 0.955 0.957 0.960 0.960 0.957 0.960 0.956 0.960 0.957 0.949 0.957 0.962 0.960 0.949 0.960 0.955 0.953 0.949 0.952 0.954 0.954 0.955 0.960 0.951 0.941 0.953 0.962 0.951 0.953 0.953 0.957 0.955 0.950 0.959 0.956 0.947 0.951 0.949 0.951 0.964 0.924 0.920 0.922 0.948 0.948 0.944 0.911 0.928 0.924 1.000 0.934 0.952 0.889 0.876 0.946  
0.923 0.923 0.960 0.960 0.960 0.959 0.961 0.953 0.956 0.959 0.951 0.954 0.959 0.953 0.962 0.961 0.961 0.961 0.959 0.960 0.960 0.961 0.963 0.960 0.961 0.958 0.958 0.959 0.961 0.961 0.958 0.961 0.957 0.943 0.956 0.959 0.952 0.960 0.961 0.960 0.941 0.954 0.956 0.958 0.959 0.959 0.954 0.959 0.956 0.960 0.952 0.948 0.960 0.947 0.958 0.956 0.923 0.928 0.932 0.950 0.951 0.943 0.913 0.929 0.923 0.934 1.000 0.955 0.887 0.882 0.947  
0.934 0.932 0.974 0.973 0.971 0.973 0.970 0.972 0.962 0.972 0.955 0.959 0.972 0.967 0.969 0.971 0.969 0.971 0.973 0.974 0.970 0.972 0.970 0.974 0.972 0.964 0.972 0.978 0.974 0.966 0.971 0.969 0.968 0.956 0.965 0.966 0.966 0.967 0.974 0.966 0.953 0.971 0.972 0.965 0.968 0.967 0.974 0.966 0.965 0.973 0.967 0.957 0.967 0.955 0.965 0.964 0.937 0.930 0.938 0.966 0.968 0.960 0.925 0.938 0.934 0.945 0.949 1.000 0.899 0.895 0.952  
0.902 0.902 0.911 0.912 0.911 0.911 0.911 0.903 0.900 0.911 0.894 0.902 0.912 0.903 0.911 0.911 0.911 0.912 0.912 0.912 0.911 0.911 0.912 0.911 0.908 0.901 0.910 0.914 0.912 0.904 0.910 0.910 0.913 0.903 0.909 0.911 0.911 0.913 0.911 0.906 0.907 0.912 0.910 0.909 0.914 0.911 0.917 0.908 0.904 0.911 0.903 0.903 0.913 0.898 0.909 0.905 0.893 0.865 0.873 0.900 0.914 0.908 0.860 0.893 0.866 0.886 0.885 0.903 1.000 0.859 0.902  
0.941 0.939 0.924 0.924 0.925 0.923 0.923 0.915 0.927 0.922 0.910 0.922 0.923 0.939 0.923 0.925 0.923 0.921 0.923 0.924 0.921 0.923 0.922 0.923 0.923 0.925 0.923 0.922 0.924 0.930 0.922 0.922 0.920 0.923 0.919 0.920 0.915 0.921 0.923 0.919 0.920 0.915 0.922 0.916 0.920 0.919 0.918 0.921 0.919 0.923 0.918 0.911 0.921 0.906 0.916 0.915 0.901 0.874 0.880 0.910 0.916 0.918 0.864 0.890 0.874 0.888 0.895 0.914 0.874 1.000 0.904  
0.924 0.926 0.960 0.960 0.959 0.957 0.957 0.953 0.948 0.960 0.938 0.948 0.960 0.952 0.959 0.958 0.960 0.960 0.959 0.960 0.962 0.959 0.959 0.960 0.956 0.947 0.958 0.961 0.958 0.953 0.960 0.961 0.971 0.943 0.959 0.956 0.952 0.955 0.960 0.953 0.940 0.955 0.961 0.981 0.971 0.957 0.966 0.964 0.950 0.958 0.953 0.948 0.973 0.947 0.981 0.957 0.955 0.913 0.919 0.945 0.961 0.946 0.908 0.936 0.913 0.934 0.935 0.947 0.893 0.880 1.000  
