1.000 0.987 0.987 0.940 0.944 0.944 0.937 0.944 0.930 0.925 0.925 0.944 0.943 0.943 0.931 0.941 0.940 0.931 0.940 0.943 0.944 0.940 0.941 0.944 0.940 0.944 0.942 0.938 0.927 0.934 0.936 0.938 0.947 0.929 0.932 0.937 0.933 0.941 0.939 0.936 0.922 0.946 0.929 0.929 0.934 0.926 0.932 0.929 0.931 0.937 0.933 0.931 0.933 0.926 0.922 0.909 0.923 0.928 0.927 0.919 0.922 0.928 0.931 0.925 0.937 0.942 0.938 0.941 0.938 0.900 0.884 0.886 0.935 0.868 0.908 0.883 0.894 0.905 0.885 0.893  
0.987 1.000 0.996 0.949 0.953 0.953 0.947 0.949 0.930 0.931 0.927 0.950 0.953 0.949 0.931 0.950 0.949 0.931 0.951 0.954 0.951 0.949 0.950 0.950 0.939 0.951 0.951 0.949 0.930 0.945 0.945 0.945 0.946 0.933 0.940 0.949 0.934 0.947 0.944 0.942 0.925 0.946 0.933 0.933 0.936 0.929 0.935 0.936 0.934 0.946 0.938 0.936 0.942 0.925 0.925 0.912 0.930 0.932 0.926 0.923 0.925 0.930 0.936 0.929 0.944 0.947 0.941 0.942 0.935 0.903 0.885 0.885 0.937 0.867 0.904 0.882 0.900 0.909 0.884 0.898  
0.986 0.995 1.000 0.946 0.950 0.950 0.944 0.953 0.931 0.933 0.926 0.949 0.948 0.949 0.930 0.947 0.946 0.931 0.946 0.949 0.951 0.945 0.947 0.950 0.939 0.949 0.948 0.944 0.928 0.940 0.942 0.941 0.945 0.933 0.937 0.945 0.937 0.946 0.943 0.940 0.926 0.949 0.932 0.933 0.936 0.931 0.938 0.935 0.937 0.943 0.936 0.934 0.939 0.925 0.926 0.913 0.929 0.934 0.926 0.923 0.928 0.933 0.939 0.926 0.941 0.950 0.940 0.943 0.934 0.905 0.884 0.884 0.938 0.867 0.907 0.881 0.897 0.908 0.883 0.896  
0.942 0.951 0.948 1.000 0.996 0.989 0.996 0.988 0.970 0.976 0.969 0.990 0.990 0.993 0.970 0.994 1.000 0.971 0.998 0.987 0.991 0.992 0.990 0.991 0.967 0.991 0.995 0.994 0.975 0.985 0.993 0.985 0.986 0.971 0.987 0.992 0.976 0.964 0.980 0.979 0.968 0.989 0.974 0.970 0.979 0.969 0.976 0.978 0.981 0.993 0.981 0.973 0.988 0.966 0.968 0.954 0.959 0.970 0.965 0.955 0.934 0.972 0.974 0.975 0.991 0.986 0.980 0.983 0.981 0.936 0.926 0.929 0.961 0.910 0.939 0.924 0.941 0.948 0.892 0.886  
0.945 0.955 0.952 0.995 1.000 0.992 0.991 0.989 0.973 0.972 0.973 0.991 0.991 0.994 0.974 0.994 0.996 0.974 0.993 0.988 0.995 0.989 0.994 0.991 0.969 0.995 0.995 0.989 0.973 0.981 0.988 0.986 0.987 0.970 0.984 0.988 0.974 0.965 0.980 0.978 0.965 0.989 0.971 0.969 0.977 0.968 0.975 0.975 0.978 0.988 0.980 0.977 0.987 0.965 0.965 0.952 0.956 0.968 0.965 0.952 0.935 0.970 0.974 0.971 0.988 0.990 0.984 0.986 0.979 0.935 0.924 0.927 0.959 0.907 0.938 0.922 0.939 0.949 0.891 0.886  
0.946 0.954 0.952 0.989 0.993 1.000 0.984 0.991 0.974 0.968 0.968 0.991 0.994 0.988 0.971 0.990 0.988 0.974 0.989 0.991 0.993 0.988 0.992 0.992 0.970 0.995 0.992 0.985 0.972 0.977 0.981 0.984 0.988 0.970 0.978 0.984 0.971 0.966 0.980 0.980 0.964 0.986 0.968 0.969 0.973 0.969 0.973 0.971 0.975 0.982 0.981 0.982 0.980 0.965 0.964 0.951 0.953 0.966 0.965 0.950 0.932 0.969 0.970 0.969 0.985 0.990 0.986 0.987 0.976 0.935 0.922 0.924 0.959 0.904 0.940 0.919 0.938 0.951 0.891 0.885  
0.940 0.949 0.947 0.996 0.992 0.985 1.000 0.985 0.967 0.977 0.966 0.987 0.987 0.990 0.967 0.991 0.996 0.968 0.995 0.987 0.987 0.993 0.987 0.988 0.964 0.987 0.992 0.996 0.974 0.985 0.996 0.982 0.982 0.972 0.987 0.993 0.977 0.964 0.981 0.980 0.969 0.985 0.975 0.971 0.981 0.972 0.977 0.979 0.978 0.995 0.978 0.970 0.985 0.965 0.969 0.955 0.957 0.972 0.966 0.955 0.934 0.974 0.974 0.972 0.988 0.982 0.977 0.979 0.979 0.937 0.928 0.929 0.962 0.911 0.939 0.925 0.942 0.946 0.891 0.887  
0.945 0.951 0.955 0.988 0.989 0.991 0.984 1.000 0.973 0.973 0.966 0.993 0.994 0.990 0.971 0.991 0.988 0.974 0.988 0.990 0.991 0.987 0.988 0.993 0.971 0.991 0.992 0.983 0.968 0.976 0.982 0.983 0.991 0.969 0.976 0.982 0.976 0.963 0.977 0.975 0.965 0.992 0.970 0.969 0.974 0.969 0.975 0.973 0.978 0.983 0.975 0.975 0.977 0.962 0.965 0.952 0.955 0.970 0.961 0.953 0.935 0.973 0.972 0.967 0.983 0.992 0.982 0.986 0.974 0.936 0.921 0.924 0.960 0.905 0.942 0.919 0.935 0.951 0.891 0.883  
0.934 0.934 0.935 0.972 0.975 0.976 0.968 0.976 1.000 0.961 0.968 0.976 0.975 0.973 0.978 0.974 0.972 0.984 0.971 0.971 0.977 0.968 0.978 0.976 0.983 0.976 0.976 0.967 0.979 0.960 0.965 0.967 0.977 0.958 0.963 0.965 0.961 0.951 0.964 0.963 0.956 0.975 0.958 0.960 0.964 0.960 0.961 0.957 0.964 0.967 0.961 0.960 0.963 0.962 0.956 0.943 0.948 0.955 0.959 0.946 0.921 0.960 0.955 0.962 0.977 0.977 0.973 0.975 0.970 0.927 0.921 0.927 0.947 0.906 0.938 0.921 0.928 0.947 0.882 0.889  
0.932 0.937 0.940 0.981 0.978 0.974 0.981 0.978 0.964 1.000 0.966 0.977 0.975 0.979 0.967 0.976 0.981 0.965 0.981 0.975 0.976 0.982 0.975 0.977 0.964 0.974 0.977 0.984 0.971 0.978 0.979 0.971 0.973 0.970 0.978 0.982 0.977 0.958 0.977 0.974 0.971 0.978 0.972 0.969 0.978 0.969 0.977 0.974 0.971 0.983 0.967 0.958 0.970 0.966 0.971 0.957 0.959 0.968 0.968 0.958 0.933 0.970 0.967 0.970 0.979 0.976 0.972 0.972 0.976 0.936 0.930 0.933 0.959 0.917 0.937 0.931 0.941 0.945 0.888 0.883  
0.926 0.928 0.928 0.969 0.973 0.968 0.965 0.967 0.966 0.960 1.000 0.967 0.966 0.969 0.965 0.968 0.969 0.964 0.967 0.963 0.970 0.963 0.971 0.967 0.960 0.969 0.969 0.963 0.963 0.956 0.962 0.961 0.966 0.949 0.962 0.962 0.956 0.945 0.962 0.956 0.947 0.969 0.951 0.949 0.959 0.949 0.954 0.950 0.958 0.964 0.956 0.952 0.960 0.955 0.947 0.934 0.954 0.947 0.951 0.953 0.915 0.950 0.949 0.955 0.969 0.968 0.967 0.967 0.974 0.917 0.919 0.923 0.940 0.901 0.925 0.915 0.930 0.939 0.875 0.872  
0.946 0.951 0.951 0.990 0.991 0.991 0.986 0.993 0.974 0.972 0.967 1.000 0.993 0.995 0.974 0.992 0.990 0.974 0.990 0.990 0.996 0.987 0.990 0.999 0.973 0.991 0.994 0.986 0.970 0.978 0.983 0.985 0.991 0.972 0.978 0.984 0.972 0.967 0.980 0.976 0.964 0.990 0.972 0.972 0.974 0.969 0.972 0.979 0.976 0.984 0.976 0.976 0.978 0.963 0.964 0.951 0.957 0.967 0.963 0.953 0.932 0.971 0.971 0.968 0.984 0.989 0.983 0.986 0.974 0.935 0.922 0.925 0.960 0.905 0.940 0.920 0.936 0.952 0.892 0.884  
0.945 0.955 0.951 0.991 0.992 0.994 0.986 0.995 0.974 0.970 0.967 0.993 1.000 0.990 0.971 0.994 0.990 0.974 0.992 0.995 0.992 0.991 0.991 0.994 0.971 0.993 0.995 0.988 0.970 0.980 0.984 0.987 0.991 0.969 0.979 0.987 0.974 0.963 0.977 0.977 0.963 0.989 0.970 0.969 0.975 0.968 0.971 0.974 0.975 0.985 0.977 0.977 0.980 0.962 0.963 0.950 0.956 0.967 0.962 0.952 0.932 0.971 0.969 0.970 0.986 0.990 0.984 0.985 0.975 0.934 0.923 0.926 0.959 0.906 0.939 0.920 0.938 0.952 0.891 0.885  
0.945 0.951 0.951 0.993 0.994 0.988 0.989 0.990 0.971 0.974 0.969 0.995 0.989 1.000 0.975 0.992 0.993 0.972 0.993 0.986 0.995 0.987 0.989 0.996 0.971 0.989 0.993 0.988 0.969 0.980 0.986 0.985 0.987 0.971 0.980 0.987 0.973 0.968 0.981 0.974 0.965 0.990 0.974 0.970 0.977 0.967 0.974 0.979 0.979 0.986 0.976 0.972 0.981 0.963 0.965 0.952 0.958 0.969 0.962 0.954 0.933 0.970 0.972 0.970 0.984 0.988 0.982 0.984 0.976 0.935 0.922 0.925 0.960 0.907 0.938 0.921 0.937 0.949 0.891 0.885  
0.936 0.935 0.936 0.973 0.977 0.975 0.969 0.974 0.979 0.965 0.968 0.976 0.974 0.978 1.000 0.973 0.974 0.979 0.973 0.970 0.978 0.971 0.976 0.977 0.974 0.974 0.974 0.969 0.972 0.963 0.967 0.970 0.975 0.962 0.964 0.968 0.966 0.954 0.968 0.965 0.960 0.976 0.962 0.963 0.967 0.961 0.963 0.960 0.965 0.968 0.963 0.959 0.965 0.960 0.960 0.946 0.950 0.955 0.959 0.948 0.922 0.958 0.956 0.962 0.975 0.975 0.973 0.975 0.975 0.929 0.923 0.929 0.950 0.911 0.938 0.923 0.932 0.945 0.884 0.887  
0.943 0.952 0.949 0.994 0.994 0.991 0.990 0.991 0.972 0.971 0.968 0.992 0.993 0.992 0.970 1.000 0.993 0.973 0.993 0.989 0.993 0.986 0.993 0.993 0.969 0.992 0.998 0.988 0.969 0.981 0.987 0.984 0.988 0.968 0.980 0.986 0.971 0.964 0.977 0.976 0.963 0.987 0.969 0.969 0.973 0.967 0.972 0.976 0.975 0.988 0.974 0.975 0.982 0.963 0.963 0.950 0.956 0.967 0.965 0.955 0.932 0.971 0.971 0.972 0.985 0.988 0.982 0.985 0.977 0.934 0.921 0.927 0.958 0.905 0.939 0.919 0.937 0.950 0.892 0.885  
0.942 0.951 0.948 1.000 0.996 0.989 0.995 0.988 0.970 0.976 0.969 0.990 0.990 0.993 0.971 0.993 1.000 0.971 0.998 0.987 0.990 0.992 0.990 0.991 0.967 0.991 0.995 0.994 0.974 0.985 0.992 0.985 0.986 0.971 0.986 0.992 0.976 0.963 0.980 0.979 0.967 0.989 0.973 0.970 0.979 0.969 0.976 0.978 0.981 0.993 0.981 0.973 0.988 0.966 0.967 0.954 0.959 0.970 0.965 0.955 0.934 0.972 0.974 0.975 0.991 0.986 0.980 0.982 0.981 0.936 0.926 0.929 0.961 0.910 0.940 0.925 0.942 0.947 0.892 0.886  
0.933 0.934 0.935 0.972 0.975 0.975 0.968 0.976 0.983 0.961 0.965 0.975 0.974 0.973 0.977 0.975 0.972 1.000 0.971 0.971 0.977 0.968 0.978 0.976 0.977 0.975 0.976 0.967 0.971 0.961 0.965 0.966 0.976 0.959 0.962 0.965 0.962 0.950 0.964 0.962 0.958 0.975 0.959 0.961 0.964 0.961 0.962 0.957 0.966 0.966 0.960 0.959 0.963 0.959 0.957 0.944 0.947 0.957 0.956 0.945 0.922 0.962 0.955 0.965 0.972 0.978 0.973 0.975 0.969 0.928 0.919 0.926 0.946 0.906 0.938 0.921 0.928 0.947 0.884 0.902  
0.942 0.952 0.949 0.998 0.994 0.990 0.994 0.988 0.969 0.975 0.968 0.990 0.992 0.993 0.970 0.993 0.998 0.970 1.000 0.988 0.990 0.993 0.989 0.991 0.966 0.989 0.994 0.995 0.973 0.986 0.990 0.986 0.985 0.971 0.985 0.993 0.975 0.963 0.980 0.979 0.967 0.988 0.974 0.970 0.978 0.969 0.976 0.978 0.981 0.991 0.980 0.972 0.987 0.966 0.967 0.954 0.958 0.970 0.965 0.955 0.934 0.973 0.973 0.975 0.989 0.985 0.980 0.982 0.980 0.936 0.926 0.929 0.961 0.909 0.939 0.924 0.942 0.947 0.892 0.885  
0.945 0.955 0.951 0.987 0.988 0.991 0.986 0.990 0.969 0.970 0.963 0.990 0.994 0.986 0.967 0.989 0.987 0.970 0.988 1.000 0.988 0.991 0.987 0.990 0.967 0.989 0.991 0.986 0.966 0.980 0.984 0.983 0.988 0.969 0.979 0.985 0.973 0.964 0.979 0.977 0.963 0.985 0.969 0.969 0.972 0.969 0.971 0.974 0.972 0.983 0.974 0.974 0.977 0.959 0.963 0.950 0.956 0.968 0.962 0.954 0.932 0.970 0.968 0.966 0.982 0.985 0.979 0.981 0.972 0.933 0.922 0.922 0.959 0.905 0.938 0.919 0.938 0.948 0.892 0.886  
0.945 0.952 0.953 0.990 0.994 0.992 0.986 0.992 0.975 0.971 0.970 0.996 0.991 0.995 0.974 0.992 0.990 0.975 0.990 0.988 1.000 0.985 0.993 0.996 0.972 0.993 0.994 0.986 0.970 0.978 0.983 0.982 0.989 0.972 0.979 0.984 0.972 0.970 0.983 0.976 0.965 0.988 0.973 0.972 0.975 0.969 0.974 0.979 0.977 0.983 0.976 0.977 0.982 0.965 0.964 0.951 0.956 0.968 0.965 0.953 0.934 0.972 0.974 0.968 0.983 0.992 0.986 0.988 0.976 0.935 0.921 0.924 0.958 0.905 0.940 0.920 0.936 0.951 0.891 0.884  
0.942 0.952 0.948 0.993 0.990 0.988 0.993 0.988 0.967 0.978 0.964 0.987 0.991 0.988 0.968 0.987 0.993 0.968 0.993 0.992 0.986 1.000 0.985 0.988 0.966 0.987 0.988 0.994 0.974 0.987 0.989 0.984 0.985 0.974 0.987 0.992 0.980 0.963 0.982 0.983 0.971 0.986 0.976 0.973 0.979 0.972 0.979 0.979 0.978 0.990 0.979 0.972 0.982 0.964 0.971 0.958 0.957 0.971 0.967 0.953 0.934 0.975 0.974 0.972 0.988 0.983 0.977 0.979 0.976 0.938 0.929 0.929 0.963 0.913 0.940 0.928 0.945 0.945 0.892 0.885  
0.943 0.952 0.949 0.991 0.995 0.993 0.987 0.989 0.976 0.970 0.972 0.990 0.991 0.989 0.973 0.993 0.991 0.977 0.989 0.988 0.994 0.985 1.000 0.991 0.972 0.995 0.995 0.985 0.973 0.977 0.984 0.982 0.987 0.970 0.983 0.983 0.971 0.968 0.981 0.979 0.964 0.985 0.969 0.969 0.974 0.968 0.973 0.972 0.976 0.985 0.978 0.977 0.982 0.967 0.964 0.950 0.955 0.967 0.965 0.951 0.933 0.970 0.971 0.970 0.987 0.990 0.985 0.988 0.979 0.935 0.923 0.925 0.958 0.906 0.939 0.920 0.939 0.951 0.891 0.887  
0.945 0.952 0.952 0.991 0.991 0.992 0.987 0.994 0.974 0.972 0.968 0.999 0.993 0.996 0.974 0.993 0.991 0.975 0.991 0.990 0.997 0.987 0.990 1.000 0.974 0.992 0.995 0.987 0.970 0.978 0.984 0.985 0.991 0.972 0.978 0.985 0.973 0.967 0.981 0.976 0.965 0.990 0.972 0.972 0.975 0.969 0.973 0.979 0.977 0.984 0.976 0.976 0.979 0.963 0.965 0.952 0.957 0.968 0.962 0.954 0.932 0.972 0.971 0.969 0.985 0.990 0.984 0.986 0.974 0.936 0.921 0.925 0.961 0.906 0.940 0.920 0.936 0.952 0.892 0.885  
0.941 0.940 0.941 0.966 0.969 0.970 0.963 0.972 0.981 0.958 0.961 0.973 0.970 0.971 0.971 0.968 0.967 0.976 0.966 0.967 0.972 0.965 0.971 0.973 1.000 0.970 0.970 0.963 0.973 0.957 0.960 0.963 0.972 0.956 0.959 0.962 0.958 0.953 0.963 0.959 0.953 0.971 0.957 0.958 0.961 0.956 0.958 0.955 0.961 0.963 0.956 0.955 0.956 0.959 0.953 0.939 0.946 0.954 0.955 0.944 0.922 0.957 0.950 0.958 0.971 0.971 0.968 0.969 0.964 0.924 0.915 0.922 0.947 0.901 0.934 0.916 0.924 0.943 0.884 0.892  
0.946 0.953 0.952 0.991 0.995 0.996 0.987 0.991 0.974 0.969 0.969 0.991 0.992 0.989 0.971 0.993 0.991 0.975 0.989 0.989 0.994 0.987 0.995 0.992 0.970 1.000 0.994 0.985 0.971 0.977 0.984 0.984 0.988 0.969 0.980 0.983 0.971 0.965 0.979 0.979 0.964 0.987 0.968 0.969 0.974 0.968 0.972 0.973 0.975 0.984 0.980 0.981 0.983 0.964 0.964 0.950 0.954 0.966 0.964 0.951 0.933 0.970 0.971 0.969 0.986 0.990 0.986 0.987 0.976 0.934 0.923 0.926 0.958 0.906 0.940 0.921 0.938 0.950 0.890 0.885  
0.944 0.953 0.951 0.995 0.996 0.992 0.992 0.993 0.974 0.972 0.970 0.994 0.994 0.993 0.971 0.998 0.995 0.975 0.994 0.991 0.994 0.988 0.994 0.995 0.970 0.994 1.000 0.989 0.970 0.981 0.988 0.985 0.989 0.969 0.982 0.988 0.972 0.965 0.978 0.977 0.964 0.989 0.971 0.969 0.975 0.968 0.973 0.977 0.977 0.989 0.976 0.977 0.984 0.964 0.964 0.950 0.957 0.968 0.963 0.954 0.933 0.972 0.971 0.971 0.986 0.989 0.984 0.986 0.977 0.935 0.923 0.925 0.959 0.906 0.939 0.920 0.937 0.952 0.892 0.887  
0.940 0.950 0.947 0.994 0.990 0.986 0.995 0.984 0.965 0.979 0.964 0.986 0.987 0.989 0.966 0.988 0.994 0.966 0.995 0.987 0.987 0.994 0.985 0.987 0.964 0.985 0.990 1.000 0.973 0.989 0.994 0.983 0.982 0.973 0.987 0.997 0.979 0.964 0.983 0.981 0.970 0.985 0.976 0.973 0.983 0.971 0.978 0.981 0.977 0.996 0.977 0.969 0.982 0.967 0.970 0.957 0.957 0.973 0.968 0.955 0.935 0.973 0.974 0.971 0.986 0.982 0.976 0.979 0.975 0.938 0.929 0.931 0.962 0.913 0.939 0.928 0.944 0.944 0.892 0.885  
0.929 0.933 0.931 0.976 0.974 0.973 0.974 0.970 0.978 0.967 0.965 0.971 0.971 0.971 0.970 0.970 0.976 0.971 0.974 0.967 0.971 0.975 0.974 0.971 0.974 0.972 0.971 0.973 1.000 0.965 0.971 0.966 0.970 0.962 0.971 0.972 0.964 0.951 0.969 0.968 0.961 0.970 0.962 0.961 0.969 0.961 0.965 0.959 0.964 0.974 0.967 0.957 0.966 0.967 0.961 0.947 0.948 0.956 0.964 0.945 0.921 0.959 0.956 0.965 0.982 0.969 0.969 0.968 0.971 0.929 0.926 0.930 0.951 0.909 0.936 0.924 0.935 0.944 0.883 0.887  
0.938 0.948 0.944 0.987 0.984 0.980 0.987 0.979 0.960 0.975 0.958 0.980 0.981 0.983 0.962 0.983 0.987 0.962 0.988 0.982 0.980 0.988 0.979 0.981 0.959 0.979 0.983 0.991 0.967 1.000 0.986 0.977 0.976 0.976 0.981 0.991 0.976 0.963 0.978 0.980 0.970 0.978 0.978 0.976 0.976 0.972 0.980 0.979 0.976 0.987 0.970 0.963 0.975 0.970 0.970 0.957 0.957 0.972 0.970 0.955 0.934 0.974 0.971 0.971 0.979 0.976 0.970 0.973 0.970 0.940 0.926 0.929 0.963 0.912 0.942 0.926 0.943 0.943 0.896 0.886  
0.938 0.948 0.945 0.993 0.989 0.982 0.996 0.983 0.964 0.975 0.963 0.984 0.984 0.987 0.964 0.988 0.993 0.965 0.991 0.984 0.984 0.990 0.984 0.984 0.960 0.984 0.989 0.994 0.970 0.985 1.000 0.980 0.979 0.972 0.985 0.992 0.977 0.962 0.979 0.980 0.967 0.983 0.974 0.971 0.982 0.972 0.976 0.980 0.975 0.994 0.976 0.968 0.982 0.965 0.967 0.954 0.955 0.970 0.967 0.952 0.932 0.974 0.975 0.970 0.984 0.979 0.975 0.976 0.976 0.937 0.928 0.929 0.960 0.911 0.937 0.926 0.943 0.945 0.891 0.886  
0.941 0.948 0.944 0.986 0.987 0.986 0.982 0.984 0.966 0.967 0.962 0.985 0.988 0.986 0.968 0.985 0.986 0.966 0.987 0.984 0.983 0.984 0.983 0.986 0.964 0.984 0.986 0.983 0.966 0.975 0.980 1.000 0.982 0.962 0.974 0.982 0.971 0.955 0.970 0.971 0.959 0.983 0.964 0.962 0.971 0.961 0.967 0.967 0.970 0.980 0.974 0.970 0.976 0.956 0.959 0.946 0.950 0.960 0.957 0.946 0.926 0.963 0.964 0.967 0.981 0.981 0.976 0.977 0.969 0.928 0.919 0.925 0.956 0.906 0.937 0.920 0.935 0.945 0.892 0.880  
0.949 0.948 0.948 0.987 0.988 0.989 0.982 0.992 0.976 0.969 0.967 0.992 0.992 0.988 0.973 0.989 0.986 0.976 0.986 0.988 0.990 0.986 0.988 0.992 0.973 0.989 0.990 0.982 0.970 0.974 0.980 0.982 1.000 0.968 0.976 0.981 0.972 0.961 0.975 0.974 0.963 0.993 0.967 0.968 0.974 0.967 0.969 0.972 0.974 0.980 0.975 0.974 0.975 0.965 0.962 0.949 0.954 0.964 0.965 0.950 0.932 0.968 0.967 0.967 0.982 0.987 0.983 0.985 0.976 0.933 0.922 0.926 0.961 0.906 0.942 0.921 0.935 0.950 0.892 0.883  
0.933 0.937 0.938 0.974 0.972 0.972 0.974 0.972 0.959 0.967 0.952 0.974 0.971 0.974 0.962 0.971 0.973 0.961 0.973 0.971 0.975 0.976 0.972 0.975 0.958 0.972 0.971 0.975 0.963 0.976 0.974 0.964 0.969 1.000 0.970 0.976 0.976 0.959 0.977 0.987 0.979 0.969 0.977 0.995 0.970 0.988 0.978 0.974 0.971 0.973 0.963 0.957 0.964 0.968 0.979 0.966 0.950 0.969 0.967 0.948 0.928 0.976 0.969 0.964 0.970 0.971 0.966 0.976 0.964 0.950 0.925 0.927 0.955 0.912 0.943 0.926 0.938 0.940 0.896 0.881  
0.935 0.943 0.940 0.988 0.985 0.979 0.988 0.978 0.962 0.973 0.963 0.978 0.980 0.981 0.962 0.982 0.987 0.962 0.986 0.980 0.980 0.987 0.984 0.979 0.960 0.981 0.983 0.988 0.971 0.980 0.985 0.974 0.976 0.969 1.000 0.986 0.974 0.962 0.982 0.976 0.964 0.978 0.971 0.968 0.974 0.966 0.974 0.979 0.974 0.988 0.971 0.968 0.982 0.964 0.964 0.952 0.952 0.965 0.966 0.949 0.928 0.968 0.975 0.965 0.983 0.976 0.971 0.974 0.974 0.932 0.928 0.927 0.957 0.909 0.939 0.929 0.945 0.940 0.887 0.883  
0.939 0.951 0.947 0.992 0.988 0.984 0.992 0.983 0.964 0.977 0.962 0.984 0.986 0.987 0.965 0.987 0.992 0.965 0.993 0.985 0.985 0.992 0.983 0.985 0.962 0.983 0.988 0.997 0.971 0.989 0.991 0.981 0.980 0.974 0.985 1.000 0.978 0.965 0.982 0.982 0.968 0.983 0.977 0.973 0.981 0.970 0.977 0.982 0.975 0.994 0.975 0.967 0.980 0.967 0.968 0.955 0.958 0.973 0.969 0.953 0.934 0.972 0.974 0.970 0.984 0.980 0.974 0.977 0.974 0.938 0.927 0.929 0.962 0.912 0.938 0.926 0.942 0.943 0.891 0.885  
0.937 0.938 0.941 0.978 0.976 0.974 0.978 0.979 0.961 0.974 0.958 0.974 0.976 0.976 0.965 0.974 0.979 0.963 0.978 0.975 0.975 0.982 0.973 0.975 0.960 0.973 0.974 0.981 0.966 0.976 0.979 0.972 0.974 0.976 0.975 0.980 1.000 0.957 0.975 0.981 0.972 0.978 0.972 0.976 0.980 0.977 0.977 0.974 0.971 0.979 0.967 0.959 0.969 0.962 0.972 0.959 0.948 0.968 0.966 0.948 0.931 0.973 0.970 0.965 0.973 0.979 0.969 0.980 0.968 0.940 0.929 0.930 0.958 0.916 0.941 0.930 0.943 0.939 0.891 0.881  
0.948 0.954 0.954 0.969 0.971 0.972 0.969 0.969 0.954 0.958 0.951 0.972 0.968 0.973 0.956 0.970 0.969 0.955 0.969 0.970 0.976 0.968 0.973 0.973 0.959 0.970 0.970 0.969 0.956 0.966 0.967 0.960 0.966 0.962 0.966 0.970 0.960 1.000 0.979 0.967 0.952 0.966 0.960 0.963 0.962 0.957 0.963 0.966 0.959 0.969 0.959 0.956 0.961 0.958 0.952 0.939 0.950 0.961 0.957 0.945 0.935 0.957 0.960 0.952 0.965 0.970 0.966 0.967 0.961 0.927 0.910 0.911 0.958 0.893 0.929 0.907 0.925 0.932 0.898 0.889  
0.938 0.943 0.943 0.978 0.978 0.978 0.978 0.975 0.960 0.969 0.960 0.978 0.974 0.979 0.962 0.974 0.978 0.960 0.977 0.977 0.981 0.979 0.978 0.978 0.961 0.976 0.975 0.980 0.966 0.974 0.976 0.966 0.971 0.972 0.978 0.979 0.971 0.971 1.000 0.977 0.962 0.972 0.970 0.970 0.972 0.967 0.972 0.975 0.967 0.980 0.967 0.962 0.970 0.965 0.962 0.949 0.954 0.970 0.966 0.957 0.934 0.967 0.968 0.959 0.974 0.976 0.971 0.973 0.969 0.933 0.924 0.923 0.956 0.907 0.938 0.921 0.936 0.939 0.890 0.879  
0.940 0.946 0.944 0.981 0.981 0.983 0.982 0.978 0.963 0.971 0.959 0.978 0.979 0.977 0.965 0.979 0.981 0.964 0.981 0.980 0.979 0.985 0.981 0.979 0.962 0.981 0.979 0.983 0.970 0.980 0.982 0.973 0.976 0.987 0.977 0.984 0.981 0.964 0.982 1.000 0.972 0.975 0.973 0.983 0.976 0.980 0.976 0.977 0.969 0.981 0.974 0.967 0.972 0.969 0.972 0.959 0.952 0.967 0.971 0.950 0.933 0.971 0.974 0.966 0.978 0.978 0.974 0.982 0.971 0.944 0.928 0.928 0.960 0.911 0.940 0.925 0.943 0.941 0.893 0.885  
0.926 0.929 0.931 0.970 0.968 0.966 0.970 0.968 0.957 0.968 0.950 0.967 0.965 0.968 0.959 0.965 0.970 0.959 0.970 0.965 0.967 0.972 0.965 0.967 0.955 0.966 0.966 0.971 0.962 0.970 0.968 0.960 0.964 0.978 0.966 0.970 0.972 0.948 0.967 0.972 1.000 0.966 0.971 0.979 0.965 0.986 0.976 0.962 0.970 0.970 0.959 0.951 0.960 0.959 0.999 0.984 0.944 0.966 0.958 0.943 0.925 0.974 0.956 0.962 0.967 0.968 0.961 0.972 0.962 0.964 0.925 0.929 0.953 0.913 0.947 0.927 0.937 0.938 0.887 0.877  
0.948 0.947 0.951 0.988 0.989 0.986 0.984 0.992 0.972 0.973 0.968 0.990 0.988 0.990 0.973 0.987 0.988 0.973 0.988 0.984 0.988 0.985 0.985 0.990 0.970 0.986 0.988 0.984 0.968 0.975 0.981 0.982 0.991 0.966 0.977 0.982 0.975 0.960 0.974 0.972 0.964 1.000 0.968 0.966 0.974 0.965 0.974 0.971 0.978 0.981 0.974 0.970 0.976 0.964 0.964 0.950 0.953 0.967 0.965 0.950 0.933 0.970 0.971 0.968 0.982 0.988 0.979 0.983 0.977 0.933 0.923 0.927 0.959 0.907 0.941 0.922 0.935 0.947 0.891 0.882  
0.932 0.935 0.936 0.975 0.972 0.969 0.975 0.971 0.957 0.968 0.952 0.973 0.971 0.975 0.959 0.970 0.974 0.959 0.975 0.970 0.974 0.976 0.969 0.973 0.958 0.969 0.971 0.976 0.962 0.977 0.975 0.964 0.967 0.975 0.971 0.977 0.970 0.956 0.973 0.971 0.970 0.970 1.000 0.976 0.972 0.971 0.978 0.972 0.977 0.976 0.961 0.954 0.965 0.965 0.970 0.956 0.950 0.972 0.964 0.949 0.930 0.976 0.963 0.968 0.970 0.970 0.964 0.967 0.965 0.939 0.926 0.928 0.953 0.913 0.937 0.927 0.936 0.944 0.891 0.879  
0.933 0.936 0.937 0.972 0.971 0.971 0.972 0.971 0.960 0.966 0.951 0.973 0.970 0.972 0.962 0.970 0.972 0.962 0.972 0.971 0.975 0.974 0.971 0.974 0.960 0.971 0.971 0.974 0.962 0.976 0.972 0.963 0.969 0.994 0.968 0.975 0.976 0.959 0.974 0.983 0.979 0.968 0.977 1.000 0.970 0.990 0.977 0.974 0.972 0.973 0.961 0.956 0.963 0.967 0.979 0.966 0.947 0.970 0.966 0.947 0.929 0.978 0.965 0.964 0.968 0.972 0.965 0.975 0.963 0.951 0.924 0.927 0.957 0.912 0.944 0.926 0.937 0.940 0.895 0.882  
0.942 0.944 0.945 0.986 0.984 0.981 0.987 0.982 0.969 0.980 0.966 0.981 0.981 0.984 0.971 0.980 0.986 0.970 0.985 0.979 0.983 0.986 0.981 0.982 0.968 0.980 0.982 0.990 0.975 0.981 0.988 0.977 0.980 0.975 0.980 0.988 0.985 0.963 0.982 0.980 0.970 0.981 0.978 0.975 1.000 0.974 0.978 0.978 0.975 0.989 0.974 0.966 0.976 0.971 0.970 0.958 0.958 0.972 0.974 0.956 0.935 0.975 0.973 0.973 0.984 0.983 0.983 0.978 0.977 0.939 0.932 0.935 0.964 0.917 0.940 0.932 0.945 0.949 0.892 0.888  
0.929 0.933 0.935 0.971 0.970 0.971 0.973 0.971 0.960 0.966 0.951 0.970 0.969 0.969 0.960 0.969 0.971 0.962 0.971 0.970 0.971 0.973 0.970 0.971 0.958 0.970 0.970 0.973 0.962 0.972 0.973 0.962 0.968 0.988 0.967 0.972 0.976 0.953 0.971 0.979 0.986 0.968 0.972 0.990 0.969 1.000 0.977 0.968 0.972 0.971 0.962 0.956 0.962 0.965 0.986 0.973 0.946 0.970 0.963 0.946 0.927 0.979 0.962 0.964 0.967 0.972 0.965 0.977 0.965 0.956 0.927 0.928 0.955 0.913 0.946 0.927 0.938 0.943 0.892 0.881  
0.934 0.936 0.939 0.976 0.975 0.973 0.976 0.975 0.959 0.971 0.954 0.971 0.970 0.974 0.960 0.972 0.976 0.961 0.976 0.971 0.974 0.977 0.972 0.972 0.957 0.972 0.972 0.978 0.963 0.977 0.975 0.965 0.968 0.975 0.973 0.976 0.974 0.957 0.974 0.973 0.974 0.974 0.977 0.975 0.970 0.975 1.000 0.968 0.984 0.976 0.965 0.959 0.968 0.966 0.974 0.963 0.951 0.978 0.964 0.949 0.933 0.979 0.966 0.967 0.971 0.976 0.967 0.972 0.968 0.939 0.924 0.927 0.958 0.911 0.941 0.924 0.937 0.939 0.896 0.881  
0.933 0.940 0.940 0.981 0.978 0.974 0.981 0.977 0.957 0.972 0.953 0.982 0.976 0.982 0.960 0.979 0.981 0.958 0.981 0.977 0.982 0.981 0.975 0.982 0.958 0.975 0.979 0.984 0.961 0.979 0.983 0.969 0.974 0.974 0.980 0.984 0.974 0.963 0.980 0.978 0.962 0.975 0.974 0.975 0.974 0.969 0.972 1.000 0.969 0.982 0.964 0.962 0.975 0.963 0.962 0.950 0.950 0.966 0.966 0.949 0.928 0.970 0.979 0.961 0.973 0.974 0.969 0.971 0.965 0.933 0.922 0.923 0.956 0.907 0.936 0.923 0.938 0.938 0.887 0.883  
0.933 0.935 0.939 0.981 0.979 0.975 0.977 0.979 0.962 0.966 0.958 0.976 0.974 0.979 0.962 0.975 0.981 0.965 0.981 0.972 0.978 0.977 0.975 0.977 0.961 0.974 0.977 0.977 0.963 0.974 0.974 0.969 0.973 0.969 0.973 0.975 0.969 0.953 0.970 0.967 0.968 0.978 0.976 0.970 0.968 0.970 0.984 0.966 1.000 0.974 0.967 0.965 0.977 0.964 0.968 0.958 0.949 0.978 0.959 0.948 0.931 0.979 0.966 0.971 0.975 0.979 0.969 0.974 0.970 0.937 0.922 0.928 0.955 0.907 0.945 0.923 0.937 0.945 0.893 0.879  
0.940 0.949 0.947 0.994 0.990 0.983 0.996 0.985 0.966 0.979 0.965 0.985 0.986 0.987 0.966 0.989 0.994 0.967 0.993 0.984 0.985 0.991 0.986 0.985 0.964 0.985 0.990 0.997 0.974 0.987 0.995 0.980 0.980 0.972 0.989 0.995 0.978 0.965 0.984 0.980 0.969 0.983 0.976 0.972 0.983 0.971 0.977 0.980 0.976 1.000 0.975 0.967 0.983 0.967 0.969 0.956 0.958 0.972 0.969 0.956 0.935 0.973 0.973 0.971 0.986 0.980 0.975 0.977 0.978 0.937 0.930 0.931 0.963 0.913 0.938 0.927 0.943 0.944 0.892 0.886  
0.938 0.942 0.941 0.984 0.984 0.985 0.981 0.979 0.962 0.965 0.960 0.979 0.980 0.979 0.964 0.978 0.985 0.962 0.984 0.977 0.980 0.982 0.981 0.979 0.959 0.983 0.980 0.980 0.969 0.971 0.979 0.977 0.978 0.964 0.974 0.978 0.968 0.957 0.973 0.975 0.961 0.978 0.964 0.963 0.971 0.964 0.968 0.965 0.971 0.977 1.000 0.979 0.977 0.959 0.961 0.947 0.947 0.961 0.960 0.944 0.927 0.965 0.964 0.966 0.981 0.978 0.976 0.976 0.973 0.929 0.923 0.924 0.955 0.903 0.937 0.918 0.935 0.943 0.885 0.877  
0.936 0.941 0.939 0.976 0.981 0.986 0.973 0.979 0.962 0.956 0.956 0.979 0.980 0.976 0.960 0.978 0.977 0.962 0.976 0.977 0.981 0.974 0.980 0.979 0.958 0.984 0.980 0.972 0.959 0.964 0.971 0.973 0.977 0.957 0.970 0.970 0.960 0.954 0.968 0.968 0.952 0.974 0.956 0.957 0.962 0.958 0.963 0.962 0.969 0.970 0.979 1.000 0.974 0.953 0.952 0.941 0.941 0.955 0.954 0.938 0.920 0.961 0.962 0.957 0.973 0.978 0.976 0.975 0.964 0.923 0.926 0.923 0.948 0.904 0.943 0.922 0.931 0.943 0.882 0.873  
0.934 0.943 0.941 0.988 0.988 0.981 0.984 0.978 0.961 0.964 0.960 0.978 0.979 0.981 0.962 0.982 0.988 0.962 0.987 0.977 0.982 0.981 0.982 0.979 0.957 0.983 0.984 0.982 0.965 0.973 0.982 0.975 0.975 0.961 0.981 0.980 0.966 0.955 0.972 0.970 0.958 0.977 0.964 0.961 0.969 0.961 0.969 0.972 0.977 0.982 0.973 0.970 1.000 0.957 0.958 0.951 0.948 0.960 0.964 0.945 0.933 0.963 0.972 0.964 0.980 0.977 0.972 0.973 0.973 0.927 0.921 0.922 0.950 0.901 0.937 0.921 0.944 0.945 0.886 0.878  
0.928 0.928 0.928 0.967 0.966 0.966 0.965 0.964 0.961 0.962 0.957 0.964 0.963 0.964 0.959 0.964 0.967 0.959 0.967 0.960 0.967 0.965 0.967 0.964 0.961 0.965 0.965 0.968 0.967 0.969 0.965 0.956 0.965 0.966 0.964 0.968 0.960 0.954 0.969 0.967 0.958 0.966 0.965 0.966 0.965 0.964 0.967 0.961 0.965 0.967 0.957 0.951 0.958 1.000 0.958 0.945 0.948 0.961 0.977 0.947 0.921 0.963 0.956 0.963 0.971 0.965 0.965 0.964 0.969 0.931 0.923 0.929 0.947 0.907 0.935 0.921 0.931 0.944 0.890 0.875  
0.926 0.929 0.931 0.970 0.968 0.967 0.970 0.968 0.957 0.968 0.950 0.967 0.965 0.968 0.959 0.965 0.970 0.959 0.970 0.966 0.967 0.973 0.966 0.967 0.955 0.966 0.966 0.972 0.963 0.970 0.968 0.960 0.964 0.978 0.966 0.970 0.972 0.949 0.967 0.972 0.999 0.966 0.971 0.979 0.965 0.986 0.977 0.962 0.971 0.970 0.960 0.951 0.960 0.959 1.000 0.985 0.944 0.966 0.958 0.944 0.925 0.974 0.956 0.962 0.967 0.968 0.961 0.972 0.962 0.964 0.926 0.929 0.953 0.914 0.947 0.927 0.937 0.938 0.887 0.877  
0.914 0.917 0.920 0.959 0.957 0.955 0.959 0.956 0.945 0.956 0.938 0.955 0.954 0.957 0.948 0.954 0.958 0.948 0.958 0.954 0.956 0.961 0.954 0.956 0.944 0.954 0.955 0.961 0.950 0.959 0.957 0.950 0.953 0.968 0.955 0.959 0.961 0.938 0.956 0.961 0.986 0.955 0.960 0.968 0.955 0.976 0.968 0.952 0.963 0.959 0.948 0.942 0.956 0.948 0.987 1.000 0.933 0.956 0.953 0.933 0.920 0.963 0.945 0.951 0.956 0.957 0.949 0.961 0.951 0.954 0.917 0.921 0.942 0.908 0.937 0.917 0.933 0.933 0.884 0.870  
0.926 0.933 0.933 0.960 0.957 0.954 0.958 0.957 0.947 0.955 0.956 0.957 0.956 0.959 0.948 0.957 0.960 0.947 0.959 0.957 0.958 0.957 0.956 0.958 0.947 0.955 0.958 0.958 0.948 0.956 0.956 0.950 0.954 0.948 0.952 0.958 0.947 0.946 0.957 0.950 0.943 0.954 0.950 0.946 0.952 0.945 0.952 0.949 0.950 0.958 0.944 0.939 0.949 0.948 0.943 0.930 1.000 0.950 0.950 0.980 0.921 0.947 0.945 0.950 0.957 0.954 0.953 0.951 0.957 0.916 0.907 0.911 0.954 0.893 0.920 0.907 0.916 0.930 0.880 0.876  
0.929 0.933 0.937 0.970 0.968 0.966 0.971 0.970 0.953 0.962 0.947 0.967 0.966 0.969 0.952 0.967 0.970 0.956 0.970 0.967 0.969 0.970 0.966 0.968 0.954 0.966 0.968 0.973 0.955 0.970 0.969 0.959 0.963 0.966 0.964 0.972 0.966 0.955 0.972 0.964 0.964 0.967 0.971 0.968 0.965 0.969 0.979 0.963 0.978 0.971 0.957 0.952 0.960 0.960 0.964 0.952 0.949 1.000 0.956 0.946 0.929 0.976 0.960 0.960 0.964 0.970 0.961 0.965 0.960 0.935 0.915 0.919 0.955 0.901 0.939 0.915 0.927 0.935 0.895 0.876  
0.929 0.928 0.928 0.966 0.965 0.966 0.966 0.962 0.957 0.963 0.952 0.963 0.962 0.963 0.957 0.965 0.965 0.955 0.965 0.962 0.965 0.967 0.965 0.963 0.956 0.964 0.963 0.968 0.963 0.968 0.967 0.957 0.964 0.965 0.965 0.969 0.964 0.952 0.969 0.969 0.956 0.966 0.963 0.965 0.967 0.962 0.964 0.963 0.959 0.968 0.957 0.951 0.964 0.976 0.956 0.948 0.949 0.956 1.000 0.949 0.927 0.961 0.960 0.959 0.969 0.964 0.966 0.962 0.966 0.927 0.921 0.924 0.947 0.906 0.932 0.920 0.937 0.943 0.889 0.872  
0.921 0.925 0.926 0.956 0.953 0.951 0.955 0.954 0.945 0.953 0.954 0.954 0.952 0.955 0.945 0.956 0.955 0.944 0.956 0.954 0.954 0.953 0.951 0.954 0.944 0.951 0.954 0.955 0.945 0.953 0.952 0.945 0.950 0.946 0.949 0.954 0.946 0.940 0.960 0.948 0.942 0.951 0.948 0.946 0.949 0.945 0.950 0.946 0.948 0.955 0.941 0.935 0.946 0.946 0.942 0.929 0.979 0.947 0.949 1.000 0.917 0.946 0.943 0.950 0.953 0.951 0.948 0.949 0.957 0.915 0.909 0.914 0.945 0.894 0.922 0.908 0.915 0.928 0.876 0.871  
0.927 0.930 0.933 0.937 0.938 0.936 0.936 0.939 0.923 0.931 0.919 0.935 0.935 0.937 0.923 0.935 0.937 0.924 0.937 0.935 0.938 0.937 0.936 0.935 0.925 0.936 0.936 0.938 0.924 0.935 0.935 0.929 0.934 0.929 0.931 0.938 0.932 0.933 0.939 0.934 0.927 0.937 0.932 0.930 0.932 0.929 0.937 0.928 0.934 0.937 0.927 0.920 0.937 0.923 0.927 0.920 0.923 0.933 0.930 0.920 1.000 0.931 0.932 0.925 0.932 0.940 0.930 0.935 0.929 0.907 0.884 0.887 0.933 0.869 0.908 0.883 0.902 0.910 0.881 0.876  
0.929 0.931 0.934 0.971 0.969 0.969 0.972 0.973 0.958 0.964 0.949 0.970 0.969 0.970 0.955 0.970 0.971 0.960 0.972 0.969 0.972 0.973 0.969 0.971 0.956 0.969 0.971 0.972 0.957 0.971 0.972 0.962 0.967 0.973 0.966 0.971 0.970 0.951 0.968 0.968 0.971 0.969 0.974 0.975 0.967 0.977 0.979 0.966 0.979 0.971 0.960 0.957 0.962 0.962 0.971 0.958 0.946 0.976 0.960 0.945 0.927 1.000 0.964 0.965 0.966 0.973 0.964 0.968 0.962 0.941 0.926 0.927 0.952 0.911 0.942 0.927 0.937 0.943 0.892 0.877  
0.933 0.939 0.942 0.975 0.975 0.971 0.974 0.974 0.953 0.963 0.950 0.971 0.970 0.973 0.954 0.972 0.975 0.955 0.974 0.969 0.975 0.974 0.971 0.972 0.951 0.972 0.972 0.974 0.956 0.969 0.975 0.964 0.967 0.967 0.975 0.975 0.969 0.955 0.971 0.973 0.954 0.973 0.963 0.964 0.967 0.961 0.967 0.977 0.967 0.972 0.962 0.959 0.972 0.956 0.954 0.942 0.945 0.961 0.960 0.943 0.930 0.965 1.000 0.957 0.967 0.974 0.965 0.967 0.961 0.932 0.913 0.917 0.949 0.898 0.936 0.917 0.930 0.933 0.886 0.880  
0.931 0.934 0.932 0.979 0.975 0.973 0.975 0.971 0.964 0.969 0.959 0.972 0.973 0.974 0.963 0.976 0.979 0.968 0.979 0.970 0.972 0.975 0.973 0.972 0.962 0.972 0.974 0.975 0.968 0.973 0.974 0.970 0.970 0.965 0.968 0.973 0.966 0.951 0.965 0.967 0.963 0.972 0.971 0.966 0.970 0.966 0.971 0.962 0.975 0.973 0.966 0.957 0.968 0.966 0.963 0.950 0.953 0.964 0.963 0.954 0.925 0.969 0.960 1.000 0.977 0.972 0.969 0.968 0.970 0.933 0.924 0.934 0.955 0.913 0.937 0.927 0.937 0.950 0.890 0.885  
0.939 0.947 0.944 0.992 0.989 0.986 0.988 0.984 0.976 0.974 0.970 0.985 0.986 0.985 0.973 0.986 0.992 0.972 0.990 0.983 0.984 0.988 0.988 0.986 0.972 0.987 0.987 0.986 0.982 0.978 0.985 0.981 0.982 0.969 0.983 0.984 0.972 0.961 0.977 0.977 0.966 0.984 0.969 0.967 0.978 0.967 0.972 0.971 0.976 0.986 0.978 0.970 0.981 0.971 0.965 0.952 0.957 0.965 0.970 0.953 0.930 0.967 0.968 0.974 1.000 0.981 0.980 0.978 0.982 0.934 0.927 0.931 0.959 0.910 0.938 0.925 0.940 0.949 0.889 0.886  
0.944 0.949 0.953 0.986 0.990 0.991 0.982 0.993 0.975 0.971 0.969 0.990 0.990 0.988 0.972 0.988 0.986 0.977 0.986 0.986 0.993 0.983 0.990 0.990 0.972 0.991 0.990 0.982 0.969 0.974 0.979 0.981 0.987 0.969 0.975 0.980 0.977 0.965 0.978 0.976 0.966 0.989 0.969 0.971 0.976 0.971 0.977 0.972 0.980 0.980 0.975 0.975 0.978 0.964 0.966 0.953 0.953 0.971 0.964 0.951 0.937 0.974 0.973 0.968 0.981 1.000 0.988 0.989 0.975 0.937 0.922 0.925 0.958 0.906 0.943 0.920 0.936 0.951 0.891 0.885  
0.946 0.948 0.948 0.986 0.991 0.993 0.982 0.989 0.977 0.973 0.973 0.989 0.989 0.988 0.976 0.988 0.986 0.978 0.986 0.985 0.992 0.982 0.991 0.990 0.974 0.991 0.990 0.982 0.974 0.974 0.980 0.981 0.988 0.970 0.976 0.980 0.973 0.966 0.979 0.977 0.964 0.985 0.969 0.969 0.982 0.969 0.973 0.972 0.975 0.980 0.979 0.979 0.978 0.970 0.964 0.951 0.957 0.967 0.971 0.954 0.933 0.971 0.970 0.971 0.985 0.993 1.000 0.987 0.979 0.935 0.925 0.928 0.959 0.909 0.941 0.924 0.937 0.955 0.892 0.887  
0.942 0.944 0.945 0.982 0.985 0.987 0.978 0.986 0.972 0.966 0.967 0.986 0.984 0.984 0.971 0.984 0.982 0.974 0.982 0.981 0.988 0.978 0.987 0.986 0.969 0.986 0.986 0.978 0.967 0.970 0.975 0.976 0.984 0.973 0.973 0.976 0.977 0.961 0.975 0.979 0.969 0.983 0.966 0.973 0.971 0.975 0.972 0.968 0.974 0.976 0.972 0.971 0.973 0.962 0.969 0.956 0.950 0.965 0.962 0.948 0.931 0.969 0.966 0.964 0.977 0.988 0.981 1.000 0.973 0.940 0.921 0.923 0.954 0.905 0.941 0.920 0.935 0.948 0.887 0.883  
0.941 0.937 0.936 0.981 0.980 0.976 0.979 0.975 0.969 0.971 0.975 0.974 0.975 0.976 0.972 0.977 0.981 0.968 0.980 0.972 0.977 0.976 0.979 0.974 0.964 0.976 0.977 0.975 0.970 0.969 0.975 0.968 0.975 0.962 0.973 0.974 0.966 0.956 0.972 0.969 0.960 0.978 0.964 0.962 0.970 0.963 0.968 0.963 0.970 0.977 0.970 0.961 0.974 0.969 0.960 0.947 0.956 0.960 0.966 0.957 0.926 0.963 0.961 0.966 0.982 0.975 0.974 0.974 1.000 0.929 0.925 0.928 0.952 0.908 0.936 0.921 0.934 0.943 0.885 0.881  
0.916 0.919 0.921 0.951 0.949 0.950 0.951 0.951 0.940 0.946 0.931 0.950 0.948 0.950 0.940 0.949 0.951 0.942 0.951 0.948 0.950 0.952 0.949 0.950 0.939 0.949 0.949 0.952 0.942 0.953 0.950 0.942 0.947 0.963 0.945 0.952 0.952 0.936 0.949 0.956 0.976 0.948 0.952 0.963 0.947 0.969 0.954 0.945 0.952 0.951 0.940 0.934 0.941 0.944 0.977 0.964 0.929 0.950 0.941 0.928 0.918 0.956 0.946 0.944 0.948 0.951 0.944 0.955 0.943 1.000 0.905 0.911 0.936 0.893 0.934 0.907 0.917 0.922 0.886 0.875  
0.898 0.899 0.899 0.939 0.937 0.936 0.941 0.935 0.932 0.939 0.932 0.935 0.935 0.936 0.933 0.934 0.939 0.932 0.940 0.935 0.935 0.942 0.936 0.935 0.929 0.936 0.936 0.942 0.938 0.938 0.941 0.932 0.935 0.936 0.941 0.941 0.940 0.918 0.940 0.939 0.937 0.937 0.939 0.936 0.939 0.939 0.938 0.932 0.936 0.942 0.933 0.936 0.934 0.936 0.937 0.926 0.920 0.928 0.934 0.922 0.894 0.940 0.926 0.934 0.940 0.935 0.933 0.935 0.939 0.905 1.000 0.957 0.918 0.922 0.926 0.939 0.918 0.925 0.858 0.850  
0.898 0.898 0.897 0.940 0.938 0.936 0.939 0.936 0.936 0.939 0.934 0.936 0.936 0.937 0.937 0.938 0.941 0.936 0.940 0.933 0.935 0.940 0.936 0.936 0.933 0.937 0.936 0.942 0.941 0.938 0.940 0.935 0.936 0.936 0.937 0.940 0.939 0.917 0.936 0.936 0.938 0.938 0.938 0.936 0.939 0.938 0.938 0.931 0.939 0.941 0.932 0.930 0.933 0.939 0.938 0.928 0.921 0.930 0.935 0.924 0.894 0.939 0.927 0.942 0.941 0.935 0.934 0.935 0.939 0.908 0.955 1.000 0.919 0.924 0.930 0.939 0.917 0.924 0.862 0.852  
0.940 0.942 0.943 0.964 0.962 0.962 0.964 0.964 0.948 0.956 0.943 0.963 0.961 0.963 0.950 0.961 0.964 0.948 0.963 0.962 0.961 0.966 0.960 0.963 0.950 0.961 0.961 0.965 0.952 0.963 0.962 0.958 0.963 0.956 0.958 0.965 0.958 0.956 0.962 0.960 0.953 0.962 0.955 0.958 0.960 0.956 0.961 0.956 0.958 0.964 0.955 0.948 0.953 0.949 0.953 0.941 0.956 0.958 0.950 0.947 0.932 0.955 0.951 0.954 0.961 0.961 0.956 0.957 0.954 0.925 0.908 0.911 1.000 0.893 0.927 0.908 0.923 0.928 0.890 0.885  
0.883 0.882 0.882 0.924 0.921 0.918 0.924 0.919 0.918 0.926 0.915 0.919 0.919 0.921 0.922 0.919 0.924 0.919 0.924 0.919 0.919 0.926 0.919 0.919 0.915 0.920 0.919 0.927 0.922 0.924 0.925 0.919 0.919 0.924 0.922 0.925 0.928 0.902 0.923 0.923 0.926 0.922 0.926 0.924 0.925 0.925 0.925 0.918 0.921 0.926 0.914 0.915 0.915 0.920 0.926 0.917 0.906 0.915 0.920 0.907 0.880 0.926 0.911 0.924 0.923 0.919 0.917 0.919 0.922 0.893 0.923 0.927 0.905 1.000 0.916 0.972 0.905 0.905 0.848 0.836  
0.911 0.907 0.910 0.941 0.940 0.941 0.939 0.944 0.937 0.934 0.927 0.941 0.940 0.939 0.936 0.941 0.941 0.938 0.941 0.940 0.942 0.940 0.940 0.942 0.936 0.942 0.941 0.940 0.936 0.941 0.937 0.938 0.943 0.942 0.940 0.939 0.940 0.926 0.942 0.939 0.946 0.943 0.937 0.944 0.934 0.946 0.943 0.935 0.947 0.938 0.935 0.941 0.938 0.936 0.946 0.934 0.920 0.940 0.933 0.923 0.906 0.944 0.936 0.935 0.938 0.944 0.937 0.943 0.937 0.922 0.914 0.920 0.926 0.903 1.000 0.922 0.913 0.918 0.875 0.856  
0.898 0.897 0.897 0.939 0.936 0.933 0.939 0.934 0.933 0.940 0.930 0.934 0.934 0.936 0.935 0.933 0.939 0.934 0.938 0.934 0.934 0.941 0.934 0.934 0.930 0.935 0.934 0.942 0.937 0.938 0.940 0.933 0.934 0.938 0.942 0.940 0.942 0.916 0.938 0.937 0.939 0.937 0.940 0.938 0.940 0.939 0.938 0.935 0.937 0.940 0.929 0.933 0.935 0.934 0.939 0.927 0.920 0.930 0.934 0.921 0.893 0.942 0.930 0.938 0.938 0.934 0.932 0.934 0.935 0.907 0.940 0.942 0.919 0.972 0.935 1.000 0.923 0.921 0.860 0.851  
0.908 0.913 0.911 0.954 0.952 0.950 0.954 0.948 0.939 0.948 0.943 0.948 0.950 0.949 0.941 0.949 0.954 0.940 0.954 0.950 0.948 0.957 0.951 0.948 0.936 0.950 0.949 0.956 0.946 0.953 0.955 0.946 0.947 0.948 0.956 0.954 0.953 0.932 0.951 0.953 0.947 0.948 0.947 0.947 0.950 0.948 0.950 0.948 0.949 0.954 0.944 0.940 0.957 0.942 0.947 0.941 0.927 0.939 0.949 0.926 0.911 0.950 0.941 0.946 0.951 0.948 0.944 0.947 0.946 0.915 0.916 0.918 0.933 0.903 0.924 0.921 1.000 0.928 0.872 0.859  
0.920 0.923 0.924 0.961 0.963 0.965 0.959 0.966 0.959 0.954 0.953 0.966 0.965 0.963 0.955 0.964 0.961 0.959 0.961 0.962 0.966 0.958 0.965 0.966 0.957 0.964 0.965 0.957 0.957 0.954 0.958 0.957 0.963 0.952 0.952 0.956 0.950 0.940 0.955 0.953 0.950 0.961 0.957 0.952 0.956 0.955 0.953 0.949 0.959 0.957 0.953 0.953 0.959 0.957 0.950 0.942 0.943 0.949 0.956 0.941 0.920 0.958 0.945 0.960 0.962 0.964 0.963 0.962 0.957 0.921 0.925 0.927 0.939 0.905 0.930 0.920 0.929 1.000 0.879 0.872  
0.902 0.901 0.900 0.907 0.907 0.906 0.905 0.906 0.895 0.898 0.890 0.906 0.906 0.906 0.896 0.907 0.907 0.897 0.907 0.907 0.906 0.907 0.906 0.907 0.898 0.905 0.907 0.906 0.897 0.909 0.906 0.906 0.906 0.908 0.901 0.906 0.904 0.907 0.907 0.906 0.900 0.907 0.905 0.908 0.901 0.905 0.911 0.899 0.908 0.906 0.897 0.893 0.901 0.904 0.900 0.894 0.894 0.910 0.903 0.890 0.893 0.908 0.900 0.902 0.903 0.905 0.902 0.903 0.899 0.887 0.860 0.866 0.902 0.849 0.889 0.861 0.875 0.881 1.000 0.853  
0.929 0.934 0.932 0.920 0.920 0.919 0.920 0.917 0.921 0.911 0.906 0.918 0.919 0.918 0.918 0.919 0.919 0.935 0.919 0.920 0.918 0.918 0.921 0.918 0.926 0.919 0.920 0.919 0.920 0.917 0.919 0.912 0.916 0.912 0.915 0.919 0.913 0.917 0.915 0.916 0.908 0.916 0.912 0.914 0.915 0.913 0.915 0.913 0.912 0.918 0.907 0.903 0.912 0.907 0.908 0.899 0.908 0.910 0.905 0.903 0.906 0.911 0.913 0.915 0.919 0.918 0.915 0.917 0.914 0.895 0.869 0.874 0.916 0.854 0.887 0.870 0.880 0.892 0.871 1.000  
