1.000 0.962 0.936 0.906 0.937 0.926 0.923 0.918 0.934 0.944 0.918 0.932 0.910 0.941 0.939 0.938 0.937 0.911 0.923 0.945 0.929 0.925 0.950 0.943 0.898 0.946 0.895 0.898 0.895 0.918 0.939 0.941 0.880 0.879 0.924 0.906 0.908 0.864 0.885 0.847 0.854 0.853 0.858 0.858 0.901 0.874 0.867 0.879 0.873 0.866 0.872 0.856 0.863 0.894 0.854 0.871 0.870 0.852 0.914 0.874 0.891 0.889 0.871 0.872 0.741 0.784 0.809 0.854 0.904 0.780 0.764 0.784 0.864 0.892 0.817  
0.962 1.000 0.959 0.926 0.955 0.940 0.940 0.935 0.957 0.968 0.934 0.956 0.927 0.958 0.965 0.953 0.956 0.935 0.937 0.968 0.945 0.945 0.968 0.973 0.915 0.971 0.912 0.918 0.912 0.933 0.965 0.958 0.904 0.898 0.948 0.928 0.926 0.883 0.898 0.856 0.865 0.865 0.869 0.858 0.926 0.882 0.876 0.890 0.884 0.877 0.883 0.866 0.873 0.916 0.864 0.880 0.879 0.862 0.934 0.888 0.913 0.906 0.879 0.886 0.735 0.793 0.814 0.855 0.920 0.775 0.769 0.796 0.884 0.912 0.835  
0.936 0.960 1.000 0.922 0.963 0.962 0.953 0.934 0.969 0.972 0.955 0.970 0.936 0.961 0.968 0.969 0.958 0.932 0.955 0.971 0.957 0.961 0.970 0.965 0.911 0.964 0.908 0.920 0.910 0.951 0.965 0.960 0.903 0.897 0.951 0.926 0.934 0.884 0.899 0.856 0.862 0.861 0.868 0.852 0.928 0.879 0.876 0.889 0.884 0.876 0.886 0.865 0.875 0.911 0.862 0.882 0.877 0.858 0.945 0.886 0.912 0.902 0.877 0.888 0.744 0.799 0.809 0.854 0.914 0.780 0.769 0.797 0.885 0.901 0.840  
0.904 0.924 0.920 1.000 0.939 0.919 0.925 0.933 0.928 0.937 0.927 0.915 0.921 0.930 0.933 0.926 0.939 0.911 0.928 0.934 0.916 0.913 0.924 0.915 0.904 0.915 0.902 0.896 0.904 0.922 0.914 0.927 0.887 0.918 0.937 0.909 0.911 0.898 0.918 0.852 0.875 0.853 0.869 0.863 0.903 0.914 0.906 0.871 0.879 0.872 0.872 0.881 0.856 0.935 0.878 0.875 0.912 0.881 0.896 0.911 0.913 0.914 0.894 0.910 0.727 0.760 0.808 0.866 0.902 0.745 0.753 0.793 0.917 0.936 0.803  
0.936 0.954 0.962 0.941 1.000 0.965 0.974 0.953 0.973 0.980 0.964 0.960 0.949 0.982 0.965 0.978 0.973 0.931 0.965 0.973 0.961 0.948 0.967 0.959 0.921 0.957 0.918 0.914 0.918 0.965 0.961 0.954 0.901 0.908 0.954 0.928 0.943 0.887 0.905 0.859 0.871 0.859 0.877 0.860 0.922 0.897 0.891 0.894 0.891 0.882 0.891 0.875 0.879 0.912 0.870 0.886 0.894 0.868 0.931 0.901 0.920 0.909 0.893 0.896 0.752 0.791 0.818 0.854 0.918 0.773 0.768 0.796 0.902 0.914 0.837  
0.927 0.940 0.962 0.922 0.967 1.000 0.964 0.944 0.956 0.959 0.976 0.953 0.960 0.962 0.946 0.974 0.955 0.935 0.981 0.951 0.959 0.970 0.955 0.945 0.924 0.949 0.921 0.909 0.921 0.979 0.952 0.949 0.897 0.898 0.941 0.919 0.936 0.880 0.898 0.866 0.868 0.853 0.877 0.864 0.915 0.891 0.886 0.898 0.886 0.885 0.883 0.861 0.882 0.901 0.872 0.882 0.889 0.870 0.933 0.894 0.912 0.893 0.883 0.883 0.751 0.793 0.810 0.850 0.909 0.775 0.765 0.793 0.898 0.892 0.835  
0.922 0.938 0.951 0.926 0.974 0.962 1.000 0.942 0.958 0.963 0.960 0.951 0.949 0.975 0.952 0.966 0.960 0.924 0.959 0.953 0.958 0.939 0.950 0.945 0.911 0.947 0.907 0.901 0.908 0.969 0.950 0.941 0.897 0.904 0.944 0.913 0.939 0.884 0.901 0.852 0.863 0.850 0.868 0.852 0.911 0.888 0.885 0.885 0.885 0.876 0.882 0.873 0.870 0.900 0.865 0.879 0.888 0.865 0.939 0.895 0.916 0.899 0.888 0.888 0.746 0.783 0.809 0.847 0.910 0.764 0.764 0.788 0.892 0.903 0.827  
0.916 0.933 0.932 0.933 0.952 0.942 0.942 1.000 0.935 0.945 0.954 0.925 0.952 0.947 0.941 0.943 0.949 0.942 0.953 0.944 0.928 0.936 0.933 0.930 0.917 0.932 0.914 0.891 0.918 0.947 0.930 0.926 0.890 0.900 0.937 0.908 0.940 0.881 0.906 0.860 0.872 0.844 0.879 0.865 0.901 0.910 0.901 0.889 0.879 0.877 0.870 0.861 0.871 0.906 0.872 0.871 0.907 0.873 0.911 0.901 0.907 0.899 0.893 0.883 0.753 0.782 0.807 0.853 0.903 0.768 0.765 0.796 0.915 0.905 0.821  
0.932 0.956 0.967 0.928 0.972 0.954 0.957 0.935 1.000 0.981 0.944 0.978 0.937 0.973 0.966 0.963 0.952 0.938 0.946 0.976 0.962 0.958 0.969 0.966 0.920 0.963 0.917 0.913 0.918 0.946 0.966 0.957 0.901 0.898 0.935 0.928 0.925 0.879 0.893 0.865 0.874 0.866 0.882 0.863 0.927 0.892 0.886 0.906 0.900 0.891 0.904 0.876 0.890 0.901 0.872 0.896 0.886 0.865 0.935 0.896 0.912 0.897 0.884 0.889 0.751 0.796 0.811 0.847 0.921 0.785 0.773 0.799 0.899 0.901 0.847  
0.943 0.966 0.971 0.938 0.980 0.958 0.964 0.946 0.982 1.000 0.953 0.967 0.939 0.976 0.977 0.971 0.966 0.942 0.954 0.985 0.958 0.954 0.979 0.967 0.923 0.967 0.919 0.916 0.920 0.956 0.971 0.957 0.903 0.901 0.949 0.929 0.933 0.881 0.898 0.862 0.874 0.866 0.882 0.862 0.926 0.891 0.886 0.901 0.895 0.888 0.896 0.876 0.885 0.912 0.873 0.892 0.888 0.869 0.940 0.892 0.914 0.908 0.884 0.888 0.746 0.794 0.809 0.852 0.924 0.776 0.770 0.801 0.896 0.914 0.843  
0.918 0.934 0.955 0.930 0.965 0.976 0.962 0.956 0.946 0.954 1.000 0.942 0.957 0.955 0.944 0.968 0.969 0.932 0.989 0.944 0.947 0.964 0.950 0.938 0.920 0.941 0.917 0.904 0.917 0.981 0.945 0.938 0.893 0.905 0.948 0.910 0.942 0.879 0.904 0.862 0.869 0.848 0.873 0.863 0.905 0.899 0.894 0.892 0.878 0.884 0.873 0.860 0.875 0.905 0.874 0.873 0.897 0.876 0.923 0.894 0.914 0.896 0.890 0.887 0.750 0.785 0.810 0.852 0.905 0.769 0.763 0.791 0.906 0.896 0.826  
0.931 0.954 0.969 0.916 0.960 0.951 0.951 0.925 0.979 0.967 0.940 1.000 0.931 0.963 0.954 0.960 0.947 0.925 0.945 0.961 0.967 0.954 0.965 0.968 0.911 0.961 0.907 0.912 0.905 0.941 0.967 0.955 0.897 0.901 0.934 0.924 0.924 0.882 0.889 0.863 0.864 0.861 0.871 0.856 0.925 0.883 0.875 0.896 0.890 0.878 0.895 0.865 0.884 0.898 0.860 0.888 0.875 0.857 0.935 0.888 0.909 0.895 0.875 0.888 0.747 0.796 0.809 0.844 0.914 0.782 0.772 0.795 0.888 0.893 0.845  
0.909 0.926 0.936 0.923 0.949 0.959 0.950 0.954 0.938 0.939 0.956 0.932 1.000 0.945 0.930 0.951 0.950 0.936 0.962 0.935 0.942 0.945 0.939 0.926 0.917 0.932 0.913 0.904 0.914 0.948 0.929 0.935 0.894 0.899 0.933 0.917 0.931 0.883 0.898 0.865 0.875 0.849 0.884 0.872 0.910 0.910 0.902 0.898 0.894 0.884 0.876 0.868 0.875 0.906 0.875 0.875 0.908 0.872 0.921 0.907 0.918 0.885 0.897 0.883 0.762 0.787 0.819 0.849 0.901 0.767 0.765 0.791 0.915 0.892 0.838  
0.940 0.957 0.960 0.932 0.982 0.961 0.975 0.948 0.974 0.976 0.953 0.963 0.944 1.000 0.962 0.969 0.961 0.933 0.954 0.972 0.965 0.949 0.968 0.959 0.922 0.963 0.920 0.915 0.920 0.955 0.962 0.957 0.904 0.905 0.945 0.928 0.938 0.886 0.908 0.859 0.869 0.861 0.874 0.859 0.922 0.890 0.883 0.895 0.891 0.882 0.891 0.871 0.879 0.907 0.867 0.886 0.886 0.864 0.938 0.898 0.917 0.903 0.888 0.891 0.749 0.797 0.814 0.850 0.921 0.777 0.770 0.795 0.895 0.911 0.840  
0.938 0.964 0.968 0.935 0.965 0.945 0.953 0.942 0.967 0.978 0.943 0.955 0.929 0.962 1.000 0.955 0.965 0.947 0.938 0.979 0.943 0.949 0.967 0.955 0.923 0.957 0.920 0.918 0.924 0.946 0.953 0.951 0.908 0.903 0.951 0.928 0.927 0.887 0.900 0.855 0.873 0.863 0.880 0.860 0.927 0.887 0.886 0.897 0.891 0.888 0.890 0.877 0.877 0.919 0.877 0.887 0.890 0.873 0.941 0.892 0.918 0.913 0.889 0.891 0.739 0.789 0.810 0.854 0.925 0.774 0.766 0.796 0.891 0.921 0.833  
0.938 0.953 0.968 0.927 0.978 0.974 0.967 0.944 0.964 0.972 0.967 0.961 0.951 0.970 0.955 1.000 0.970 0.924 0.974 0.964 0.959 0.960 0.968 0.959 0.919 0.959 0.915 0.918 0.912 0.966 0.966 0.958 0.899 0.903 0.955 0.927 0.942 0.887 0.903 0.858 0.864 0.859 0.868 0.854 0.921 0.888 0.880 0.887 0.883 0.875 0.885 0.866 0.875 0.917 0.862 0.879 0.883 0.861 0.928 0.892 0.914 0.908 0.882 0.889 0.747 0.795 0.814 0.858 0.912 0.773 0.766 0.793 0.893 0.908 0.840  
0.936 0.956 0.957 0.941 0.974 0.955 0.961 0.951 0.954 0.967 0.969 0.948 0.950 0.962 0.965 0.970 1.000 0.925 0.966 0.960 0.948 0.942 0.966 0.948 0.916 0.951 0.913 0.923 0.910 0.958 0.950 0.956 0.906 0.913 0.968 0.926 0.942 0.893 0.911 0.852 0.865 0.861 0.869 0.857 0.919 0.893 0.889 0.882 0.881 0.876 0.878 0.872 0.866 0.926 0.868 0.877 0.893 0.871 0.927 0.897 0.926 0.912 0.893 0.900 0.747 0.787 0.820 0.861 0.913 0.767 0.764 0.791 0.896 0.918 0.830  
0.909 0.933 0.930 0.911 0.930 0.933 0.924 0.942 0.937 0.941 0.930 0.925 0.934 0.932 0.946 0.922 0.923 1.000 0.927 0.938 0.918 0.941 0.931 0.928 0.917 0.933 0.915 0.889 0.915 0.934 0.922 0.929 0.890 0.878 0.911 0.901 0.908 0.861 0.883 0.873 0.884 0.848 0.898 0.876 0.899 0.897 0.897 0.918 0.896 0.904 0.887 0.864 0.892 0.889 0.890 0.887 0.898 0.877 0.930 0.884 0.892 0.881 0.884 0.871 0.740 0.774 0.796 0.835 0.913 0.776 0.759 0.798 0.906 0.888 0.824  
0.923 0.937 0.954 0.930 0.966 0.981 0.961 0.955 0.948 0.955 0.989 0.946 0.962 0.955 0.939 0.975 0.966 0.929 1.000 0.947 0.949 0.968 0.951 0.941 0.922 0.945 0.919 0.906 0.919 0.981 0.947 0.944 0.891 0.901 0.948 0.913 0.946 0.880 0.904 0.865 0.868 0.849 0.872 0.864 0.909 0.899 0.891 0.892 0.879 0.882 0.875 0.858 0.879 0.907 0.872 0.874 0.894 0.872 0.924 0.894 0.911 0.898 0.887 0.884 0.749 0.789 0.812 0.853 0.905 0.770 0.767 0.793 0.906 0.897 0.830  
0.945 0.969 0.971 0.936 0.974 0.951 0.955 0.946 0.979 0.986 0.944 0.963 0.935 0.973 0.980 0.964 0.961 0.940 0.947 1.000 0.952 0.954 0.977 0.964 0.920 0.965 0.917 0.914 0.921 0.946 0.963 0.958 0.900 0.894 0.948 0.927 0.932 0.880 0.896 0.858 0.870 0.862 0.877 0.859 0.929 0.887 0.881 0.897 0.891 0.885 0.892 0.870 0.881 0.912 0.870 0.889 0.884 0.863 0.938 0.891 0.912 0.907 0.882 0.886 0.741 0.797 0.810 0.853 0.922 0.781 0.770 0.801 0.893 0.914 0.840  
0.928 0.945 0.957 0.918 0.962 0.958 0.959 0.929 0.963 0.958 0.946 0.968 0.942 0.966 0.943 0.959 0.947 0.919 0.949 0.952 1.000 0.945 0.951 0.953 0.911 0.956 0.908 0.908 0.907 0.946 0.954 0.950 0.897 0.901 0.932 0.922 0.929 0.879 0.891 0.861 0.864 0.858 0.872 0.858 0.921 0.890 0.880 0.892 0.889 0.876 0.888 0.869 0.878 0.894 0.861 0.884 0.881 0.857 0.936 0.894 0.912 0.888 0.880 0.884 0.752 0.799 0.814 0.842 0.911 0.780 0.769 0.793 0.895 0.890 0.842  
0.925 0.945 0.961 0.915 0.948 0.970 0.941 0.938 0.959 0.955 0.963 0.955 0.945 0.950 0.949 0.961 0.942 0.942 0.968 0.954 0.946 1.000 0.954 0.949 0.926 0.951 0.922 0.905 0.925 0.959 0.951 0.944 0.890 0.888 0.931 0.914 0.928 0.876 0.892 0.869 0.873 0.854 0.879 0.868 0.915 0.893 0.883 0.905 0.887 0.890 0.885 0.857 0.889 0.902 0.874 0.882 0.888 0.870 0.933 0.888 0.903 0.893 0.880 0.873 0.742 0.792 0.809 0.844 0.913 0.780 0.771 0.793 0.900 0.892 0.839  
0.951 0.969 0.971 0.927 0.969 0.956 0.952 0.936 0.972 0.981 0.951 0.967 0.941 0.970 0.969 0.970 0.968 0.934 0.953 0.978 0.953 0.956 1.000 0.965 0.918 0.964 0.915 0.921 0.912 0.946 0.966 0.962 0.902 0.901 0.951 0.929 0.926 0.883 0.900 0.860 0.866 0.865 0.874 0.860 0.926 0.882 0.877 0.895 0.888 0.880 0.889 0.866 0.879 0.918 0.864 0.885 0.878 0.862 0.939 0.887 0.913 0.903 0.879 0.888 0.746 0.798 0.811 0.853 0.923 0.781 0.773 0.798 0.886 0.906 0.843  
0.941 0.971 0.963 0.916 0.958 0.943 0.944 0.930 0.966 0.967 0.936 0.967 0.925 0.959 0.954 0.958 0.947 0.928 0.940 0.962 0.951 0.948 0.962 1.000 0.911 0.969 0.907 0.908 0.907 0.938 0.986 0.951 0.898 0.892 0.933 0.926 0.928 0.877 0.891 0.859 0.863 0.863 0.873 0.856 0.926 0.884 0.874 0.893 0.885 0.875 0.888 0.864 0.879 0.905 0.858 0.882 0.877 0.858 0.930 0.885 0.906 0.898 0.873 0.883 0.741 0.794 0.810 0.845 0.912 0.781 0.767 0.796 0.886 0.900 0.837  
0.905 0.922 0.918 0.912 0.929 0.931 0.919 0.925 0.929 0.931 0.927 0.918 0.924 0.930 0.930 0.926 0.923 0.925 0.928 0.926 0.918 0.932 0.924 0.919 1.000 0.922 0.992 0.946 0.980 0.929 0.920 0.920 0.923 0.891 0.907 0.951 0.905 0.878 0.885 0.871 0.893 0.864 0.899 0.890 0.942 0.905 0.895 0.906 0.905 0.908 0.896 0.873 0.882 0.901 0.894 0.895 0.901 0.893 0.902 0.904 0.916 0.891 0.894 0.883 0.733 0.771 0.801 0.837 0.930 0.759 0.781 0.801 0.904 0.896 0.818  
0.946 0.971 0.964 0.918 0.959 0.949 0.948 0.934 0.965 0.969 0.941 0.963 0.933 0.964 0.958 0.960 0.951 0.935 0.945 0.965 0.956 0.951 0.964 0.972 0.916 1.000 0.914 0.915 0.914 0.942 0.964 0.953 0.901 0.904 0.935 0.926 0.933 0.890 0.904 0.860 0.869 0.867 0.872 0.862 0.924 0.887 0.879 0.895 0.891 0.881 0.891 0.869 0.880 0.906 0.866 0.885 0.882 0.862 0.940 0.893 0.910 0.898 0.880 0.893 0.738 0.798 0.815 0.849 0.916 0.779 0.772 0.796 0.889 0.901 0.840  
0.902 0.920 0.915 0.912 0.926 0.928 0.916 0.923 0.926 0.928 0.924 0.916 0.921 0.928 0.928 0.922 0.920 0.923 0.926 0.924 0.915 0.929 0.921 0.916 0.993 0.920 1.000 0.950 0.982 0.926 0.916 0.917 0.926 0.892 0.907 0.949 0.903 0.876 0.885 0.871 0.894 0.864 0.900 0.890 0.942 0.902 0.895 0.904 0.906 0.911 0.897 0.874 0.882 0.900 0.896 0.897 0.900 0.894 0.901 0.901 0.917 0.890 0.893 0.882 0.730 0.768 0.800 0.837 0.930 0.756 0.780 0.802 0.902 0.896 0.817  
0.905 0.925 0.927 0.905 0.922 0.917 0.910 0.900 0.922 0.924 0.911 0.920 0.912 0.923 0.926 0.926 0.931 0.898 0.913 0.921 0.915 0.913 0.928 0.917 0.947 0.922 0.950 1.000 0.949 0.905 0.918 0.928 0.947 0.894 0.921 0.957 0.899 0.887 0.894 0.859 0.876 0.872 0.879 0.869 0.950 0.883 0.876 0.878 0.900 0.887 0.893 0.874 0.868 0.914 0.870 0.893 0.881 0.870 0.895 0.892 0.924 0.897 0.879 0.888 0.721 0.771 0.807 0.848 0.919 0.747 0.780 0.796 0.884 0.904 0.816  
0.900 0.916 0.915 0.911 0.924 0.926 0.915 0.925 0.924 0.926 0.922 0.911 0.920 0.926 0.929 0.918 0.915 0.922 0.924 0.925 0.913 0.930 0.916 0.914 0.978 0.919 0.980 0.946 1.000 0.924 0.912 0.915 0.926 0.889 0.906 0.947 0.904 0.879 0.886 0.872 0.891 0.861 0.895 0.889 0.949 0.905 0.895 0.902 0.905 0.907 0.896 0.872 0.885 0.901 0.892 0.895 0.900 0.891 0.900 0.899 0.915 0.892 0.888 0.879 0.728 0.772 0.799 0.836 0.927 0.758 0.784 0.806 0.905 0.899 0.813  
0.919 0.934 0.951 0.925 0.966 0.980 0.971 0.949 0.948 0.957 0.981 0.943 0.949 0.956 0.948 0.967 0.959 0.937 0.982 0.947 0.947 0.959 0.946 0.940 0.923 0.942 0.920 0.898 0.919 1.000 0.946 0.937 0.892 0.898 0.939 0.910 0.938 0.874 0.893 0.864 0.869 0.846 0.875 0.864 0.905 0.895 0.891 0.895 0.880 0.887 0.876 0.861 0.879 0.897 0.877 0.875 0.894 0.877 0.927 0.890 0.910 0.895 0.887 0.883 0.746 0.781 0.805 0.847 0.907 0.769 0.763 0.789 0.902 0.895 0.825  
0.937 0.963 0.963 0.915 0.960 0.950 0.950 0.931 0.966 0.971 0.943 0.967 0.928 0.961 0.952 0.965 0.949 0.923 0.946 0.961 0.953 0.950 0.964 0.986 0.912 0.962 0.907 0.909 0.906 0.944 1.000 0.945 0.898 0.893 0.934 0.927 0.927 0.876 0.890 0.859 0.862 0.861 0.871 0.855 0.924 0.882 0.872 0.892 0.884 0.874 0.887 0.862 0.879 0.904 0.857 0.881 0.876 0.856 0.928 0.883 0.906 0.900 0.870 0.880 0.741 0.794 0.807 0.847 0.913 0.777 0.766 0.797 0.885 0.900 0.838  
0.941 0.957 0.959 0.928 0.954 0.948 0.941 0.927 0.958 0.958 0.937 0.955 0.934 0.957 0.951 0.958 0.956 0.930 0.943 0.957 0.949 0.943 0.960 0.952 0.913 0.952 0.909 0.920 0.909 0.936 0.945 1.000 0.898 0.894 0.945 0.926 0.924 0.882 0.895 0.857 0.864 0.867 0.869 0.857 0.922 0.883 0.876 0.892 0.888 0.877 0.888 0.869 0.876 0.916 0.862 0.883 0.877 0.860 0.934 0.888 0.910 0.900 0.877 0.885 0.736 0.791 0.815 0.856 0.916 0.780 0.764 0.792 0.888 0.903 0.834  
0.882 0.906 0.905 0.891 0.904 0.899 0.900 0.893 0.905 0.906 0.895 0.900 0.897 0.907 0.911 0.901 0.908 0.893 0.893 0.902 0.900 0.892 0.903 0.902 0.918 0.903 0.921 0.942 0.923 0.894 0.901 0.901 1.000 0.888 0.901 0.947 0.892 0.866 0.891 0.845 0.868 0.858 0.874 0.858 0.939 0.868 0.877 0.870 0.881 0.880 0.870 0.865 0.854 0.888 0.869 0.872 0.876 0.869 0.889 0.885 0.934 0.871 0.885 0.877 0.715 0.756 0.789 0.828 0.893 0.740 0.775 0.791 0.873 0.884 0.801  
0.880 0.899 0.898 0.921 0.909 0.899 0.906 0.903 0.900 0.903 0.906 0.903 0.900 0.907 0.904 0.904 0.914 0.881 0.902 0.895 0.902 0.889 0.901 0.894 0.886 0.905 0.886 0.888 0.885 0.898 0.895 0.896 0.887 1.000 0.912 0.896 0.894 0.947 0.935 0.841 0.861 0.853 0.854 0.848 0.885 0.887 0.883 0.858 0.870 0.862 0.857 0.872 0.840 0.926 0.866 0.859 0.896 0.873 0.891 0.894 0.911 0.918 0.884 0.903 0.706 0.745 0.794 0.848 0.886 0.725 0.737 0.767 0.884 0.916 0.788  
0.925 0.948 0.952 0.940 0.955 0.941 0.946 0.939 0.938 0.950 0.949 0.935 0.933 0.947 0.953 0.955 0.969 0.913 0.949 0.949 0.933 0.932 0.950 0.936 0.902 0.935 0.900 0.914 0.901 0.939 0.936 0.947 0.899 0.912 1.000 0.917 0.944 0.902 0.918 0.847 0.858 0.855 0.859 0.848 0.913 0.889 0.884 0.868 0.871 0.866 0.866 0.868 0.853 0.938 0.863 0.865 0.890 0.864 0.920 0.896 0.927 0.922 0.891 0.899 0.734 0.781 0.817 0.867 0.903 0.759 0.763 0.787 0.890 0.933 0.815  
0.908 0.931 0.928 0.913 0.931 0.921 0.917 0.912 0.933 0.933 0.912 0.928 0.920 0.932 0.932 0.930 0.929 0.905 0.915 0.930 0.925 0.917 0.931 0.930 0.947 0.928 0.944 0.952 0.945 0.912 0.931 0.929 0.948 0.897 0.919 1.000 0.908 0.883 0.895 0.858 0.878 0.871 0.877 0.868 0.968 0.890 0.883 0.886 0.897 0.885 0.891 0.873 0.870 0.912 0.870 0.891 0.886 0.869 0.902 0.900 0.943 0.894 0.887 0.889 0.730 0.773 0.806 0.843 0.917 0.755 0.781 0.801 0.895 0.904 0.826  
0.908 0.926 0.934 0.913 0.944 0.936 0.941 0.942 0.927 0.935 0.942 0.925 0.932 0.939 0.928 0.943 0.942 0.910 0.947 0.932 0.929 0.928 0.925 0.930 0.899 0.933 0.896 0.892 0.899 0.938 0.929 0.925 0.890 0.894 0.944 0.905 1.000 0.878 0.911 0.845 0.857 0.846 0.857 0.849 0.904 0.888 0.879 0.876 0.868 0.864 0.860 0.853 0.857 0.900 0.856 0.857 0.884 0.858 0.920 0.897 0.909 0.893 0.886 0.881 0.739 0.779 0.806 0.845 0.888 0.764 0.762 0.787 0.890 0.899 0.813  
0.862 0.881 0.882 0.898 0.885 0.877 0.883 0.881 0.879 0.880 0.877 0.881 0.881 0.885 0.885 0.885 0.891 0.861 0.878 0.877 0.877 0.873 0.880 0.877 0.869 0.887 0.867 0.878 0.872 0.871 0.875 0.881 0.862 0.944 0.899 0.878 0.876 1.000 0.915 0.831 0.849 0.841 0.836 0.839 0.873 0.872 0.861 0.843 0.858 0.847 0.848 0.858 0.831 0.924 0.851 0.849 0.876 0.856 0.874 0.884 0.881 0.930 0.869 0.888 0.686 0.737 0.784 0.838 0.874 0.710 0.723 0.751 0.866 0.913 0.770  
0.885 0.899 0.900 0.921 0.907 0.899 0.903 0.909 0.896 0.900 0.905 0.891 0.899 0.910 0.901 0.904 0.912 0.886 0.905 0.897 0.893 0.893 0.900 0.893 0.879 0.904 0.879 0.887 0.883 0.894 0.893 0.897 0.890 0.935 0.918 0.894 0.912 0.918 1.000 0.842 0.859 0.852 0.851 0.853 0.885 0.885 0.874 0.857 0.865 0.854 0.852 0.858 0.843 0.935 0.858 0.854 0.885 0.860 0.890 0.900 0.899 0.920 0.881 0.887 0.708 0.749 0.794 0.852 0.871 0.737 0.744 0.775 0.883 0.933 0.787  
0.850 0.858 0.858 0.856 0.862 0.868 0.856 0.864 0.869 0.866 0.864 0.867 0.867 0.863 0.859 0.861 0.855 0.877 0.868 0.860 0.864 0.872 0.861 0.863 0.867 0.862 0.867 0.855 0.870 0.866 0.863 0.860 0.846 0.842 0.849 0.858 0.847 0.836 0.844 1.000 0.896 0.846 0.899 0.898 0.862 0.888 0.879 0.885 0.905 0.900 0.910 0.865 0.932 0.853 0.884 0.915 0.875 0.868 0.854 0.868 0.846 0.843 0.859 0.832 0.716 0.746 0.774 0.805 0.872 0.747 0.728 0.767 0.886 0.846 0.790  
0.858 0.868 0.865 0.881 0.876 0.872 0.869 0.877 0.879 0.879 0.872 0.868 0.879 0.874 0.878 0.868 0.869 0.889 0.872 0.874 0.868 0.877 0.869 0.869 0.891 0.873 0.891 0.873 0.891 0.872 0.867 0.869 0.870 0.864 0.861 0.879 0.861 0.854 0.862 0.897 1.000 0.869 0.933 0.942 0.878 0.912 0.914 0.910 0.947 0.936 0.904 0.909 0.900 0.874 0.948 0.917 0.908 0.914 0.862 0.891 0.870 0.857 0.889 0.857 0.705 0.731 0.776 0.813 0.899 0.733 0.730 0.784 0.904 0.870 0.776  
0.857 0.868 0.865 0.858 0.864 0.856 0.855 0.849 0.871 0.871 0.852 0.865 0.852 0.865 0.868 0.863 0.865 0.854 0.853 0.866 0.862 0.858 0.867 0.868 0.861 0.870 0.860 0.869 0.860 0.849 0.865 0.872 0.859 0.856 0.858 0.872 0.850 0.847 0.855 0.847 0.869 1.000 0.874 0.861 0.870 0.864 0.858 0.863 0.890 0.872 0.873 0.866 0.856 0.868 0.857 0.878 0.855 0.856 0.854 0.862 0.864 0.848 0.851 0.847 0.678 0.725 0.771 0.805 0.868 0.721 0.710 0.750 0.856 0.859 0.767  
0.862 0.873 0.871 0.874 0.881 0.881 0.873 0.884 0.887 0.886 0.877 0.875 0.888 0.878 0.884 0.872 0.873 0.903 0.876 0.880 0.876 0.882 0.876 0.878 0.896 0.875 0.896 0.875 0.894 0.878 0.876 0.873 0.875 0.857 0.862 0.878 0.860 0.841 0.854 0.900 0.932 0.874 1.000 0.926 0.881 0.905 0.911 0.915 0.955 0.950 0.925 0.893 0.906 0.864 0.920 0.938 0.902 0.899 0.874 0.876 0.870 0.848 0.880 0.852 0.718 0.740 0.777 0.810 0.891 0.742 0.738 0.782 0.898 0.861 0.786  
0.862 0.862 0.855 0.869 0.864 0.867 0.857 0.870 0.868 0.867 0.867 0.861 0.876 0.864 0.865 0.858 0.860 0.882 0.868 0.863 0.862 0.872 0.862 0.861 0.887 0.865 0.887 0.866 0.888 0.867 0.860 0.861 0.860 0.851 0.852 0.869 0.853 0.845 0.856 0.900 0.942 0.862 0.926 1.000 0.872 0.907 0.898 0.908 0.928 0.922 0.891 0.887 0.888 0.865 0.924 0.902 0.894 0.904 0.855 0.882 0.856 0.850 0.874 0.848 0.705 0.728 0.772 0.808 0.885 0.735 0.732 0.778 0.902 0.860 0.769  
0.903 0.928 0.930 0.908 0.925 0.917 0.915 0.905 0.931 0.929 0.907 0.929 0.912 0.926 0.930 0.923 0.921 0.903 0.911 0.931 0.923 0.917 0.927 0.930 0.937 0.926 0.937 0.944 0.947 0.907 0.927 0.925 0.939 0.887 0.914 0.967 0.906 0.877 0.886 0.861 0.876 0.868 0.880 0.870 1.000 0.885 0.876 0.884 0.901 0.888 0.897 0.872 0.874 0.906 0.867 0.895 0.878 0.865 0.905 0.893 0.930 0.890 0.878 0.880 0.724 0.776 0.803 0.838 0.912 0.759 0.788 0.808 0.892 0.899 0.821  
0.874 0.882 0.879 0.916 0.898 0.890 0.889 0.911 0.894 0.892 0.899 0.884 0.910 0.891 0.888 0.888 0.893 0.898 0.899 0.887 0.890 0.892 0.881 0.885 0.898 0.886 0.895 0.876 0.900 0.894 0.883 0.884 0.866 0.886 0.889 0.887 0.888 0.874 0.884 0.886 0.908 0.860 0.901 0.903 0.883 1.000 0.963 0.903 0.905 0.898 0.884 0.898 0.884 0.896 0.897 0.888 0.962 0.902 0.869 0.936 0.894 0.875 0.916 0.889 0.732 0.751 0.806 0.837 0.899 0.744 0.742 0.774 0.966 0.894 0.791  
0.869 0.877 0.878 0.910 0.894 0.887 0.888 0.905 0.889 0.889 0.896 0.878 0.904 0.887 0.889 0.883 0.891 0.900 0.893 0.883 0.883 0.885 0.878 0.878 0.891 0.880 0.890 0.871 0.892 0.893 0.876 0.879 0.877 0.884 0.885 0.882 0.881 0.865 0.875 0.879 0.912 0.857 0.909 0.896 0.876 0.965 1.000 0.903 0.902 0.913 0.880 0.902 0.876 0.886 0.916 0.887 0.958 0.916 0.873 0.923 0.899 0.865 0.925 0.894 0.728 0.744 0.799 0.833 0.897 0.739 0.738 0.772 0.963 0.883 0.784  
0.880 0.891 0.891 0.875 0.896 0.899 0.888 0.892 0.909 0.904 0.894 0.898 0.900 0.897 0.899 0.889 0.884 0.921 0.894 0.898 0.894 0.906 0.895 0.896 0.901 0.896 0.898 0.872 0.899 0.896 0.894 0.894 0.869 0.859 0.869 0.885 0.877 0.846 0.857 0.884 0.908 0.861 0.912 0.906 0.883 0.905 0.902 1.000 0.911 0.924 0.902 0.870 0.912 0.862 0.898 0.906 0.901 0.884 0.893 0.890 0.875 0.850 0.890 0.856 0.729 0.763 0.790 0.811 0.914 0.773 0.746 0.786 0.897 0.861 0.808  
0.873 0.884 0.884 0.881 0.892 0.887 0.887 0.881 0.902 0.896 0.878 0.891 0.894 0.893 0.892 0.884 0.881 0.898 0.880 0.891 0.889 0.887 0.887 0.887 0.899 0.891 0.899 0.893 0.901 0.880 0.886 0.889 0.879 0.869 0.871 0.895 0.868 0.860 0.864 0.902 0.944 0.887 0.951 0.925 0.899 0.906 0.901 0.909 1.000 0.942 0.933 0.910 0.912 0.877 0.917 0.945 0.897 0.892 0.884 0.890 0.880 0.863 0.879 0.864 0.717 0.746 0.790 0.820 0.899 0.744 0.742 0.779 0.896 0.874 0.794  
0.870 0.881 0.880 0.877 0.886 0.888 0.880 0.882 0.896 0.893 0.887 0.883 0.888 0.886 0.893 0.878 0.879 0.909 0.886 0.888 0.880 0.893 0.883 0.881 0.905 0.884 0.907 0.883 0.906 0.890 0.879 0.881 0.881 0.865 0.869 0.886 0.867 0.852 0.856 0.901 0.936 0.872 0.950 0.921 0.889 0.902 0.915 0.926 0.945 1.000 0.923 0.903 0.909 0.869 0.949 0.937 0.913 0.921 0.887 0.882 0.880 0.854 0.895 0.866 0.716 0.742 0.781 0.814 0.913 0.747 0.743 0.782 0.892 0.865 0.787  
0.874 0.885 0.887 0.875 0.893 0.884 0.885 0.873 0.907 0.898 0.874 0.898 0.878 0.893 0.892 0.887 0.880 0.890 0.877 0.893 0.890 0.886 0.889 0.891 0.891 0.892 0.891 0.888 0.893 0.877 0.890 0.890 0.870 0.858 0.867 0.890 0.861 0.852 0.852 0.909 0.902 0.871 0.922 0.889 0.896 0.886 0.879 0.902 0.934 0.921 1.000 0.882 0.943 0.864 0.884 0.954 0.876 0.866 0.880 0.875 0.869 0.854 0.863 0.852 0.720 0.759 0.787 0.814 0.900 0.755 0.744 0.783 0.879 0.862 0.804  
0.860 0.869 0.868 0.887 0.880 0.864 0.878 0.866 0.881 0.880 0.863 0.870 0.872 0.876 0.881 0.870 0.876 0.869 0.862 0.874 0.873 0.860 0.868 0.869 0.870 0.872 0.871 0.870 0.871 0.864 0.867 0.873 0.867 0.875 0.871 0.874 0.856 0.864 0.861 0.866 0.909 0.866 0.894 0.887 0.873 0.902 0.904 0.872 0.914 0.904 0.885 1.000 0.857 0.886 0.916 0.889 0.904 0.922 0.868 0.884 0.883 0.867 0.884 0.879 0.696 0.725 0.780 0.830 0.880 0.718 0.720 0.761 0.887 0.880 0.768  
0.863 0.873 0.875 0.858 0.880 0.882 0.871 0.873 0.892 0.886 0.875 0.885 0.875 0.880 0.878 0.875 0.866 0.894 0.879 0.880 0.878 0.889 0.877 0.881 0.875 0.880 0.875 0.861 0.880 0.878 0.881 0.877 0.852 0.839 0.852 0.868 0.857 0.833 0.842 0.930 0.896 0.852 0.902 0.884 0.872 0.885 0.874 0.911 0.911 0.905 0.942 0.854 1.000 0.847 0.872 0.929 0.871 0.854 0.871 0.864 0.851 0.840 0.859 0.829 0.724 0.764 0.780 0.801 0.887 0.766 0.737 0.778 0.880 0.845 0.807  
0.892 0.914 0.909 0.935 0.911 0.898 0.899 0.905 0.900 0.910 0.902 0.897 0.904 0.905 0.917 0.915 0.924 0.888 0.904 0.910 0.892 0.900 0.914 0.905 0.892 0.903 0.891 0.904 0.894 0.894 0.903 0.914 0.883 0.923 0.935 0.907 0.898 0.924 0.932 0.849 0.868 0.862 0.858 0.859 0.902 0.894 0.881 0.859 0.875 0.864 0.860 0.880 0.845 1.000 0.870 0.864 0.893 0.876 0.886 0.896 0.908 0.949 0.877 0.898 0.703 0.752 0.800 0.865 0.898 0.731 0.739 0.772 0.892 0.964 0.791  
0.857 0.867 0.864 0.882 0.874 0.874 0.870 0.876 0.877 0.877 0.877 0.864 0.879 0.871 0.881 0.865 0.871 0.894 0.875 0.872 0.864 0.877 0.866 0.863 0.891 0.869 0.892 0.866 0.890 0.879 0.861 0.866 0.870 0.868 0.865 0.870 0.859 0.856 0.860 0.884 0.947 0.856 0.919 0.923 0.868 0.901 0.917 0.900 0.920 0.949 0.886 0.915 0.875 0.876 1.000 0.900 0.913 0.951 0.874 0.879 0.874 0.858 0.896 0.872 0.703 0.725 0.772 0.815 0.898 0.727 0.727 0.780 0.894 0.871 0.768  
0.871 0.881 0.882 0.877 0.887 0.882 0.880 0.873 0.898 0.894 0.873 0.889 0.875 0.888 0.888 0.880 0.877 0.889 0.875 0.888 0.885 0.882 0.884 0.884 0.889 0.884 0.890 0.886 0.891 0.875 0.882 0.884 0.870 0.859 0.865 0.889 0.857 0.851 0.853 0.912 0.913 0.874 0.935 0.899 0.893 0.888 0.886 0.905 0.945 0.934 0.952 0.886 0.929 0.866 0.898 1.000 0.882 0.877 0.874 0.876 0.868 0.856 0.868 0.853 0.717 0.753 0.789 0.814 0.900 0.748 0.740 0.780 0.881 0.864 0.796  
0.874 0.883 0.881 0.919 0.899 0.893 0.893 0.912 0.892 0.893 0.901 0.881 0.912 0.891 0.895 0.888 0.897 0.904 0.898 0.887 0.885 0.892 0.881 0.883 0.899 0.885 0.897 0.877 0.899 0.898 0.881 0.882 0.878 0.899 0.894 0.888 0.888 0.882 0.888 0.877 0.908 0.855 0.903 0.894 0.880 0.967 0.960 0.903 0.901 0.913 0.878 0.904 0.875 0.899 0.914 0.886 1.000 0.917 0.875 0.938 0.907 0.878 0.936 0.906 0.730 0.745 0.805 0.843 0.902 0.740 0.740 0.770 0.942 0.896 0.788  
0.857 0.866 0.863 0.888 0.873 0.874 0.870 0.879 0.871 0.875 0.880 0.863 0.877 0.869 0.878 0.865 0.876 0.884 0.877 0.868 0.862 0.875 0.866 0.864 0.892 0.866 0.891 0.867 0.891 0.881 0.862 0.865 0.871 0.877 0.868 0.871 0.862 0.863 0.863 0.870 0.915 0.857 0.900 0.905 0.867 0.906 0.918 0.887 0.897 0.922 0.869 0.923 0.859 0.883 0.952 0.881 0.918 1.000 0.866 0.885 0.881 0.864 0.897 0.881 0.698 0.721 0.774 0.822 0.891 0.720 0.726 0.770 0.895 0.877 0.762  
0.913 0.933 0.943 0.897 0.930 0.932 0.939 0.912 0.936 0.940 0.922 0.935 0.920 0.937 0.940 0.927 0.925 0.930 0.922 0.937 0.935 0.932 0.937 0.931 0.895 0.939 0.893 0.886 0.894 0.925 0.928 0.934 0.886 0.889 0.918 0.898 0.919 0.875 0.888 0.850 0.858 0.850 0.870 0.850 0.901 0.868 0.870 0.890 0.882 0.882 0.878 0.863 0.870 0.887 0.869 0.873 0.870 0.861 1.000 0.881 0.898 0.880 0.878 0.875 0.729 0.779 0.792 0.829 0.901 0.771 0.754 0.783 0.871 0.880 0.818  
0.875 0.888 0.887 0.914 0.902 0.894 0.897 0.903 0.898 0.893 0.894 0.889 0.908 0.900 0.894 0.893 0.898 0.887 0.895 0.891 0.895 0.889 0.887 0.888 0.898 0.893 0.895 0.886 0.895 0.891 0.885 0.889 0.884 0.894 0.896 0.898 0.897 0.887 0.899 0.866 0.888 0.860 0.873 0.879 0.892 0.937 0.922 0.890 0.890 0.879 0.874 0.881 0.865 0.899 0.877 0.876 0.935 0.881 0.883 1.000 0.910 0.878 0.945 0.903 0.733 0.754 0.811 0.837 0.901 0.745 0.742 0.768 0.923 0.896 0.795  
0.894 0.916 0.915 0.919 0.925 0.916 0.922 0.912 0.917 0.919 0.917 0.914 0.922 0.922 0.922 0.918 0.930 0.898 0.915 0.915 0.916 0.906 0.916 0.912 0.913 0.913 0.913 0.920 0.914 0.913 0.912 0.914 0.935 0.914 0.930 0.944 0.913 0.887 0.902 0.847 0.870 0.864 0.871 0.856 0.932 0.898 0.901 0.877 0.883 0.880 0.871 0.883 0.854 0.914 0.874 0.872 0.907 0.880 0.903 0.913 1.000 0.895 0.911 0.903 0.727 0.763 0.811 0.848 0.903 0.744 0.765 0.780 0.900 0.908 0.810  
0.886 0.903 0.899 0.913 0.907 0.890 0.898 0.898 0.895 0.907 0.893 0.893 0.883 0.901 0.911 0.905 0.909 0.880 0.895 0.904 0.886 0.891 0.899 0.897 0.882 0.894 0.880 0.887 0.885 0.891 0.898 0.898 0.867 0.914 0.918 0.888 0.890 0.929 0.916 0.838 0.850 0.842 0.842 0.844 0.885 0.873 0.861 0.846 0.860 0.848 0.850 0.860 0.838 0.949 0.852 0.853 0.872 0.857 0.878 0.875 0.888 1.000 0.864 0.874 0.691 0.742 0.789 0.858 0.884 0.719 0.728 0.762 0.871 0.943 0.779  
0.874 0.883 0.880 0.899 0.898 0.887 0.893 0.899 0.889 0.889 0.893 0.880 0.901 0.893 0.894 0.886 0.897 0.889 0.890 0.886 0.884 0.884 0.882 0.878 0.892 0.883 0.890 0.876 0.887 0.890 0.875 0.881 0.887 0.887 0.894 0.889 0.890 0.875 0.884 0.861 0.888 0.851 0.880 0.874 0.879 0.920 0.927 0.892 0.882 0.896 0.865 0.884 0.863 0.883 0.897 0.871 0.935 0.896 0.883 0.948 0.912 0.871 1.000 0.901 0.730 0.748 0.813 0.834 0.896 0.741 0.743 0.764 0.904 0.881 0.790  
0.883 0.898 0.900 0.923 0.908 0.894 0.901 0.896 0.902 0.901 0.898 0.901 0.895 0.903 0.903 0.901 0.911 0.884 0.895 0.896 0.895 0.884 0.898 0.896 0.887 0.904 0.886 0.892 0.885 0.894 0.893 0.897 0.886 0.914 0.910 0.898 0.892 0.902 0.897 0.840 0.864 0.854 0.859 0.855 0.889 0.900 0.903 0.865 0.875 0.874 0.862 0.886 0.839 0.912 0.880 0.864 0.914 0.887 0.887 0.913 0.910 0.888 0.909 1.000 0.711 0.751 0.802 0.859 0.896 0.734 0.745 0.765 0.889 0.906 0.784  
0.763 0.757 0.766 0.750 0.776 0.774 0.769 0.777 0.775 0.769 0.773 0.771 0.785 0.773 0.762 0.770 0.769 0.764 0.771 0.763 0.775 0.764 0.768 0.764 0.749 0.760 0.746 0.737 0.746 0.768 0.764 0.758 0.735 0.726 0.755 0.750 0.760 0.708 0.728 0.735 0.723 0.696 0.737 0.723 0.744 0.754 0.748 0.750 0.738 0.734 0.740 0.714 0.745 0.726 0.721 0.738 0.749 0.715 0.752 0.755 0.746 0.714 0.748 0.723 1.000 0.714 0.730 0.727 0.752 0.736 0.705 0.711 0.751 0.722 0.747  
0.801 0.811 0.817 0.779 0.809 0.811 0.802 0.801 0.815 0.813 0.802 0.815 0.805 0.815 0.807 0.813 0.805 0.793 0.807 0.814 0.818 0.809 0.814 0.813 0.782 0.815 0.779 0.782 0.785 0.798 0.813 0.810 0.772 0.761 0.798 0.788 0.796 0.755 0.765 0.761 0.744 0.738 0.753 0.741 0.792 0.768 0.758 0.779 0.762 0.755 0.774 0.738 0.781 0.771 0.738 0.769 0.758 0.733 0.798 0.770 0.776 0.761 0.761 0.759 0.709 1.000 0.762 0.738 0.786 0.765 0.769 0.740 0.770 0.765 0.787  
0.828 0.833 0.828 0.829 0.838 0.829 0.830 0.828 0.832 0.829 0.829 0.829 0.839 0.834 0.830 0.834 0.839 0.816 0.831 0.829 0.833 0.828 0.830 0.831 0.814 0.834 0.812 0.819 0.814 0.823 0.827 0.835 0.805 0.812 0.835 0.822 0.824 0.805 0.811 0.790 0.791 0.786 0.792 0.787 0.820 0.826 0.816 0.807 0.809 0.797 0.804 0.795 0.798 0.821 0.788 0.807 0.820 0.788 0.812 0.830 0.827 0.810 0.828 0.811 0.725 0.763 1.000 0.805 0.819 0.735 0.742 0.749 0.817 0.815 0.818  
0.873 0.874 0.873 0.887 0.874 0.869 0.868 0.873 0.868 0.872 0.871 0.864 0.869 0.870 0.874 0.877 0.881 0.856 0.872 0.872 0.861 0.863 0.871 0.866 0.849 0.868 0.849 0.859 0.851 0.866 0.867 0.876 0.844 0.866 0.885 0.859 0.863 0.859 0.870 0.820 0.828 0.820 0.825 0.823 0.854 0.856 0.849 0.828 0.838 0.829 0.830 0.844 0.819 0.887 0.830 0.832 0.858 0.835 0.849 0.855 0.863 0.880 0.849 0.867 0.721 0.738 0.804 1.000 0.850 0.732 0.741 0.769 0.846 0.878 0.783  
0.906 0.922 0.916 0.906 0.921 0.911 0.913 0.907 0.925 0.928 0.907 0.918 0.904 0.924 0.928 0.915 0.915 0.917 0.908 0.924 0.914 0.915 0.924 0.916 0.926 0.918 0.925 0.914 0.924 0.909 0.916 0.919 0.893 0.888 0.905 0.916 0.890 0.878 0.872 0.872 0.898 0.867 0.890 0.884 0.912 0.901 0.898 0.915 0.901 0.912 0.901 0.879 0.890 0.903 0.897 0.903 0.900 0.888 0.904 0.903 0.902 0.889 0.894 0.887 0.732 0.771 0.802 0.834 1.000 0.764 0.754 0.786 0.895 0.894 0.812  
0.810 0.805 0.809 0.775 0.803 0.804 0.794 0.799 0.817 0.807 0.799 0.814 0.797 0.808 0.804 0.803 0.796 0.807 0.800 0.811 0.810 0.810 0.810 0.812 0.783 0.808 0.779 0.770 0.783 0.798 0.808 0.811 0.766 0.752 0.787 0.782 0.794 0.739 0.765 0.773 0.757 0.745 0.767 0.760 0.786 0.773 0.766 0.801 0.773 0.772 0.782 0.742 0.796 0.761 0.752 0.776 0.765 0.744 0.802 0.773 0.769 0.749 0.766 0.752 0.742 0.777 0.745 0.744 0.791 1.000 0.768 0.766 0.771 0.755 0.780  
0.798 0.803 0.803 0.788 0.803 0.799 0.799 0.800 0.808 0.805 0.797 0.808 0.799 0.805 0.801 0.800 0.798 0.794 0.801 0.804 0.804 0.805 0.806 0.803 0.809 0.806 0.808 0.808 0.815 0.796 0.801 0.798 0.807 0.769 0.797 0.813 0.796 0.757 0.776 0.758 0.759 0.738 0.767 0.761 0.821 0.775 0.769 0.777 0.774 0.773 0.776 0.749 0.769 0.774 0.757 0.773 0.770 0.754 0.788 0.775 0.796 0.763 0.772 0.769 0.714 0.785 0.757 0.757 0.785 0.773 1.000 0.785 0.775 0.770 0.763  
0.805 0.818 0.819 0.817 0.819 0.814 0.810 0.819 0.822 0.824 0.812 0.818 0.813 0.818 0.818 0.815 0.813 0.821 0.814 0.822 0.815 0.815 0.819 0.819 0.817 0.817 0.817 0.811 0.824 0.810 0.820 0.815 0.811 0.787 0.808 0.820 0.808 0.773 0.795 0.786 0.801 0.767 0.801 0.796 0.828 0.795 0.791 0.806 0.799 0.801 0.803 0.778 0.800 0.795 0.798 0.801 0.788 0.786 0.805 0.789 0.798 0.785 0.781 0.776 0.709 0.744 0.751 0.773 0.806 0.757 0.773 1.000 0.801 0.794 0.775  
0.862 0.881 0.883 0.917 0.901 0.895 0.891 0.914 0.898 0.895 0.903 0.887 0.913 0.894 0.890 0.891 0.894 0.905 0.904 0.890 0.893 0.898 0.883 0.885 0.895 0.886 0.893 0.874 0.898 0.899 0.884 0.886 0.869 0.881 0.887 0.890 0.887 0.866 0.880 0.881 0.898 0.851 0.892 0.895 0.887 0.964 0.958 0.893 0.893 0.886 0.875 0.881 0.877 0.892 0.889 0.878 0.935 0.888 0.870 0.919 0.894 0.871 0.898 0.875 0.727 0.751 0.796 0.825 0.890 0.740 0.740 0.778 1.000 0.890 0.795  
0.890 0.910 0.899 0.937 0.913 0.890 0.903 0.905 0.901 0.913 0.894 0.892 0.890 0.910 0.920 0.906 0.916 0.888 0.895 0.912 0.888 0.890 0.903 0.900 0.888 0.899 0.887 0.895 0.893 0.893 0.900 0.902 0.880 0.913 0.931 0.899 0.897 0.914 0.930 0.841 0.865 0.854 0.855 0.855 0.895 0.892 0.879 0.858 0.872 0.859 0.859 0.875 0.843 0.964 0.866 0.863 0.890 0.871 0.879 0.894 0.902 0.944 0.876 0.893 0.699 0.746 0.794 0.857 0.890 0.726 0.736 0.772 0.891 1.000 0.784  
0.831 0.850 0.855 0.819 0.853 0.850 0.843 0.837 0.863 0.859 0.841 0.861 0.853 0.856 0.849 0.855 0.845 0.840 0.844 0.855 0.857 0.854 0.857 0.853 0.826 0.854 0.825 0.823 0.823 0.839 0.854 0.850 0.813 0.801 0.829 0.838 0.827 0.785 0.800 0.802 0.787 0.778 0.796 0.779 0.834 0.805 0.796 0.821 0.808 0.798 0.817 0.778 0.821 0.807 0.779 0.810 0.798 0.772 0.833 0.808 0.821 0.796 0.801 0.788 0.738 0.783 0.813 0.779 0.824 0.765 0.743 0.768 0.811 0.800 1.000  
