1.000 0.981 0.923 0.944 0.941 0.961 0.951 0.930 0.939 0.945 0.961 0.947 0.957 0.945 0.953 0.946 0.913 0.930 0.926 0.964 0.928 0.923 0.957 0.938 0.940 0.933 0.932 0.941 0.937 0.889 0.896 0.885 0.944 0.884 0.934 0.877 0.897 0.950 0.884 0.907 0.883 0.831 0.880 0.872 0.874 0.906 0.906 0.879 0.870 0.904 0.862 0.873 0.866 0.878 0.744 0.930 0.907 0.870 0.854 0.844 0.808 0.841 0.845 0.849 0.841 0.882 0.872 0.870 0.856 0.867 0.856 0.852 0.833 0.844 0.879 0.847 0.886 0.865 0.889 0.732 0.789 0.811 0.845 0.900 0.754 0.734 0.771 0.820  
0.980 1.000 0.923 0.945 0.936 0.958 0.945 0.930 0.936 0.943 0.965 0.940 0.958 0.946 0.951 0.950 0.906 0.930 0.927 0.962 0.929 0.926 0.951 0.942 0.934 0.935 0.934 0.944 0.941 0.890 0.900 0.886 0.942 0.886 0.937 0.877 0.899 0.948 0.885 0.903 0.886 0.830 0.886 0.876 0.875 0.904 0.906 0.883 0.870 0.904 0.859 0.871 0.866 0.879 0.743 0.930 0.912 0.873 0.855 0.844 0.806 0.843 0.846 0.848 0.842 0.886 0.873 0.872 0.854 0.869 0.855 0.855 0.834 0.842 0.879 0.845 0.890 0.864 0.886 0.730 0.789 0.813 0.847 0.898 0.756 0.734 0.773 0.820  
0.922 0.923 1.000 0.951 0.890 0.911 0.899 0.874 0.889 0.915 0.912 0.908 0.918 0.892 0.917 0.889 0.894 0.904 0.887 0.907 0.895 0.905 0.921 0.903 0.887 0.906 0.947 0.914 0.911 0.859 0.860 0.856 0.924 0.856 0.884 0.846 0.852 0.899 0.843 0.892 0.851 0.806 0.851 0.834 0.845 0.863 0.867 0.848 0.823 0.869 0.821 0.838 0.825 0.858 0.726 0.882 0.876 0.846 0.824 0.813 0.782 0.836 0.836 0.838 0.845 0.865 0.854 0.863 0.848 0.859 0.845 0.847 0.862 0.835 0.857 0.835 0.860 0.847 0.859 0.721 0.766 0.805 0.838 0.886 0.760 0.724 0.764 0.797  
0.945 0.947 0.953 1.000 0.911 0.936 0.920 0.897 0.912 0.941 0.934 0.939 0.948 0.913 0.947 0.909 0.922 0.925 0.914 0.934 0.921 0.924 0.946 0.925 0.909 0.937 0.967 0.946 0.938 0.881 0.887 0.878 0.948 0.880 0.905 0.872 0.879 0.925 0.870 0.919 0.878 0.829 0.871 0.859 0.872 0.890 0.895 0.872 0.845 0.896 0.840 0.863 0.848 0.884 0.743 0.903 0.903 0.871 0.842 0.832 0.791 0.842 0.845 0.848 0.841 0.870 0.858 0.872 0.856 0.868 0.850 0.854 0.836 0.841 0.864 0.842 0.871 0.851 0.872 0.713 0.777 0.806 0.837 0.900 0.756 0.733 0.779 0.817  
0.941 0.937 0.891 0.910 1.000 0.966 0.955 0.962 0.945 0.945 0.964 0.946 0.951 0.974 0.950 0.972 0.936 0.928 0.911 0.951 0.964 0.919 0.946 0.949 0.974 0.941 0.926 0.947 0.941 0.914 0.889 0.911 0.936 0.914 0.946 0.880 0.889 0.935 0.883 0.929 0.909 0.818 0.877 0.883 0.897 0.903 0.889 0.869 0.886 0.888 0.859 0.857 0.850 0.898 0.749 0.944 0.904 0.864 0.840 0.830 0.808 0.841 0.841 0.849 0.838 0.870 0.863 0.857 0.862 0.852 0.830 0.855 0.812 0.847 0.864 0.846 0.867 0.848 0.861 0.723 0.777 0.789 0.824 0.886 0.754 0.740 0.781 0.829  
0.959 0.957 0.910 0.933 0.964 1.000 0.969 0.941 0.952 0.969 0.979 0.972 0.979 0.951 0.980 0.948 0.938 0.938 0.934 0.969 0.941 0.929 0.968 0.956 0.955 0.960 0.944 0.959 0.956 0.908 0.901 0.904 0.952 0.906 0.943 0.890 0.902 0.960 0.897 0.929 0.903 0.835 0.889 0.880 0.886 0.914 0.907 0.891 0.873 0.914 0.865 0.878 0.862 0.888 0.753 0.943 0.920 0.876 0.850 0.840 0.810 0.831 0.842 0.843 0.829 0.869 0.861 0.865 0.853 0.865 0.845 0.848 0.817 0.840 0.870 0.836 0.873 0.854 0.877 0.723 0.779 0.797 0.831 0.892 0.751 0.744 0.784 0.833  
0.949 0.944 0.897 0.917 0.952 0.969 1.000 0.930 0.933 0.952 0.964 0.952 0.964 0.952 0.953 0.955 0.926 0.922 0.927 0.957 0.935 0.920 0.947 0.948 0.964 0.940 0.933 0.952 0.946 0.895 0.887 0.891 0.939 0.893 0.942 0.881 0.904 0.946 0.885 0.930 0.888 0.824 0.891 0.876 0.879 0.909 0.892 0.877 0.868 0.899 0.866 0.870 0.865 0.878 0.745 0.934 0.905 0.866 0.848 0.837 0.799 0.825 0.834 0.838 0.826 0.868 0.861 0.861 0.847 0.854 0.846 0.841 0.806 0.836 0.866 0.836 0.871 0.853 0.866 0.718 0.765 0.789 0.821 0.880 0.742 0.735 0.773 0.820  
0.928 0.929 0.873 0.895 0.960 0.941 0.931 1.000 0.954 0.924 0.940 0.924 0.929 0.961 0.931 0.951 0.931 0.901 0.912 0.938 0.944 0.902 0.931 0.928 0.944 0.922 0.908 0.929 0.921 0.909 0.882 0.906 0.921 0.908 0.943 0.876 0.886 0.922 0.879 0.909 0.913 0.817 0.872 0.902 0.901 0.907 0.888 0.858 0.901 0.883 0.878 0.852 0.851 0.897 0.749 0.956 0.902 0.864 0.842 0.830 0.805 0.845 0.850 0.859 0.849 0.889 0.878 0.859 0.864 0.849 0.830 0.855 0.813 0.852 0.881 0.850 0.878 0.858 0.857 0.731 0.770 0.795 0.820 0.883 0.746 0.739 0.781 0.830  
0.937 0.935 0.888 0.909 0.943 0.952 0.934 0.954 1.000 0.938 0.945 0.941 0.938 0.942 0.940 0.934 0.928 0.914 0.925 0.952 0.933 0.911 0.940 0.937 0.930 0.929 0.921 0.936 0.926 0.899 0.899 0.895 0.934 0.897 0.918 0.882 0.895 0.939 0.890 0.914 0.888 0.827 0.882 0.883 0.879 0.914 0.906 0.872 0.883 0.903 0.871 0.871 0.861 0.884 0.756 0.937 0.912 0.871 0.853 0.843 0.800 0.829 0.847 0.837 0.831 0.874 0.865 0.864 0.852 0.853 0.845 0.840 0.825 0.843 0.874 0.838 0.879 0.863 0.874 0.721 0.769 0.805 0.831 0.883 0.740 0.741 0.778 0.832  
0.942 0.941 0.912 0.938 0.943 0.968 0.952 0.923 0.937 1.000 0.959 0.960 0.977 0.943 0.970 0.936 0.937 0.929 0.928 0.947 0.955 0.943 0.960 0.959 0.939 0.962 0.951 0.959 0.965 0.899 0.895 0.895 0.954 0.897 0.928 0.880 0.890 0.938 0.879 0.928 0.895 0.837 0.881 0.880 0.898 0.899 0.894 0.879 0.868 0.901 0.861 0.866 0.860 0.889 0.754 0.925 0.912 0.883 0.843 0.833 0.801 0.838 0.840 0.851 0.832 0.869 0.857 0.870 0.855 0.872 0.846 0.860 0.825 0.834 0.860 0.833 0.867 0.844 0.860 0.719 0.776 0.791 0.819 0.893 0.761 0.742 0.785 0.842  
0.959 0.964 0.910 0.931 0.962 0.979 0.964 0.939 0.945 0.960 1.000 0.956 0.971 0.960 0.966 0.957 0.924 0.940 0.928 0.967 0.949 0.933 0.966 0.953 0.955 0.955 0.942 0.958 0.959 0.901 0.902 0.896 0.953 0.897 0.942 0.883 0.904 0.955 0.899 0.921 0.899 0.829 0.885 0.877 0.880 0.909 0.911 0.891 0.871 0.910 0.859 0.868 0.857 0.883 0.752 0.937 0.919 0.870 0.851 0.839 0.808 0.832 0.835 0.836 0.827 0.867 0.857 0.861 0.845 0.861 0.841 0.846 0.821 0.832 0.863 0.831 0.869 0.848 0.871 0.718 0.780 0.795 0.835 0.884 0.752 0.739 0.779 0.832  
0.944 0.939 0.906 0.936 0.944 0.972 0.952 0.924 0.940 0.960 0.956 1.000 0.975 0.931 0.977 0.937 0.949 0.939 0.931 0.969 0.937 0.925 0.965 0.938 0.941 0.953 0.945 0.953 0.947 0.908 0.905 0.905 0.944 0.906 0.923 0.897 0.899 0.960 0.894 0.933 0.899 0.837 0.887 0.873 0.889 0.916 0.909 0.891 0.863 0.919 0.862 0.886 0.857 0.895 0.754 0.934 0.919 0.877 0.844 0.839 0.792 0.828 0.843 0.847 0.829 0.863 0.860 0.865 0.860 0.863 0.849 0.846 0.818 0.847 0.870 0.843 0.867 0.854 0.873 0.712 0.771 0.791 0.830 0.897 0.747 0.740 0.782 0.828  
0.955 0.956 0.916 0.944 0.948 0.978 0.964 0.928 0.938 0.977 0.970 0.975 1.000 0.949 0.985 0.948 0.939 0.940 0.940 0.964 0.947 0.938 0.974 0.955 0.950 0.963 0.955 0.968 0.968 0.903 0.900 0.899 0.955 0.902 0.940 0.886 0.902 0.954 0.889 0.930 0.900 0.840 0.891 0.879 0.891 0.907 0.905 0.888 0.869 0.913 0.864 0.876 0.861 0.890 0.755 0.938 0.919 0.880 0.846 0.837 0.802 0.834 0.841 0.847 0.832 0.870 0.859 0.867 0.854 0.866 0.847 0.852 0.823 0.838 0.864 0.838 0.868 0.847 0.868 0.716 0.778 0.791 0.828 0.895 0.754 0.743 0.787 0.835  
0.945 0.947 0.892 0.912 0.973 0.953 0.954 0.962 0.943 0.945 0.962 0.932 0.951 1.000 0.942 0.983 0.927 0.915 0.923 0.954 0.967 0.918 0.941 0.945 0.977 0.934 0.927 0.948 0.943 0.910 0.885 0.906 0.936 0.908 0.956 0.871 0.894 0.936 0.878 0.916 0.901 0.819 0.882 0.891 0.894 0.901 0.891 0.869 0.892 0.889 0.863 0.855 0.853 0.893 0.749 0.948 0.900 0.860 0.842 0.831 0.802 0.844 0.840 0.847 0.842 0.881 0.868 0.854 0.859 0.846 0.831 0.855 0.814 0.847 0.865 0.848 0.868 0.850 0.857 0.722 0.769 0.790 0.822 0.885 0.747 0.740 0.779 0.823  
0.951 0.951 0.915 0.944 0.948 0.980 0.954 0.931 0.940 0.971 0.966 0.977 0.986 0.941 1.000 0.938 0.943 0.942 0.933 0.964 0.946 0.932 0.978 0.949 0.941 0.963 0.951 0.962 0.959 0.906 0.903 0.902 0.951 0.904 0.931 0.890 0.895 0.955 0.889 0.929 0.903 0.837 0.885 0.875 0.889 0.909 0.905 0.890 0.866 0.912 0.860 0.877 0.856 0.892 0.758 0.936 0.920 0.880 0.844 0.834 0.804 0.832 0.840 0.845 0.830 0.864 0.855 0.866 0.856 0.866 0.843 0.851 0.819 0.839 0.863 0.834 0.867 0.847 0.868 0.715 0.778 0.792 0.830 0.894 0.755 0.745 0.788 0.838  
0.946 0.951 0.889 0.907 0.971 0.949 0.957 0.952 0.935 0.938 0.959 0.938 0.950 0.983 0.939 1.000 0.929 0.920 0.922 0.960 0.959 0.913 0.937 0.945 0.978 0.930 0.922 0.944 0.938 0.909 0.885 0.905 0.929 0.905 0.956 0.873 0.898 0.940 0.878 0.915 0.900 0.821 0.883 0.890 0.892 0.901 0.891 0.870 0.892 0.889 0.865 0.860 0.857 0.893 0.746 0.950 0.896 0.858 0.845 0.835 0.801 0.840 0.839 0.849 0.840 0.881 0.872 0.851 0.859 0.844 0.833 0.851 0.812 0.848 0.868 0.851 0.869 0.853 0.861 0.724 0.768 0.786 0.821 0.882 0.748 0.735 0.776 0.819  
0.910 0.905 0.892 0.919 0.934 0.938 0.926 0.930 0.927 0.937 0.924 0.949 0.940 0.925 0.942 0.928 1.000 0.908 0.909 0.927 0.937 0.899 0.933 0.916 0.933 0.930 0.927 0.933 0.923 0.912 0.883 0.908 0.929 0.911 0.911 0.881 0.876 0.921 0.869 0.937 0.899 0.828 0.872 0.886 0.909 0.898 0.885 0.865 0.868 0.891 0.864 0.866 0.847 0.919 0.746 0.927 0.898 0.879 0.830 0.826 0.781 0.844 0.851 0.863 0.846 0.871 0.870 0.872 0.881 0.863 0.840 0.861 0.817 0.866 0.877 0.854 0.860 0.852 0.858 0.709 0.756 0.784 0.812 0.892 0.747 0.732 0.788 0.821  
0.934 0.935 0.907 0.927 0.932 0.944 0.928 0.906 0.919 0.935 0.945 0.945 0.946 0.919 0.947 0.924 0.913 1.000 0.899 0.938 0.924 0.959 0.947 0.927 0.918 0.939 0.928 0.933 0.936 0.882 0.888 0.877 0.930 0.878 0.907 0.874 0.876 0.925 0.873 0.914 0.882 0.818 0.863 0.851 0.864 0.889 0.890 0.870 0.848 0.884 0.838 0.856 0.841 0.873 0.745 0.907 0.898 0.860 0.836 0.827 0.799 0.825 0.830 0.833 0.820 0.852 0.846 0.853 0.845 0.855 0.835 0.841 0.820 0.829 0.854 0.826 0.854 0.840 0.866 0.716 0.771 0.789 0.834 0.877 0.751 0.739 0.778 0.816  
0.922 0.924 0.884 0.909 0.907 0.933 0.926 0.910 0.923 0.927 0.926 0.929 0.939 0.920 0.931 0.919 0.908 0.893 1.000 0.937 0.903 0.893 0.923 0.916 0.913 0.919 0.918 0.923 0.921 0.884 0.883 0.881 0.929 0.885 0.908 0.870 0.914 0.942 0.901 0.893 0.875 0.840 0.912 0.891 0.861 0.904 0.924 0.889 0.869 0.932 0.864 0.901 0.885 0.865 0.743 0.918 0.900 0.862 0.871 0.861 0.775 0.826 0.842 0.834 0.835 0.887 0.875 0.855 0.839 0.846 0.855 0.828 0.805 0.845 0.883 0.848 0.885 0.857 0.889 0.700 0.743 0.788 0.842 0.871 0.720 0.728 0.778 0.801  
0.962 0.962 0.906 0.931 0.949 0.970 0.958 0.938 0.952 0.948 0.968 0.970 0.965 0.953 0.964 0.959 0.928 0.933 0.939 1.000 0.932 0.917 0.964 0.942 0.948 0.947 0.940 0.948 0.943 0.900 0.908 0.897 0.948 0.897 0.936 0.892 0.910 0.970 0.902 0.922 0.893 0.832 0.893 0.877 0.876 0.920 0.919 0.893 0.875 0.920 0.867 0.884 0.863 0.881 0.752 0.944 0.915 0.866 0.856 0.848 0.800 0.825 0.836 0.836 0.826 0.868 0.862 0.855 0.847 0.852 0.845 0.835 0.817 0.838 0.871 0.840 0.871 0.856 0.881 0.717 0.772 0.800 0.838 0.885 0.744 0.740 0.779 0.824  
0.928 0.930 0.895 0.919 0.964 0.943 0.937 0.945 0.935 0.958 0.951 0.939 0.949 0.967 0.948 0.959 0.939 0.920 0.906 0.933 1.000 0.926 0.945 0.944 0.957 0.940 0.930 0.952 0.947 0.916 0.889 0.912 0.935 0.914 0.936 0.875 0.884 0.919 0.872 0.921 0.908 0.822 0.874 0.886 0.904 0.892 0.887 0.867 0.880 0.887 0.854 0.846 0.845 0.905 0.754 0.931 0.902 0.868 0.835 0.822 0.797 0.846 0.842 0.852 0.845 0.875 0.860 0.859 0.864 0.854 0.828 0.864 0.820 0.846 0.860 0.844 0.864 0.844 0.845 0.718 0.772 0.787 0.813 0.892 0.755 0.741 0.780 0.834  
0.926 0.930 0.908 0.926 0.922 0.934 0.925 0.907 0.916 0.949 0.938 0.930 0.943 0.921 0.937 0.917 0.904 0.959 0.900 0.921 0.929 1.000 0.942 0.947 0.916 0.943 0.930 0.949 0.944 0.878 0.881 0.874 0.933 0.877 0.910 0.865 0.881 0.912 0.867 0.911 0.880 0.818 0.860 0.860 0.876 0.884 0.874 0.855 0.851 0.873 0.842 0.845 0.845 0.878 0.742 0.904 0.898 0.865 0.835 0.824 0.805 0.834 0.832 0.838 0.829 0.863 0.851 0.864 0.847 0.866 0.841 0.852 0.825 0.828 0.852 0.826 0.860 0.842 0.859 0.723 0.772 0.794 0.821 0.884 0.761 0.741 0.775 0.822  
0.956 0.951 0.921 0.945 0.945 0.969 0.948 0.932 0.941 0.962 0.967 0.966 0.976 0.941 0.980 0.937 0.934 0.943 0.926 0.965 0.944 0.939 1.000 0.946 0.934 0.962 0.957 0.961 0.960 0.900 0.903 0.896 0.955 0.897 0.924 0.885 0.892 0.948 0.888 0.930 0.896 0.830 0.881 0.870 0.884 0.908 0.907 0.882 0.866 0.906 0.862 0.868 0.853 0.890 0.756 0.930 0.916 0.871 0.849 0.840 0.799 0.830 0.836 0.840 0.827 0.859 0.850 0.860 0.850 0.860 0.838 0.845 0.828 0.832 0.858 0.831 0.862 0.845 0.869 0.716 0.779 0.796 0.829 0.892 0.755 0.744 0.785 0.835  
0.936 0.942 0.902 0.923 0.947 0.956 0.949 0.928 0.937 0.961 0.954 0.939 0.956 0.944 0.950 0.944 0.917 0.923 0.919 0.942 0.943 0.943 0.945 1.000 0.940 0.947 0.937 0.968 0.950 0.896 0.895 0.891 0.945 0.893 0.926 0.884 0.899 0.932 0.884 0.925 0.893 0.826 0.877 0.880 0.888 0.903 0.887 0.868 0.875 0.889 0.862 0.859 0.862 0.882 0.753 0.922 0.912 0.873 0.849 0.837 0.811 0.835 0.834 0.841 0.831 0.871 0.858 0.865 0.847 0.863 0.843 0.849 0.816 0.831 0.858 0.830 0.871 0.847 0.864 0.723 0.781 0.794 0.816 0.887 0.754 0.744 0.779 0.837  
0.940 0.936 0.888 0.908 0.974 0.957 0.966 0.946 0.932 0.942 0.957 0.944 0.953 0.978 0.943 0.979 0.935 0.915 0.917 0.949 0.958 0.913 0.935 0.941 1.000 0.932 0.923 0.944 0.939 0.910 0.879 0.906 0.928 0.907 0.955 0.873 0.891 0.937 0.874 0.920 0.899 0.819 0.881 0.887 0.894 0.898 0.885 0.868 0.881 0.890 0.864 0.860 0.854 0.896 0.744 0.945 0.896 0.858 0.838 0.830 0.799 0.840 0.838 0.848 0.840 0.876 0.869 0.851 0.861 0.845 0.832 0.852 0.807 0.849 0.865 0.852 0.865 0.851 0.857 0.719 0.764 0.783 0.817 0.885 0.747 0.734 0.774 0.817  
0.930 0.934 0.904 0.934 0.939 0.960 0.940 0.921 0.928 0.962 0.954 0.953 0.963 0.932 0.963 0.928 0.930 0.934 0.920 0.946 0.938 0.938 0.961 0.946 0.929 1.000 0.947 0.958 0.980 0.897 0.890 0.893 0.942 0.896 0.921 0.885 0.886 0.933 0.882 0.926 0.901 0.825 0.872 0.870 0.883 0.903 0.893 0.874 0.860 0.894 0.853 0.858 0.852 0.889 0.752 0.919 0.913 0.876 0.840 0.830 0.800 0.832 0.837 0.843 0.827 0.861 0.849 0.861 0.850 0.865 0.836 0.851 0.820 0.831 0.858 0.829 0.861 0.841 0.862 0.717 0.772 0.788 0.819 0.884 0.755 0.742 0.786 0.834  
0.933 0.936 0.949 0.968 0.927 0.947 0.936 0.911 0.924 0.955 0.946 0.948 0.959 0.928 0.955 0.924 0.930 0.926 0.923 0.943 0.932 0.928 0.959 0.939 0.924 0.950 1.000 0.956 0.954 0.887 0.892 0.884 0.958 0.886 0.914 0.877 0.885 0.934 0.875 0.931 0.885 0.828 0.879 0.862 0.876 0.899 0.900 0.879 0.854 0.900 0.853 0.862 0.847 0.882 0.754 0.912 0.909 0.866 0.847 0.836 0.789 0.828 0.830 0.832 0.826 0.855 0.844 0.856 0.840 0.852 0.836 0.841 0.822 0.826 0.848 0.826 0.858 0.840 0.858 0.704 0.772 0.799 0.826 0.886 0.751 0.738 0.783 0.825  
0.938 0.943 0.913 0.943 0.945 0.959 0.952 0.929 0.936 0.960 0.959 0.953 0.969 0.946 0.961 0.942 0.933 0.928 0.925 0.947 0.950 0.944 0.960 0.967 0.942 0.959 0.953 1.000 0.962 0.904 0.898 0.900 0.951 0.903 0.931 0.885 0.904 0.936 0.891 0.939 0.899 0.833 0.889 0.878 0.892 0.906 0.897 0.876 0.867 0.899 0.859 0.866 0.857 0.894 0.754 0.927 0.918 0.876 0.849 0.836 0.801 0.836 0.841 0.843 0.834 0.869 0.857 0.872 0.853 0.868 0.845 0.854 0.823 0.836 0.859 0.835 0.871 0.847 0.868 0.712 0.776 0.793 0.820 0.892 0.752 0.743 0.781 0.835  
0.935 0.940 0.910 0.935 0.939 0.956 0.947 0.920 0.926 0.966 0.959 0.947 0.969 0.941 0.959 0.937 0.924 0.931 0.923 0.943 0.945 0.939 0.959 0.949 0.937 0.980 0.950 0.962 1.000 0.895 0.892 0.892 0.944 0.895 0.928 0.880 0.889 0.931 0.877 0.921 0.898 0.827 0.877 0.870 0.884 0.900 0.891 0.874 0.865 0.894 0.854 0.857 0.854 0.881 0.750 0.921 0.916 0.874 0.842 0.830 0.795 0.830 0.832 0.839 0.827 0.863 0.849 0.857 0.843 0.859 0.835 0.848 0.820 0.825 0.854 0.828 0.861 0.837 0.857 0.712 0.773 0.791 0.820 0.884 0.751 0.738 0.784 0.832  
0.896 0.899 0.867 0.888 0.923 0.918 0.905 0.918 0.908 0.909 0.911 0.919 0.913 0.918 0.916 0.918 0.922 0.886 0.895 0.910 0.924 0.883 0.908 0.905 0.918 0.907 0.894 0.914 0.905 1.000 0.931 0.989 0.903 0.978 0.907 0.908 0.881 0.906 0.868 0.894 0.942 0.829 0.875 0.890 0.906 0.903 0.881 0.864 0.872 0.885 0.860 0.857 0.835 0.909 0.759 0.918 0.939 0.878 0.830 0.820 0.770 0.844 0.856 0.864 0.860 0.877 0.866 0.868 0.881 0.859 0.835 0.856 0.817 0.864 0.871 0.862 0.872 0.852 0.852 0.707 0.752 0.776 0.805 0.904 0.733 0.755 0.794 0.811  
0.904 0.909 0.869 0.894 0.898 0.912 0.898 0.892 0.909 0.906 0.912 0.916 0.911 0.894 0.913 0.894 0.894 0.893 0.894 0.918 0.898 0.886 0.912 0.905 0.888 0.901 0.899 0.909 0.902 0.931 1.000 0.935 0.913 0.935 0.880 0.940 0.893 0.912 0.882 0.880 0.914 0.839 0.877 0.863 0.868 0.914 0.902 0.881 0.847 0.896 0.845 0.873 0.841 0.874 0.766 0.888 0.947 0.882 0.839 0.831 0.765 0.827 0.840 0.841 0.834 0.852 0.842 0.867 0.852 0.859 0.839 0.837 0.822 0.834 0.853 0.833 0.860 0.837 0.861 0.690 0.751 0.787 0.823 0.884 0.717 0.758 0.792 0.811  
0.893 0.894 0.863 0.884 0.918 0.913 0.900 0.915 0.904 0.905 0.906 0.914 0.909 0.914 0.912 0.913 0.918 0.881 0.892 0.906 0.920 0.879 0.904 0.900 0.913 0.903 0.890 0.910 0.901 0.988 0.934 1.000 0.898 0.983 0.903 0.914 0.877 0.903 0.867 0.889 0.940 0.831 0.874 0.888 0.904 0.901 0.883 0.866 0.869 0.883 0.858 0.857 0.834 0.907 0.762 0.914 0.935 0.881 0.830 0.820 0.769 0.844 0.857 0.866 0.861 0.875 0.865 0.869 0.882 0.861 0.835 0.857 0.817 0.865 0.872 0.862 0.869 0.850 0.852 0.705 0.751 0.777 0.808 0.898 0.731 0.758 0.799 0.811  
0.941 0.940 0.922 0.944 0.933 0.952 0.938 0.920 0.934 0.955 0.952 0.943 0.955 0.934 0.950 0.927 0.928 0.925 0.930 0.948 0.933 0.928 0.954 0.944 0.926 0.942 0.954 0.951 0.943 0.893 0.902 0.889 1.000 0.891 0.913 0.880 0.895 0.936 0.885 0.929 0.885 0.833 0.881 0.872 0.884 0.901 0.905 0.877 0.865 0.901 0.856 0.872 0.855 0.883 0.748 0.912 0.914 0.872 0.847 0.836 0.791 0.831 0.834 0.836 0.829 0.863 0.851 0.863 0.843 0.859 0.842 0.844 0.823 0.829 0.854 0.830 0.865 0.840 0.864 0.706 0.770 0.799 0.828 0.886 0.750 0.734 0.780 0.826  
0.891 0.894 0.863 0.885 0.920 0.915 0.901 0.916 0.905 0.906 0.905 0.915 0.911 0.915 0.912 0.912 0.919 0.881 0.895 0.904 0.920 0.880 0.904 0.901 0.913 0.904 0.891 0.911 0.903 0.976 0.933 0.982 0.900 1.000 0.902 0.914 0.876 0.901 0.869 0.888 0.940 0.830 0.873 0.890 0.900 0.901 0.881 0.867 0.869 0.884 0.855 0.859 0.834 0.908 0.764 0.915 0.935 0.882 0.830 0.819 0.770 0.845 0.857 0.862 0.857 0.875 0.863 0.869 0.879 0.861 0.834 0.860 0.814 0.862 0.870 0.860 0.867 0.848 0.852 0.703 0.753 0.780 0.809 0.901 0.732 0.760 0.799 0.812  
0.933 0.937 0.883 0.903 0.945 0.944 0.944 0.944 0.919 0.930 0.943 0.924 0.942 0.956 0.931 0.955 0.912 0.903 0.910 0.937 0.935 0.907 0.924 0.926 0.954 0.923 0.912 0.932 0.929 0.898 0.871 0.894 0.914 0.895 1.000 0.868 0.883 0.928 0.866 0.903 0.902 0.824 0.883 0.887 0.884 0.890 0.882 0.864 0.876 0.891 0.863 0.847 0.849 0.883 0.737 0.957 0.888 0.851 0.836 0.824 0.797 0.834 0.836 0.848 0.839 0.879 0.867 0.847 0.850 0.840 0.825 0.848 0.806 0.838 0.864 0.839 0.868 0.849 0.849 0.724 0.762 0.781 0.813 0.878 0.746 0.736 0.776 0.810  
0.880 0.881 0.849 0.873 0.883 0.895 0.885 0.880 0.886 0.885 0.888 0.902 0.891 0.874 0.894 0.877 0.886 0.874 0.876 0.896 0.878 0.865 0.889 0.888 0.876 0.890 0.878 0.890 0.885 0.903 0.934 0.909 0.885 0.911 0.872 1.000 0.868 0.893 0.862 0.877 0.914 0.820 0.873 0.848 0.861 0.919 0.879 0.854 0.833 0.874 0.834 0.859 0.830 0.862 0.754 0.879 0.934 0.860 0.819 0.820 0.757 0.813 0.831 0.837 0.821 0.836 0.842 0.849 0.849 0.841 0.833 0.826 0.799 0.834 0.851 0.831 0.855 0.846 0.852 0.687 0.735 0.768 0.804 0.857 0.714 0.758 0.792 0.798  
0.898 0.901 0.854 0.879 0.890 0.905 0.907 0.888 0.897 0.894 0.907 0.902 0.905 0.895 0.898 0.899 0.879 0.874 0.918 0.913 0.886 0.879 0.894 0.901 0.892 0.889 0.884 0.907 0.892 0.874 0.886 0.871 0.898 0.871 0.884 0.867 1.000 0.915 0.956 0.875 0.861 0.827 0.922 0.864 0.849 0.898 0.919 0.904 0.839 0.915 0.835 0.875 0.852 0.855 0.724 0.894 0.889 0.846 0.847 0.838 0.756 0.814 0.827 0.817 0.822 0.863 0.850 0.845 0.826 0.831 0.841 0.813 0.796 0.830 0.865 0.837 0.869 0.841 0.872 0.675 0.729 0.770 0.823 0.860 0.700 0.708 0.750 0.782  
0.949 0.948 0.898 0.923 0.934 0.961 0.947 0.923 0.940 0.940 0.956 0.961 0.956 0.936 0.956 0.939 0.922 0.920 0.945 0.971 0.919 0.908 0.948 0.932 0.935 0.934 0.932 0.937 0.932 0.897 0.902 0.895 0.938 0.894 0.928 0.889 0.913 1.000 0.908 0.911 0.888 0.837 0.901 0.879 0.870 0.925 0.925 0.909 0.872 0.935 0.867 0.891 0.866 0.880 0.751 0.937 0.913 0.865 0.857 0.849 0.790 0.826 0.838 0.836 0.829 0.873 0.866 0.858 0.848 0.851 0.851 0.833 0.811 0.843 0.878 0.843 0.877 0.860 0.883 0.709 0.763 0.797 0.845 0.883 0.735 0.738 0.779 0.813  
0.880 0.882 0.840 0.865 0.879 0.895 0.883 0.877 0.887 0.877 0.896 0.892 0.887 0.874 0.887 0.875 0.867 0.866 0.900 0.900 0.868 0.861 0.885 0.881 0.870 0.880 0.870 0.889 0.875 0.856 0.870 0.856 0.883 0.859 0.863 0.856 0.951 0.904 1.000 0.864 0.854 0.820 0.902 0.851 0.835 0.882 0.925 0.932 0.822 0.916 0.818 0.869 0.838 0.846 0.717 0.877 0.878 0.839 0.836 0.826 0.745 0.807 0.822 0.804 0.811 0.846 0.832 0.835 0.817 0.827 0.830 0.806 0.790 0.820 0.851 0.825 0.851 0.824 0.864 0.661 0.721 0.762 0.823 0.843 0.688 0.703 0.744 0.770  
0.906 0.904 0.891 0.917 0.929 0.930 0.931 0.909 0.914 0.929 0.922 0.934 0.931 0.916 0.929 0.915 0.938 0.909 0.895 0.923 0.921 0.907 0.930 0.925 0.919 0.928 0.929 0.940 0.922 0.885 0.871 0.881 0.931 0.880 0.903 0.873 0.874 0.911 0.867 1.000 0.877 0.819 0.865 0.858 0.883 0.892 0.876 0.854 0.849 0.875 0.844 0.857 0.848 0.887 0.733 0.901 0.886 0.856 0.833 0.826 0.780 0.823 0.830 0.836 0.820 0.846 0.845 0.859 0.852 0.849 0.836 0.837 0.805 0.841 0.847 0.832 0.856 0.844 0.852 0.699 0.754 0.776 0.802 0.873 0.738 0.726 0.770 0.812  
0.886 0.891 0.855 0.881 0.913 0.908 0.894 0.918 0.894 0.901 0.905 0.905 0.906 0.905 0.908 0.904 0.905 0.882 0.883 0.899 0.912 0.881 0.900 0.898 0.902 0.908 0.887 0.905 0.903 0.937 0.910 0.937 0.891 0.938 0.906 0.915 0.864 0.893 0.861 0.882 1.000 0.818 0.862 0.881 0.888 0.901 0.873 0.851 0.867 0.873 0.848 0.839 0.828 0.892 0.765 0.914 0.936 0.876 0.826 0.813 0.775 0.842 0.846 0.859 0.849 0.867 0.854 0.862 0.865 0.855 0.822 0.856 0.810 0.843 0.859 0.840 0.863 0.840 0.840 0.706 0.754 0.771 0.799 0.876 0.736 0.764 0.805 0.810  
0.837 0.836 0.812 0.834 0.824 0.842 0.832 0.824 0.834 0.845 0.837 0.845 0.848 0.825 0.844 0.827 0.835 0.821 0.849 0.839 0.828 0.821 0.837 0.833 0.825 0.833 0.833 0.841 0.835 0.828 0.837 0.830 0.841 0.830 0.831 0.823 0.832 0.843 0.830 0.826 0.821 1.000 0.835 0.845 0.819 0.841 0.859 0.833 0.795 0.852 0.802 0.832 0.815 0.827 0.694 0.833 0.841 0.831 0.803 0.798 0.712 0.806 0.827 0.821 0.822 0.835 0.824 0.840 0.817 0.820 0.830 0.802 0.835 0.817 0.821 0.816 0.829 0.804 0.813 0.643 0.697 0.739 0.779 0.821 0.674 0.677 0.730 0.741  
0.880 0.887 0.852 0.870 0.877 0.892 0.894 0.874 0.884 0.884 0.888 0.889 0.894 0.882 0.887 0.884 0.875 0.861 0.916 0.895 0.875 0.858 0.882 0.879 0.881 0.875 0.879 0.891 0.879 0.867 0.870 0.867 0.883 0.868 0.884 0.871 0.922 0.902 0.907 0.867 0.858 0.829 1.000 0.862 0.848 0.882 0.918 0.895 0.826 0.926 0.835 0.867 0.848 0.851 0.721 0.881 0.879 0.840 0.844 0.835 0.747 0.813 0.827 0.817 0.826 0.860 0.844 0.838 0.822 0.822 0.832 0.809 0.795 0.828 0.856 0.831 0.873 0.839 0.859 0.673 0.722 0.763 0.815 0.844 0.703 0.711 0.758 0.770  
0.869 0.875 0.832 0.855 0.881 0.880 0.876 0.901 0.883 0.880 0.876 0.873 0.879 0.889 0.875 0.888 0.886 0.846 0.892 0.876 0.884 0.855 0.868 0.879 0.884 0.870 0.859 0.877 0.869 0.880 0.853 0.879 0.872 0.881 0.886 0.843 0.861 0.877 0.853 0.857 0.875 0.837 0.859 1.000 0.888 0.873 0.868 0.837 0.863 0.872 0.870 0.851 0.858 0.882 0.725 0.902 0.872 0.866 0.842 0.828 0.761 0.869 0.880 0.871 0.882 0.940 0.929 0.871 0.865 0.852 0.861 0.860 0.811 0.873 0.901 0.875 0.894 0.857 0.845 0.700 0.734 0.768 0.796 0.865 0.720 0.708 0.761 0.784  
0.875 0.877 0.847 0.872 0.898 0.889 0.882 0.903 0.882 0.902 0.883 0.892 0.895 0.895 0.892 0.893 0.913 0.862 0.865 0.878 0.905 0.874 0.885 0.890 0.895 0.886 0.876 0.895 0.887 0.899 0.861 0.898 0.888 0.895 0.886 0.859 0.849 0.872 0.840 0.885 0.885 0.815 0.849 0.891 1.000 0.869 0.850 0.828 0.870 0.852 0.862 0.833 0.833 0.916 0.734 0.889 0.883 0.883 0.817 0.809 0.768 0.852 0.864 0.875 0.872 0.876 0.871 0.870 0.889 0.864 0.828 0.877 0.821 0.860 0.865 0.854 0.863 0.847 0.832 0.703 0.752 0.765 0.781 0.892 0.747 0.719 0.774 0.807  
0.909 0.908 0.866 0.892 0.906 0.919 0.914 0.912 0.919 0.904 0.914 0.921 0.912 0.904 0.914 0.905 0.903 0.889 0.911 0.924 0.895 0.884 0.911 0.907 0.900 0.908 0.900 0.910 0.904 0.898 0.908 0.897 0.906 0.897 0.894 0.919 0.900 0.929 0.889 0.895 0.900 0.838 0.884 0.878 0.870 1.000 0.911 0.875 0.860 0.906 0.855 0.881 0.866 0.883 0.747 0.907 0.938 0.864 0.860 0.855 0.775 0.823 0.842 0.838 0.827 0.871 0.872 0.858 0.854 0.847 0.852 0.828 0.807 0.847 0.884 0.848 0.885 0.874 0.881 0.700 0.750 0.794 0.827 0.877 0.722 0.738 0.770 0.804  
0.903 0.905 0.865 0.891 0.887 0.906 0.891 0.887 0.905 0.894 0.910 0.909 0.904 0.889 0.904 0.889 0.884 0.884 0.925 0.918 0.885 0.869 0.905 0.885 0.882 0.892 0.896 0.896 0.890 0.871 0.891 0.873 0.905 0.872 0.880 0.874 0.915 0.923 0.927 0.874 0.866 0.851 0.915 0.868 0.846 0.905 1.000 0.928 0.839 0.957 0.835 0.892 0.858 0.863 0.735 0.891 0.893 0.852 0.858 0.850 0.756 0.823 0.837 0.824 0.829 0.866 0.850 0.849 0.832 0.835 0.851 0.817 0.814 0.838 0.868 0.842 0.869 0.840 0.876 0.676 0.735 0.780 0.844 0.863 0.706 0.715 0.761 0.783  
0.876 0.881 0.846 0.868 0.866 0.889 0.876 0.857 0.870 0.878 0.890 0.890 0.887 0.866 0.888 0.867 0.864 0.864 0.889 0.892 0.864 0.849 0.880 0.866 0.865 0.873 0.875 0.875 0.873 0.854 0.869 0.856 0.877 0.858 0.862 0.849 0.900 0.907 0.933 0.852 0.845 0.825 0.892 0.837 0.824 0.870 0.928 1.000 0.811 0.920 0.811 0.861 0.826 0.836 0.714 0.875 0.866 0.832 0.825 0.815 0.732 0.800 0.810 0.798 0.803 0.832 0.819 0.827 0.808 0.816 0.822 0.800 0.786 0.811 0.836 0.812 0.835 0.812 0.842 0.655 0.715 0.756 0.825 0.840 0.681 0.696 0.743 0.762  
0.873 0.874 0.826 0.847 0.889 0.879 0.873 0.906 0.888 0.873 0.876 0.868 0.875 0.895 0.871 0.896 0.873 0.848 0.875 0.880 0.883 0.852 0.870 0.879 0.884 0.866 0.856 0.872 0.869 0.867 0.842 0.865 0.870 0.866 0.881 0.834 0.841 0.876 0.829 0.853 0.866 0.793 0.829 0.869 0.872 0.860 0.844 0.817 1.000 0.838 0.905 0.833 0.847 0.852 0.732 0.892 0.859 0.835 0.830 0.828 0.773 0.821 0.815 0.830 0.820 0.860 0.850 0.821 0.827 0.815 0.802 0.821 0.777 0.816 0.848 0.818 0.849 0.834 0.830 0.723 0.743 0.795 0.803 0.841 0.722 0.716 0.761 0.818  
0.901 0.902 0.866 0.892 0.885 0.913 0.898 0.881 0.901 0.900 0.909 0.918 0.912 0.887 0.911 0.887 0.890 0.878 0.933 0.918 0.884 0.867 0.904 0.887 0.887 0.894 0.896 0.898 0.893 0.874 0.884 0.873 0.900 0.874 0.889 0.869 0.911 0.933 0.917 0.873 0.867 0.843 0.922 0.872 0.848 0.900 0.957 0.920 0.832 1.000 0.837 0.886 0.861 0.860 0.729 0.897 0.890 0.853 0.857 0.849 0.752 0.819 0.837 0.825 0.829 0.869 0.852 0.849 0.833 0.837 0.849 0.820 0.802 0.838 0.870 0.840 0.871 0.840 0.871 0.676 0.732 0.775 0.832 0.865 0.702 0.712 0.759 0.780  
0.867 0.866 0.827 0.845 0.865 0.873 0.874 0.885 0.879 0.869 0.866 0.869 0.872 0.869 0.867 0.871 0.872 0.840 0.873 0.874 0.860 0.844 0.868 0.869 0.870 0.860 0.857 0.866 0.861 0.858 0.843 0.857 0.864 0.855 0.870 0.837 0.839 0.874 0.828 0.850 0.850 0.802 0.840 0.878 0.867 0.857 0.843 0.819 0.908 0.845 1.000 0.843 0.846 0.848 0.729 0.883 0.859 0.837 0.830 0.831 0.759 0.811 0.820 0.826 0.820 0.857 0.857 0.823 0.825 0.815 0.819 0.808 0.786 0.822 0.853 0.822 0.841 0.835 0.834 0.711 0.734 0.778 0.806 0.845 0.715 0.708 0.756 0.795  
0.880 0.880 0.845 0.869 0.864 0.887 0.879 0.860 0.880 0.876 0.878 0.895 0.886 0.862 0.886 0.868 0.875 0.860 0.912 0.893 0.854 0.850 0.876 0.867 0.867 0.867 0.868 0.875 0.866 0.857 0.872 0.857 0.882 0.860 0.855 0.864 0.882 0.899 0.881 0.865 0.843 0.833 0.873 0.860 0.839 0.885 0.902 0.871 0.837 0.896 0.845 1.000 0.882 0.848 0.725 0.869 0.875 0.848 0.861 0.873 0.737 0.805 0.837 0.824 0.825 0.858 0.861 0.847 0.837 0.830 0.861 0.804 0.795 0.852 0.872 0.853 0.868 0.849 0.898 0.678 0.719 0.770 0.839 0.857 0.694 0.701 0.744 0.764  
0.883 0.884 0.842 0.864 0.866 0.880 0.884 0.869 0.879 0.879 0.876 0.876 0.879 0.869 0.874 0.874 0.865 0.854 0.905 0.881 0.862 0.858 0.870 0.880 0.870 0.870 0.862 0.875 0.872 0.844 0.849 0.843 0.874 0.844 0.866 0.844 0.867 0.883 0.858 0.865 0.841 0.825 0.863 0.877 0.847 0.880 0.877 0.845 0.860 0.880 0.857 0.891 1.000 0.845 0.724 0.871 0.864 0.856 0.905 0.915 0.767 0.824 0.836 0.836 0.829 0.881 0.874 0.850 0.832 0.841 0.854 0.826 0.798 0.832 0.878 0.840 0.882 0.860 0.881 0.701 0.744 0.786 0.827 0.846 0.712 0.707 0.748 0.782  
0.881 0.883 0.861 0.887 0.902 0.894 0.884 0.902 0.889 0.895 0.888 0.900 0.895 0.897 0.897 0.896 0.925 0.873 0.871 0.886 0.908 0.878 0.894 0.886 0.899 0.895 0.884 0.899 0.886 0.905 0.869 0.903 0.889 0.905 0.887 0.862 0.857 0.884 0.853 0.891 0.891 0.824 0.853 0.888 0.918 0.883 0.868 0.842 0.852 0.866 0.845 0.844 0.833 1.000 0.733 0.901 0.885 0.882 0.826 0.814 0.765 0.856 0.873 0.874 0.865 0.879 0.875 0.877 0.902 0.868 0.838 0.872 0.826 0.880 0.875 0.871 0.864 0.857 0.848 0.700 0.751 0.770 0.795 0.917 0.737 0.723 0.772 0.799  
0.778 0.779 0.761 0.777 0.784 0.790 0.782 0.786 0.793 0.792 0.789 0.791 0.792 0.784 0.795 0.781 0.782 0.777 0.780 0.789 0.789 0.775 0.792 0.789 0.779 0.789 0.788 0.791 0.786 0.787 0.795 0.792 0.785 0.795 0.773 0.787 0.757 0.787 0.754 0.768 0.797 0.721 0.754 0.761 0.768 0.780 0.771 0.750 0.763 0.765 0.758 0.753 0.743 0.764 1.000 0.781 0.793 0.770 0.755 0.741 0.782 0.734 0.730 0.735 0.729 0.750 0.742 0.745 0.741 0.750 0.725 0.746 0.713 0.730 0.748 0.725 0.752 0.735 0.746 0.682 0.781 0.738 0.738 0.759 0.734 0.804 0.760 0.766  
0.928 0.929 0.881 0.901 0.942 0.943 0.934 0.956 0.937 0.926 0.937 0.934 0.938 0.947 0.936 0.949 0.927 0.902 0.919 0.943 0.929 0.900 0.929 0.921 0.943 0.920 0.909 0.927 0.921 0.908 0.878 0.905 0.913 0.907 0.956 0.874 0.891 0.936 0.880 0.900 0.908 0.826 0.879 0.902 0.886 0.902 0.892 0.876 0.887 0.898 0.876 0.860 0.853 0.896 0.745 1.000 0.898 0.856 0.841 0.831 0.799 0.842 0.847 0.853 0.844 0.891 0.880 0.854 0.858 0.843 0.834 0.849 0.807 0.851 0.883 0.851 0.876 0.861 0.860 0.729 0.765 0.788 0.826 0.885 0.744 0.737 0.782 0.819  
0.908 0.915 0.879 0.904 0.906 0.924 0.909 0.906 0.916 0.917 0.923 0.923 0.923 0.903 0.924 0.899 0.902 0.897 0.905 0.918 0.905 0.897 0.918 0.916 0.898 0.918 0.910 0.922 0.920 0.932 0.941 0.929 0.919 0.931 0.891 0.933 0.890 0.916 0.884 0.889 0.934 0.837 0.880 0.876 0.884 0.937 0.897 0.871 0.858 0.895 0.855 0.870 0.850 0.884 0.760 0.902 1.000 0.886 0.848 0.836 0.778 0.831 0.845 0.842 0.838 0.865 0.855 0.870 0.853 0.864 0.844 0.844 0.820 0.836 0.864 0.835 0.874 0.851 0.865 0.703 0.758 0.788 0.820 0.887 0.732 0.753 0.791 0.820  
0.869 0.874 0.846 0.870 0.864 0.878 0.868 0.865 0.872 0.885 0.872 0.879 0.881 0.860 0.881 0.857 0.880 0.856 0.865 0.867 0.867 0.862 0.871 0.873 0.857 0.878 0.865 0.877 0.875 0.870 0.873 0.873 0.873 0.875 0.851 0.857 0.845 0.865 0.842 0.856 0.872 0.825 0.839 0.868 0.881 0.861 0.854 0.835 0.831 0.856 0.831 0.840 0.840 0.878 0.736 0.857 0.883 1.000 0.826 0.816 0.758 0.880 0.877 0.900 0.866 0.863 0.856 0.915 0.907 0.928 0.852 0.907 0.840 0.861 0.857 0.843 0.856 0.831 0.835 0.695 0.749 0.773 0.796 0.874 0.725 0.716 0.772 0.793  
0.875 0.878 0.845 0.862 0.861 0.873 0.871 0.865 0.876 0.866 0.874 0.867 0.870 0.864 0.867 0.866 0.853 0.854 0.896 0.879 0.856 0.854 0.872 0.872 0.859 0.864 0.867 0.872 0.865 0.844 0.852 0.844 0.870 0.845 0.858 0.837 0.868 0.879 0.861 0.855 0.843 0.818 0.865 0.865 0.836 0.879 0.882 0.849 0.848 0.881 0.845 0.875 0.911 0.844 0.739 0.864 0.868 0.848 1.000 0.950 0.767 0.820 0.826 0.814 0.822 0.870 0.855 0.838 0.817 0.833 0.840 0.820 0.795 0.819 0.867 0.824 0.878 0.847 0.879 0.699 0.751 0.786 0.832 0.846 0.719 0.711 0.749 0.786  
0.867 0.868 0.836 0.853 0.852 0.865 0.862 0.854 0.868 0.858 0.864 0.863 0.862 0.854 0.859 0.859 0.851 0.846 0.888 0.872 0.845 0.844 0.863 0.861 0.852 0.855 0.857 0.861 0.855 0.835 0.846 0.835 0.861 0.835 0.848 0.840 0.860 0.873 0.853 0.850 0.832 0.814 0.857 0.853 0.830 0.876 0.875 0.841 0.847 0.875 0.848 0.889 0.923 0.834 0.728 0.855 0.857 0.838 0.952 1.000 0.756 0.809 0.821 0.818 0.814 0.857 0.855 0.830 0.818 0.824 0.841 0.808 0.789 0.823 0.865 0.828 0.863 0.847 0.879 0.693 0.738 0.782 0.836 0.831 0.704 0.703 0.741 0.776  
0.831 0.830 0.805 0.813 0.831 0.835 0.823 0.829 0.824 0.827 0.833 0.817 0.827 0.826 0.829 0.824 0.805 0.819 0.800 0.825 0.820 0.826 0.822 0.835 0.822 0.825 0.810 0.826 0.820 0.785 0.780 0.784 0.815 0.787 0.820 0.776 0.777 0.813 0.770 0.803 0.793 0.727 0.767 0.784 0.789 0.795 0.780 0.756 0.792 0.776 0.776 0.751 0.775 0.784 0.768 0.823 0.799 0.780 0.769 0.757 1.000 0.769 0.750 0.760 0.749 0.788 0.775 0.767 0.761 0.778 0.750 0.782 0.734 0.748 0.776 0.747 0.787 0.777 0.774 0.725 0.854 0.771 0.750 0.786 0.775 0.784 0.745 0.795  
0.842 0.846 0.837 0.842 0.843 0.834 0.829 0.848 0.832 0.842 0.835 0.831 0.837 0.845 0.835 0.842 0.847 0.824 0.831 0.828 0.848 0.833 0.832 0.837 0.841 0.835 0.828 0.839 0.833 0.838 0.821 0.839 0.835 0.840 0.836 0.812 0.815 0.828 0.812 0.825 0.840 0.802 0.814 0.873 0.852 0.822 0.826 0.804 0.819 0.823 0.807 0.800 0.810 0.855 0.702 0.845 0.831 0.882 0.801 0.789 0.749 1.000 0.884 0.885 0.894 0.888 0.873 0.896 0.887 0.895 0.852 0.923 0.827 0.876 0.862 0.867 0.858 0.832 0.817 0.699 0.737 0.761 0.793 0.857 0.726 0.692 0.746 0.766  
0.849 0.851 0.841 0.848 0.846 0.848 0.841 0.856 0.853 0.847 0.841 0.850 0.847 0.845 0.847 0.844 0.858 0.831 0.850 0.842 0.848 0.834 0.841 0.840 0.843 0.844 0.833 0.847 0.838 0.853 0.836 0.854 0.841 0.855 0.841 0.833 0.831 0.844 0.830 0.835 0.847 0.826 0.831 0.887 0.868 0.843 0.844 0.818 0.816 0.844 0.819 0.835 0.825 0.874 0.701 0.854 0.848 0.883 0.810 0.803 0.733 0.888 1.000 0.920 0.935 0.905 0.907 0.934 0.924 0.892 0.900 0.890 0.851 0.937 0.894 0.908 0.876 0.861 0.840 0.688 0.721 0.765 0.800 0.874 0.713 0.696 0.757 0.756  
0.854 0.855 0.844 0.853 0.855 0.850 0.845 0.866 0.843 0.859 0.843 0.854 0.855 0.853 0.852 0.855 0.870 0.835 0.843 0.843 0.858 0.841 0.846 0.847 0.853 0.850 0.837 0.851 0.846 0.862 0.838 0.864 0.844 0.862 0.855 0.840 0.821 0.842 0.813 0.843 0.861 0.821 0.821 0.879 0.880 0.841 0.832 0.806 0.833 0.833 0.826 0.823 0.826 0.876 0.707 0.860 0.846 0.906 0.800 0.801 0.744 0.890 0.921 1.000 0.911 0.896 0.900 0.937 0.947 0.917 0.881 0.908 0.856 0.906 0.885 0.893 0.861 0.852 0.831 0.704 0.729 0.763 0.791 0.873 0.723 0.704 0.762 0.765  
0.843 0.845 0.848 0.843 0.840 0.833 0.830 0.853 0.835 0.837 0.831 0.833 0.837 0.845 0.833 0.843 0.850 0.819 0.841 0.830 0.848 0.829 0.830 0.835 0.842 0.831 0.827 0.838 0.830 0.855 0.828 0.856 0.833 0.854 0.842 0.821 0.823 0.832 0.817 0.823 0.848 0.819 0.828 0.887 0.873 0.827 0.834 0.808 0.820 0.834 0.817 0.820 0.816 0.865 0.698 0.848 0.838 0.869 0.804 0.794 0.730 0.895 0.933 0.908 1.000 0.905 0.895 0.911 0.907 0.875 0.875 0.883 0.850 0.916 0.880 0.905 0.872 0.848 0.829 0.692 0.716 0.759 0.792 0.866 0.714 0.692 0.751 0.747  
0.880 0.886 0.863 0.868 0.868 0.870 0.868 0.889 0.874 0.870 0.868 0.863 0.871 0.880 0.864 0.880 0.871 0.847 0.889 0.868 0.873 0.858 0.858 0.871 0.874 0.862 0.852 0.869 0.863 0.868 0.842 0.866 0.863 0.868 0.879 0.832 0.860 0.872 0.848 0.845 0.862 0.827 0.858 0.940 0.873 0.867 0.867 0.833 0.855 0.870 0.850 0.849 0.863 0.874 0.715 0.891 0.862 0.862 0.847 0.832 0.765 0.885 0.898 0.889 0.901 1.000 0.960 0.897 0.887 0.874 0.881 0.880 0.837 0.888 0.944 0.895 0.923 0.885 0.871 0.720 0.742 0.791 0.823 0.885 0.729 0.706 0.752 0.776  
0.875 0.877 0.857 0.860 0.865 0.865 0.865 0.883 0.869 0.862 0.861 0.864 0.864 0.871 0.859 0.875 0.874 0.846 0.881 0.866 0.862 0.851 0.854 0.862 0.871 0.854 0.845 0.861 0.853 0.861 0.837 0.860 0.856 0.860 0.870 0.841 0.852 0.870 0.839 0.849 0.853 0.821 0.846 0.934 0.872 0.871 0.855 0.824 0.850 0.858 0.854 0.856 0.860 0.875 0.711 0.885 0.856 0.859 0.837 0.834 0.756 0.874 0.905 0.897 0.895 0.965 1.000 0.893 0.906 0.869 0.891 0.869 0.832 0.911 0.948 0.912 0.911 0.895 0.877 0.716 0.734 0.785 0.819 0.881 0.723 0.704 0.751 0.768  
0.869 0.871 0.862 0.869 0.855 0.865 0.862 0.859 0.864 0.871 0.861 0.865 0.868 0.852 0.866 0.850 0.873 0.849 0.857 0.855 0.857 0.860 0.859 0.865 0.850 0.862 0.853 0.872 0.857 0.859 0.857 0.861 0.864 0.861 0.846 0.845 0.843 0.857 0.838 0.859 0.857 0.833 0.836 0.872 0.867 0.854 0.850 0.829 0.817 0.850 0.817 0.838 0.833 0.873 0.711 0.854 0.867 0.914 0.816 0.807 0.745 0.893 0.927 0.930 0.907 0.897 0.888 1.000 0.924 0.930 0.901 0.905 0.865 0.895 0.884 0.876 0.876 0.850 0.850 0.699 0.735 0.775 0.808 0.875 0.722 0.705 0.753 0.773  
0.860 0.860 0.853 0.860 0.867 0.860 0.854 0.871 0.859 0.862 0.852 0.867 0.861 0.864 0.863 0.864 0.888 0.847 0.847 0.853 0.870 0.849 0.855 0.853 0.865 0.857 0.844 0.860 0.850 0.878 0.849 0.880 0.851 0.878 0.856 0.852 0.831 0.854 0.825 0.858 0.867 0.816 0.827 0.873 0.893 0.856 0.839 0.816 0.829 0.841 0.824 0.835 0.821 0.904 0.712 0.865 0.856 0.913 0.801 0.800 0.745 0.891 0.924 0.946 0.910 0.894 0.908 0.931 1.000 0.911 0.888 0.909 0.854 0.939 0.901 0.913 0.865 0.870 0.847 0.704 0.732 0.771 0.798 0.896 0.729 0.712 0.764 0.769  
0.866 0.870 0.859 0.866 0.851 0.866 0.855 0.850 0.854 0.874 0.862 0.865 0.868 0.846 0.867 0.844 0.864 0.852 0.849 0.853 0.854 0.863 0.860 0.863 0.844 0.867 0.850 0.869 0.860 0.851 0.850 0.853 0.861 0.854 0.841 0.837 0.830 0.852 0.830 0.850 0.851 0.814 0.821 0.854 0.862 0.844 0.837 0.819 0.811 0.840 0.809 0.822 0.825 0.864 0.716 0.844 0.861 0.928 0.812 0.801 0.756 0.893 0.887 0.911 0.872 0.875 0.866 0.931 0.905 1.000 0.870 0.939 0.846 0.862 0.864 0.850 0.862 0.835 0.839 0.702 0.748 0.772 0.801 0.875 0.732 0.708 0.759 0.780  
0.860 0.860 0.849 0.854 0.834 0.851 0.852 0.835 0.850 0.853 0.847 0.855 0.854 0.835 0.849 0.837 0.846 0.837 0.862 0.850 0.832 0.843 0.843 0.848 0.836 0.843 0.839 0.851 0.841 0.832 0.835 0.832 0.849 0.832 0.830 0.835 0.844 0.856 0.838 0.841 0.823 0.828 0.835 0.867 0.831 0.854 0.857 0.829 0.803 0.856 0.817 0.858 0.843 0.840 0.696 0.840 0.846 0.857 0.824 0.823 0.733 0.855 0.899 0.879 0.877 0.887 0.893 0.907 0.887 0.875 1.000 0.846 0.831 0.903 0.892 0.910 0.873 0.862 0.860 0.681 0.716 0.769 0.816 0.854 0.699 0.688 0.739 0.749  
0.850 0.855 0.847 0.852 0.854 0.848 0.841 0.855 0.840 0.861 0.847 0.846 0.853 0.854 0.851 0.851 0.862 0.837 0.830 0.835 0.863 0.848 0.845 0.849 0.851 0.852 0.838 0.854 0.848 0.847 0.828 0.849 0.845 0.852 0.848 0.822 0.811 0.833 0.808 0.837 0.851 0.795 0.808 0.861 0.875 0.824 0.818 0.802 0.817 0.821 0.802 0.796 0.809 0.867 0.712 0.850 0.841 0.906 0.798 0.785 0.760 0.920 0.884 0.900 0.880 0.881 0.866 0.905 0.902 0.938 0.840 1.000 0.838 0.861 0.856 0.851 0.854 0.832 0.813 0.708 0.749 0.764 0.786 0.869 0.743 0.704 0.757 0.778  
0.834 0.836 0.864 0.837 0.813 0.820 0.809 0.815 0.828 0.829 0.824 0.821 0.826 0.815 0.822 0.813 0.820 0.818 0.809 0.820 0.822 0.823 0.829 0.818 0.808 0.823 0.823 0.826 0.823 0.811 0.816 0.812 0.826 0.809 0.808 0.797 0.797 0.813 0.795 0.807 0.808 0.830 0.796 0.815 0.821 0.805 0.818 0.790 0.776 0.805 0.782 0.789 0.784 0.824 0.682 0.809 0.819 0.842 0.777 0.769 0.715 0.827 0.847 0.852 0.849 0.840 0.831 0.867 0.850 0.848 0.828 0.840 1.000 0.825 0.821 0.818 0.817 0.800 0.803 0.680 0.709 0.744 0.779 0.834 0.717 0.680 0.723 0.729  
0.849 0.848 0.840 0.845 0.852 0.846 0.843 0.858 0.849 0.841 0.839 0.853 0.844 0.852 0.845 0.854 0.873 0.831 0.852 0.844 0.851 0.829 0.837 0.836 0.854 0.838 0.829 0.842 0.831 0.861 0.831 0.863 0.836 0.861 0.844 0.836 0.833 0.848 0.828 0.846 0.844 0.815 0.832 0.880 0.863 0.848 0.845 0.818 0.818 0.845 0.821 0.849 0.821 0.882 0.701 0.858 0.839 0.867 0.803 0.805 0.731 0.880 0.937 0.905 0.918 0.894 0.913 0.902 0.938 0.867 0.904 0.867 0.828 1.000 0.905 0.949 0.864 0.870 0.855 0.691 0.715 0.763 0.803 0.877 0.710 0.696 0.757 0.751  
0.882 0.884 0.862 0.867 0.868 0.876 0.872 0.887 0.880 0.866 0.869 0.876 0.870 0.869 0.868 0.873 0.883 0.855 0.890 0.877 0.864 0.853 0.863 0.863 0.869 0.864 0.851 0.865 0.860 0.867 0.849 0.869 0.860 0.868 0.869 0.852 0.868 0.883 0.859 0.852 0.859 0.820 0.860 0.908 0.867 0.886 0.874 0.843 0.849 0.877 0.851 0.869 0.866 0.876 0.718 0.889 0.866 0.862 0.850 0.846 0.758 0.865 0.893 0.883 0.881 0.950 0.949 0.889 0.899 0.869 0.892 0.861 0.824 0.904 1.000 0.903 0.927 0.905 0.894 0.717 0.738 0.797 0.835 0.885 0.724 0.708 0.755 0.773  
0.852 0.851 0.841 0.846 0.851 0.843 0.843 0.857 0.845 0.841 0.838 0.850 0.845 0.854 0.841 0.857 0.862 0.829 0.857 0.847 0.850 0.829 0.837 0.836 0.857 0.837 0.830 0.842 0.835 0.860 0.830 0.860 0.838 0.860 0.846 0.834 0.841 0.849 0.835 0.838 0.841 0.816 0.836 0.883 0.858 0.850 0.850 0.820 0.820 0.848 0.822 0.851 0.829 0.874 0.697 0.858 0.839 0.849 0.809 0.812 0.731 0.871 0.909 0.893 0.908 0.903 0.915 0.883 0.914 0.856 0.911 0.857 0.822 0.950 0.904 1.000 0.876 0.870 0.858 0.687 0.714 0.764 0.806 0.872 0.705 0.692 0.749 0.745  
0.885 0.890 0.860 0.870 0.866 0.874 0.872 0.879 0.880 0.869 0.871 0.868 0.870 0.868 0.868 0.869 0.862 0.851 0.888 0.872 0.864 0.857 0.863 0.872 0.864 0.862 0.856 0.873 0.862 0.864 0.851 0.862 0.867 0.861 0.868 0.852 0.868 0.878 0.855 0.856 0.859 0.823 0.872 0.896 0.862 0.882 0.872 0.838 0.846 0.874 0.836 0.860 0.865 0.860 0.718 0.878 0.872 0.856 0.856 0.840 0.765 0.857 0.871 0.855 0.869 0.925 0.908 0.877 0.859 0.862 0.869 0.855 0.815 0.859 0.923 0.870 1.000 0.919 0.885 0.719 0.745 0.795 0.822 0.883 0.727 0.704 0.747 0.776  
0.875 0.875 0.857 0.860 0.858 0.866 0.865 0.870 0.874 0.856 0.860 0.866 0.859 0.860 0.859 0.863 0.864 0.847 0.870 0.867 0.854 0.849 0.855 0.858 0.860 0.853 0.848 0.859 0.849 0.854 0.839 0.852 0.851 0.852 0.859 0.853 0.849 0.871 0.837 0.855 0.846 0.807 0.848 0.869 0.855 0.881 0.852 0.824 0.840 0.853 0.839 0.851 0.853 0.864 0.710 0.873 0.859 0.841 0.835 0.833 0.764 0.840 0.866 0.856 0.855 0.897 0.903 0.861 0.874 0.845 0.867 0.842 0.808 0.875 0.912 0.874 0.930 1.000 0.879 0.718 0.737 0.805 0.817 0.871 0.727 0.711 0.743 0.774  
0.901 0.899 0.871 0.883 0.873 0.891 0.880 0.870 0.888 0.875 0.885 0.887 0.882 0.869 0.881 0.874 0.871 0.874 0.904 0.895 0.857 0.868 0.881 0.877 0.869 0.876 0.868 0.881 0.871 0.856 0.864 0.857 0.878 0.858 0.862 0.861 0.883 0.896 0.880 0.865 0.848 0.819 0.870 0.859 0.842 0.890 0.890 0.857 0.838 0.886 0.840 0.902 0.877 0.856 0.722 0.873 0.875 0.847 0.869 0.867 0.763 0.827 0.847 0.837 0.838 0.885 0.886 0.863 0.853 0.851 0.867 0.826 0.813 0.862 0.902 0.865 0.897 0.881 1.000 0.697 0.746 0.794 0.856 0.884 0.720 0.719 0.750 0.772  
0.756 0.756 0.746 0.736 0.747 0.749 0.744 0.757 0.747 0.745 0.744 0.738 0.742 0.747 0.740 0.749 0.735 0.737 0.726 0.743 0.742 0.745 0.741 0.748 0.743 0.743 0.727 0.737 0.738 0.724 0.706 0.723 0.732 0.721 0.749 0.708 0.697 0.734 0.686 0.724 0.726 0.660 0.695 0.725 0.725 0.722 0.700 0.679 0.744 0.701 0.730 0.695 0.711 0.721 0.673 0.755 0.725 0.719 0.705 0.697 0.728 0.721 0.707 0.723 0.713 0.746 0.738 0.724 0.723 0.726 0.701 0.732 0.702 0.710 0.738 0.706 0.744 0.733 0.711 1.000 0.698 0.716 0.708 0.738 0.719 0.672 0.683 0.722  
0.806 0.807 0.783 0.793 0.794 0.797 0.784 0.788 0.787 0.795 0.798 0.789 0.797 0.786 0.797 0.785 0.774 0.785 0.762 0.790 0.789 0.787 0.797 0.799 0.780 0.790 0.787 0.795 0.791 0.762 0.760 0.761 0.789 0.764 0.779 0.749 0.744 0.780 0.740 0.771 0.767 0.707 0.737 0.752 0.767 0.764 0.753 0.733 0.756 0.750 0.745 0.728 0.746 0.765 0.763 0.783 0.773 0.766 0.749 0.734 0.848 0.752 0.732 0.740 0.729 0.760 0.747 0.752 0.743 0.765 0.728 0.766 0.723 0.726 0.750 0.725 0.761 0.744 0.752 0.689 1.000 0.754 0.731 0.773 0.753 0.744 0.721 0.766  
0.826 0.829 0.821 0.821 0.804 0.814 0.806 0.812 0.822 0.809 0.813 0.808 0.808 0.806 0.808 0.802 0.801 0.802 0.806 0.817 0.802 0.807 0.812 0.810 0.798 0.806 0.813 0.810 0.807 0.784 0.794 0.785 0.816 0.790 0.797 0.780 0.784 0.813 0.781 0.792 0.783 0.748 0.777 0.785 0.779 0.806 0.797 0.773 0.808 0.793 0.788 0.779 0.786 0.782 0.718 0.805 0.802 0.788 0.781 0.776 0.764 0.774 0.775 0.773 0.772 0.807 0.798 0.791 0.781 0.788 0.780 0.779 0.757 0.774 0.808 0.773 0.811 0.812 0.798 0.706 0.752 1.000 0.793 0.803 0.724 0.714 0.728 0.792  
0.866 0.869 0.860 0.857 0.845 0.854 0.844 0.842 0.853 0.843 0.858 0.853 0.851 0.843 0.853 0.843 0.834 0.851 0.866 0.861 0.833 0.839 0.850 0.838 0.837 0.842 0.846 0.842 0.842 0.818 0.836 0.821 0.851 0.823 0.834 0.822 0.842 0.867 0.848 0.823 0.815 0.793 0.835 0.819 0.799 0.845 0.868 0.849 0.820 0.856 0.820 0.853 0.832 0.812 0.723 0.848 0.839 0.816 0.832 0.834 0.748 0.811 0.816 0.805 0.810 0.845 0.837 0.829 0.814 0.822 0.832 0.807 0.798 0.819 0.852 0.821 0.843 0.828 0.866 0.702 0.733 0.797 1.000 0.835 0.718 0.715 0.753 0.767  
0.906 0.905 0.892 0.905 0.892 0.899 0.888 0.890 0.890 0.902 0.891 0.905 0.903 0.891 0.901 0.889 0.900 0.880 0.880 0.893 0.898 0.887 0.899 0.894 0.891 0.892 0.891 0.900 0.892 0.901 0.881 0.896 0.894 0.901 0.884 0.860 0.865 0.890 0.852 0.879 0.878 0.820 0.849 0.873 0.897 0.880 0.871 0.848 0.843 0.874 0.845 0.855 0.836 0.919 0.730 0.892 0.891 0.880 0.831 0.814 0.769 0.861 0.875 0.873 0.869 0.892 0.884 0.882 0.896 0.881 0.855 0.876 0.838 0.878 0.887 0.872 0.889 0.867 0.877 0.719 0.762 0.793 0.820 1.000 0.749 0.720 0.766 0.795  
0.784 0.788 0.791 0.786 0.784 0.783 0.773 0.777 0.771 0.793 0.784 0.779 0.786 0.777 0.787 0.778 0.779 0.779 0.751 0.775 0.785 0.789 0.786 0.785 0.777 0.787 0.780 0.784 0.783 0.755 0.739 0.754 0.782 0.756 0.777 0.740 0.727 0.765 0.719 0.768 0.762 0.696 0.731 0.751 0.776 0.749 0.736 0.711 0.748 0.733 0.739 0.716 0.727 0.763 0.729 0.775 0.760 0.754 0.729 0.713 0.783 0.754 0.738 0.747 0.741 0.760 0.750 0.752 0.754 0.762 0.724 0.774 0.745 0.734 0.750 0.728 0.756 0.748 0.739 0.724 0.767 0.739 0.729 0.774 1.000 0.737 0.738 0.761  
0.764 0.765 0.753 0.762 0.770 0.775 0.767 0.770 0.772 0.775 0.771 0.772 0.776 0.770 0.777 0.766 0.763 0.766 0.760 0.771 0.772 0.769 0.775 0.775 0.764 0.774 0.767 0.775 0.770 0.779 0.782 0.783 0.766 0.786 0.767 0.787 0.736 0.769 0.734 0.756 0.791 0.700 0.739 0.739 0.747 0.766 0.747 0.727 0.742 0.743 0.732 0.724 0.722 0.749 0.799 0.769 0.781 0.746 0.722 0.712 0.793 0.720 0.720 0.728 0.718 0.737 0.731 0.735 0.737 0.738 0.712 0.734 0.706 0.720 0.734 0.715 0.733 0.731 0.738 0.676 0.758 0.729 0.726 0.744 0.737 1.000 0.784 0.743  
0.787 0.790 0.780 0.794 0.796 0.801 0.790 0.798 0.795 0.804 0.796 0.799 0.805 0.795 0.806 0.792 0.806 0.791 0.796 0.796 0.796 0.788 0.801 0.796 0.790 0.804 0.798 0.798 0.801 0.803 0.800 0.808 0.797 0.809 0.792 0.805 0.765 0.795 0.763 0.787 0.818 0.740 0.773 0.778 0.789 0.783 0.778 0.760 0.774 0.777 0.766 0.752 0.749 0.785 0.740 0.799 0.805 0.788 0.745 0.736 0.739 0.759 0.768 0.772 0.764 0.768 0.763 0.769 0.775 0.775 0.750 0.774 0.737 0.768 0.766 0.759 0.762 0.749 0.755 0.674 0.720 0.729 0.749 0.776 0.724 0.769 1.000 0.758  
0.834 0.835 0.811 0.830 0.843 0.850 0.836 0.846 0.848 0.860 0.848 0.844 0.852 0.838 0.854 0.833 0.838 0.828 0.818 0.839 0.849 0.834 0.850 0.853 0.831 0.851 0.838 0.852 0.848 0.818 0.817 0.818 0.843 0.821 0.825 0.810 0.795 0.828 0.787 0.827 0.821 0.749 0.783 0.800 0.820 0.815 0.799 0.778 0.829 0.796 0.804 0.771 0.781 0.810 0.744 0.835 0.832 0.807 0.780 0.768 0.787 0.778 0.765 0.773 0.758 0.791 0.779 0.787 0.778 0.794 0.759 0.793 0.740 0.760 0.783 0.753 0.790 0.779 0.775 0.711 0.763 0.790 0.761 0.803 0.744 0.726 0.756 1.000  
