1.000 0.922 0.947 0.923 0.954 0.951 0.916 0.874 0.865 0.865 0.881 0.872 0.884 0.880 0.869 0.880 0.875 0.882 0.880 0.880 0.878 0.900 0.884 0.879 0.878 0.868 0.894 0.882 0.882 0.887 0.872 0.880 0.919 0.864 0.870 0.874 0.880 0.876 0.863 0.868 0.844 0.852 0.862 0.879 0.886 0.867 0.849 0.898 0.881 0.874 0.874 0.889 0.832 0.862 0.873 0.884 0.881 0.845 0.850 0.871 0.862 0.873 0.849 0.874 0.875 0.883 0.920 0.846 0.803 0.848 0.896 0.845 0.849 0.844 0.866 0.851 0.849 0.735 0.895 0.854 0.851 0.751 0.756 0.741 0.951 0.958 0.875 0.868 0.868 0.849 0.825 0.833  
0.922 1.000 0.939 0.982 0.953 0.961 0.942 0.904 0.893 0.903 0.911 0.899 0.909 0.915 0.901 0.913 0.911 0.904 0.913 0.905 0.909 0.942 0.916 0.911 0.914 0.896 0.915 0.911 0.908 0.901 0.901 0.913 0.941 0.888 0.901 0.903 0.913 0.890 0.897 0.883 0.861 0.866 0.877 0.904 0.894 0.882 0.881 0.907 0.906 0.885 0.877 0.922 0.870 0.889 0.897 0.892 0.902 0.874 0.864 0.900 0.876 0.897 0.882 0.912 0.906 0.900 0.900 0.837 0.830 0.884 0.904 0.861 0.842 0.837 0.890 0.819 0.889 0.756 0.862 0.876 0.833 0.751 0.766 0.742 0.955 0.956 0.907 0.893 0.892 0.883 0.858 0.868  
0.946 0.938 1.000 0.939 0.942 0.942 0.931 0.895 0.885 0.885 0.899 0.884 0.894 0.897 0.888 0.895 0.891 0.888 0.897 0.890 0.895 0.917 0.900 0.894 0.896 0.881 0.897 0.898 0.891 0.886 0.889 0.905 0.923 0.874 0.884 0.891 0.895 0.881 0.881 0.872 0.850 0.854 0.867 0.891 0.886 0.868 0.874 0.905 0.891 0.877 0.874 0.906 0.854 0.878 0.887 0.886 0.892 0.868 0.851 0.890 0.869 0.892 0.869 0.895 0.900 0.896 0.927 0.863 0.814 0.870 0.894 0.859 0.863 0.859 0.888 0.840 0.869 0.739 0.888 0.879 0.853 0.752 0.762 0.744 0.941 0.940 0.892 0.883 0.880 0.866 0.842 0.852  
0.924 0.982 0.940 1.000 0.950 0.955 0.950 0.908 0.897 0.905 0.910 0.902 0.903 0.908 0.905 0.906 0.901 0.898 0.914 0.898 0.910 0.948 0.909 0.904 0.917 0.898 0.906 0.912 0.902 0.897 0.904 0.913 0.943 0.886 0.900 0.911 0.907 0.886 0.898 0.879 0.858 0.864 0.876 0.904 0.889 0.878 0.883 0.909 0.899 0.881 0.874 0.923 0.878 0.889 0.900 0.889 0.908 0.883 0.862 0.908 0.871 0.899 0.888 0.905 0.914 0.903 0.896 0.842 0.834 0.886 0.901 0.867 0.846 0.843 0.893 0.823 0.890 0.753 0.869 0.884 0.837 0.753 0.767 0.742 0.950 0.951 0.904 0.891 0.890 0.885 0.859 0.870  
0.954 0.952 0.942 0.949 1.000 0.982 0.949 0.905 0.893 0.899 0.916 0.903 0.921 0.917 0.900 0.917 0.911 0.920 0.915 0.918 0.913 0.926 0.921 0.916 0.913 0.900 0.933 0.918 0.920 0.913 0.903 0.909 0.950 0.894 0.905 0.904 0.917 0.903 0.894 0.893 0.869 0.876 0.885 0.912 0.912 0.891 0.878 0.917 0.919 0.900 0.898 0.924 0.860 0.890 0.901 0.907 0.915 0.873 0.874 0.903 0.885 0.894 0.876 0.911 0.904 0.912 0.917 0.844 0.832 0.879 0.923 0.865 0.846 0.841 0.888 0.821 0.882 0.745 0.866 0.873 0.832 0.762 0.778 0.754 0.986 0.990 0.910 0.900 0.902 0.881 0.856 0.868  
0.950 0.960 0.941 0.953 0.981 1.000 0.949 0.902 0.894 0.900 0.914 0.901 0.920 0.915 0.904 0.915 0.913 0.916 0.913 0.914 0.911 0.930 0.918 0.914 0.912 0.899 0.932 0.915 0.918 0.914 0.904 0.910 0.957 0.895 0.903 0.905 0.916 0.902 0.892 0.891 0.870 0.875 0.886 0.910 0.907 0.891 0.874 0.917 0.916 0.896 0.894 0.922 0.863 0.892 0.900 0.905 0.911 0.869 0.874 0.901 0.883 0.889 0.877 0.908 0.904 0.907 0.911 0.840 0.833 0.875 0.921 0.861 0.844 0.837 0.885 0.821 0.882 0.747 0.863 0.871 0.832 0.759 0.775 0.750 0.981 0.983 0.910 0.897 0.897 0.879 0.858 0.866  
0.913 0.939 0.928 0.946 0.946 0.947 1.000 0.916 0.910 0.911 0.926 0.913 0.916 0.921 0.915 0.916 0.912 0.909 0.920 0.911 0.921 0.938 0.922 0.917 0.925 0.912 0.918 0.924 0.915 0.901 0.925 0.917 0.962 0.891 0.915 0.923 0.916 0.900 0.901 0.882 0.862 0.866 0.876 0.920 0.900 0.881 0.884 0.914 0.912 0.892 0.888 0.947 0.871 0.891 0.922 0.886 0.922 0.887 0.864 0.914 0.874 0.899 0.891 0.911 0.918 0.916 0.897 0.857 0.840 0.883 0.905 0.871 0.861 0.854 0.897 0.830 0.890 0.748 0.879 0.887 0.836 0.772 0.782 0.758 0.938 0.941 0.914 0.907 0.902 0.894 0.865 0.880  
0.868 0.898 0.890 0.901 0.900 0.897 0.913 1.000 0.958 0.931 0.916 0.908 0.913 0.921 0.956 0.907 0.899 0.901 0.918 0.916 0.922 0.897 0.918 0.910 0.931 0.907 0.912 0.919 0.915 0.893 0.904 0.940 0.894 0.872 0.919 0.912 0.910 0.896 0.890 0.875 0.851 0.851 0.864 0.918 0.910 0.870 0.902 0.891 0.913 0.896 0.871 0.929 0.893 0.871 0.902 0.878 0.927 0.895 0.850 0.903 0.883 0.904 0.901 0.925 0.943 0.920 0.885 0.870 0.839 0.901 0.887 0.879 0.866 0.866 0.913 0.834 0.899 0.748 0.880 0.905 0.840 0.759 0.791 0.760 0.897 0.897 0.905 0.904 0.910 0.912 0.880 0.898  
0.859 0.886 0.879 0.890 0.887 0.888 0.907 0.957 1.000 0.924 0.908 0.892 0.905 0.912 0.946 0.899 0.891 0.894 0.900 0.908 0.906 0.897 0.909 0.899 0.917 0.895 0.907 0.907 0.908 0.881 0.896 0.944 0.887 0.872 0.906 0.904 0.899 0.893 0.884 0.876 0.853 0.852 0.860 0.909 0.899 0.873 0.883 0.883 0.902 0.885 0.869 0.910 0.899 0.869 0.895 0.872 0.918 0.878 0.851 0.894 0.872 0.884 0.897 0.911 0.941 0.908 0.874 0.855 0.836 0.883 0.883 0.869 0.862 0.857 0.895 0.829 0.887 0.747 0.868 0.885 0.839 0.755 0.776 0.758 0.884 0.884 0.894 0.905 0.900 0.895 0.867 0.886  
0.859 0.898 0.880 0.899 0.894 0.895 0.908 0.931 0.925 1.000 0.926 0.915 0.924 0.939 0.921 0.924 0.922 0.910 0.923 0.928 0.933 0.881 0.935 0.925 0.945 0.916 0.931 0.939 0.930 0.903 0.915 0.926 0.900 0.869 0.927 0.928 0.925 0.912 0.891 0.882 0.858 0.852 0.867 0.917 0.913 0.878 0.895 0.883 0.921 0.904 0.871 0.920 0.872 0.869 0.914 0.875 0.932 0.890 0.851 0.930 0.882 0.904 0.885 0.933 0.935 0.910 0.881 0.874 0.847 0.908 0.884 0.884 0.879 0.874 0.922 0.835 0.907 0.735 0.897 0.910 0.829 0.759 0.777 0.757 0.894 0.894 0.924 0.918 0.906 0.917 0.887 0.885  
0.876 0.906 0.895 0.905 0.911 0.910 0.924 0.917 0.910 0.926 1.000 0.953 0.982 0.980 0.905 0.966 0.952 0.959 0.952 0.970 0.976 0.894 0.982 0.971 0.959 0.950 0.960 0.976 0.982 0.922 0.952 0.915 0.912 0.889 0.962 0.955 0.964 0.899 0.884 0.875 0.862 0.868 0.870 0.953 0.898 0.872 0.878 0.901 0.973 0.892 0.896 0.923 0.872 0.882 0.954 0.879 0.965 0.875 0.870 0.948 0.870 0.882 0.873 0.955 0.913 0.905 0.898 0.858 0.824 0.874 0.903 0.860 0.854 0.848 0.893 0.823 0.877 0.735 0.882 0.883 0.831 0.780 0.784 0.760 0.908 0.908 0.958 0.907 0.932 0.890 0.870 0.881  
0.868 0.895 0.880 0.896 0.898 0.898 0.911 0.909 0.894 0.916 0.954 1.000 0.953 0.950 0.899 0.963 0.955 0.958 0.966 0.946 0.956 0.886 0.951 0.967 0.944 0.961 0.928 0.955 0.947 0.931 0.950 0.897 0.911 0.879 0.950 0.952 0.968 0.880 0.880 0.864 0.851 0.860 0.863 0.955 0.881 0.860 0.868 0.891 0.944 0.876 0.885 0.910 0.866 0.871 0.946 0.872 0.941 0.870 0.863 0.941 0.859 0.881 0.865 0.937 0.899 0.893 0.887 0.847 0.817 0.868 0.895 0.857 0.848 0.845 0.880 0.819 0.871 0.729 0.870 0.872 0.827 0.765 0.773 0.746 0.899 0.897 0.964 0.890 0.936 0.886 0.869 0.874  
0.879 0.904 0.890 0.897 0.917 0.916 0.914 0.914 0.906 0.924 0.982 0.953 1.000 0.976 0.899 0.962 0.949 0.962 0.954 0.981 0.980 0.891 0.980 0.971 0.960 0.948 0.966 0.974 0.984 0.925 0.943 0.905 0.908 0.888 0.967 0.946 0.962 0.899 0.880 0.877 0.862 0.869 0.873 0.948 0.900 0.873 0.871 0.897 0.982 0.894 0.898 0.921 0.863 0.874 0.946 0.883 0.964 0.868 0.871 0.938 0.875 0.881 0.866 0.955 0.904 0.901 0.901 0.855 0.818 0.874 0.905 0.856 0.849 0.844 0.891 0.819 0.876 0.734 0.880 0.877 0.831 0.777 0.784 0.757 0.915 0.915 0.955 0.901 0.939 0.889 0.864 0.880  
0.875 0.909 0.893 0.902 0.912 0.911 0.919 0.921 0.914 0.939 0.980 0.949 0.976 1.000 0.907 0.970 0.957 0.953 0.954 0.979 0.979 0.891 0.986 0.972 0.970 0.946 0.969 0.979 0.985 0.921 0.948 0.915 0.913 0.885 0.967 0.949 0.966 0.905 0.887 0.876 0.861 0.867 0.870 0.951 0.903 0.874 0.878 0.897 0.969 0.897 0.893 0.929 0.871 0.880 0.948 0.879 0.968 0.875 0.868 0.943 0.873 0.889 0.872 0.963 0.914 0.908 0.896 0.861 0.827 0.882 0.899 0.864 0.857 0.851 0.900 0.824 0.883 0.735 0.889 0.885 0.829 0.782 0.788 0.762 0.910 0.910 0.962 0.911 0.932 0.896 0.872 0.886  
0.861 0.892 0.881 0.896 0.892 0.897 0.909 0.953 0.944 0.918 0.901 0.895 0.896 0.904 1.000 0.895 0.889 0.891 0.908 0.895 0.904 0.888 0.899 0.896 0.911 0.895 0.904 0.900 0.899 0.887 0.893 0.955 0.900 0.868 0.901 0.902 0.897 0.888 0.883 0.868 0.849 0.845 0.852 0.907 0.900 0.866 0.888 0.884 0.893 0.883 0.862 0.914 0.915 0.870 0.888 0.871 0.908 0.879 0.846 0.893 0.872 0.895 0.905 0.912 0.955 0.908 0.869 0.852 0.847 0.892 0.884 0.877 0.858 0.852 0.899 0.831 0.893 0.751 0.861 0.890 0.827 0.749 0.776 0.753 0.890 0.890 0.894 0.895 0.888 0.901 0.879 0.889  
0.876 0.908 0.890 0.901 0.912 0.911 0.914 0.908 0.901 0.925 0.966 0.962 0.962 0.970 0.898 1.000 0.978 0.972 0.964 0.954 0.962 0.889 0.974 0.983 0.950 0.964 0.948 0.973 0.960 0.936 0.963 0.906 0.914 0.888 0.947 0.956 0.986 0.891 0.888 0.875 0.862 0.871 0.872 0.963 0.890 0.872 0.873 0.903 0.955 0.885 0.893 0.914 0.870 0.881 0.953 0.882 0.943 0.869 0.873 0.949 0.866 0.885 0.867 0.945 0.904 0.899 0.896 0.845 0.818 0.872 0.907 0.854 0.844 0.838 0.886 0.813 0.876 0.733 0.871 0.873 0.830 0.767 0.774 0.749 0.912 0.911 0.987 0.897 0.937 0.882 0.863 0.874  
0.869 0.904 0.885 0.894 0.905 0.908 0.909 0.898 0.891 0.921 0.951 0.953 0.948 0.956 0.891 0.976 1.000 0.965 0.954 0.941 0.948 0.882 0.958 0.968 0.939 0.970 0.940 0.956 0.947 0.934 0.964 0.898 0.912 0.890 0.941 0.949 0.972 0.893 0.890 0.877 0.867 0.874 0.878 0.958 0.886 0.873 0.871 0.904 0.941 0.884 0.893 0.905 0.859 0.885 0.950 0.884 0.933 0.866 0.877 0.952 0.865 0.878 0.860 0.935 0.896 0.895 0.893 0.847 0.813 0.866 0.907 0.846 0.841 0.836 0.880 0.808 0.872 0.728 0.869 0.869 0.826 0.764 0.770 0.747 0.906 0.905 0.974 0.896 0.928 0.876 0.856 0.866  
0.877 0.898 0.884 0.892 0.915 0.912 0.907 0.902 0.895 0.910 0.959 0.958 0.962 0.953 0.894 0.972 0.966 1.000 0.956 0.954 0.948 0.887 0.957 0.965 0.933 0.957 0.944 0.954 0.960 0.933 0.948 0.900 0.909 0.891 0.938 0.946 0.970 0.892 0.881 0.875 0.864 0.874 0.872 0.957 0.890 0.872 0.865 0.898 0.951 0.884 0.896 0.907 0.864 0.875 0.942 0.882 0.947 0.862 0.878 0.938 0.866 0.876 0.862 0.938 0.898 0.893 0.897 0.843 0.811 0.862 0.908 0.845 0.841 0.834 0.876 0.808 0.866 0.731 0.864 0.864 0.826 0.764 0.771 0.752 0.914 0.913 0.968 0.893 0.931 0.873 0.856 0.869  
0.875 0.907 0.892 0.908 0.910 0.909 0.918 0.919 0.902 0.923 0.952 0.966 0.954 0.954 0.912 0.964 0.955 0.956 1.000 0.950 0.965 0.896 0.955 0.972 0.959 0.952 0.937 0.959 0.948 0.940 0.947 0.910 0.916 0.881 0.946 0.950 0.969 0.884 0.887 0.869 0.852 0.862 0.867 0.957 0.890 0.864 0.879 0.897 0.952 0.885 0.891 0.924 0.878 0.876 0.938 0.882 0.945 0.876 0.863 0.941 0.870 0.896 0.872 0.952 0.914 0.905 0.895 0.852 0.823 0.886 0.905 0.865 0.846 0.844 0.895 0.822 0.886 0.736 0.879 0.885 0.836 0.766 0.779 0.749 0.911 0.909 0.966 0.894 0.939 0.894 0.868 0.881  
0.875 0.899 0.885 0.892 0.912 0.909 0.908 0.917 0.909 0.928 0.969 0.945 0.980 0.978 0.897 0.954 0.942 0.953 0.949 1.000 0.973 0.889 0.971 0.965 0.966 0.939 0.963 0.966 0.985 0.922 0.936 0.903 0.904 0.883 0.968 0.940 0.954 0.903 0.878 0.876 0.860 0.866 0.871 0.942 0.906 0.873 0.873 0.894 0.980 0.900 0.894 0.922 0.861 0.869 0.938 0.882 0.964 0.870 0.867 0.930 0.877 0.884 0.864 0.960 0.903 0.906 0.898 0.861 0.818 0.878 0.900 0.859 0.853 0.849 0.893 0.821 0.876 0.732 0.886 0.879 0.829 0.779 0.787 0.760 0.911 0.911 0.947 0.906 0.933 0.894 0.864 0.882  
0.873 0.904 0.891 0.904 0.909 0.907 0.920 0.923 0.908 0.934 0.976 0.955 0.980 0.980 0.907 0.962 0.949 0.948 0.966 0.975 1.000 0.893 0.979 0.970 0.976 0.948 0.959 0.978 0.976 0.927 0.947 0.908 0.915 0.880 0.967 0.950 0.964 0.895 0.887 0.871 0.855 0.861 0.867 0.950 0.897 0.867 0.880 0.897 0.980 0.891 0.890 0.931 0.872 0.874 0.947 0.878 0.964 0.879 0.863 0.945 0.871 0.892 0.872 0.961 0.914 0.908 0.894 0.862 0.825 0.887 0.898 0.868 0.855 0.851 0.902 0.825 0.885 0.733 0.890 0.889 0.831 0.780 0.787 0.757 0.907 0.907 0.959 0.904 0.937 0.899 0.871 0.886  
0.897 0.938 0.914 0.944 0.923 0.928 0.938 0.899 0.900 0.883 0.895 0.887 0.893 0.892 0.893 0.890 0.885 0.888 0.898 0.891 0.894 1.000 0.895 0.891 0.896 0.883 0.896 0.894 0.891 0.889 0.894 0.896 0.934 0.878 0.888 0.890 0.891 0.875 0.884 0.872 0.846 0.853 0.873 0.893 0.892 0.870 0.877 0.891 0.891 0.884 0.872 0.928 0.861 0.875 0.890 0.889 0.898 0.876 0.851 0.884 0.873 0.890 0.877 0.896 0.895 0.912 0.877 0.842 0.819 0.876 0.892 0.858 0.837 0.837 0.878 0.816 0.881 0.756 0.862 0.874 0.854 0.744 0.766 0.738 0.926 0.927 0.886 0.894 0.890 0.881 0.848 0.865  
0.879 0.910 0.895 0.903 0.916 0.914 0.920 0.919 0.910 0.935 0.981 0.950 0.979 0.986 0.902 0.974 0.959 0.957 0.955 0.971 0.978 0.893 1.000 0.974 0.966 0.948 0.967 0.990 0.975 0.927 0.949 0.913 0.914 0.887 0.964 0.951 0.974 0.901 0.888 0.877 0.862 0.868 0.871 0.954 0.903 0.876 0.878 0.901 0.972 0.895 0.898 0.926 0.871 0.879 0.952 0.881 0.960 0.873 0.869 0.948 0.872 0.888 0.870 0.959 0.913 0.908 0.903 0.858 0.824 0.880 0.904 0.861 0.854 0.849 0.897 0.820 0.882 0.733 0.886 0.883 0.831 0.780 0.786 0.761 0.914 0.914 0.966 0.910 0.934 0.891 0.871 0.884  
0.874 0.906 0.890 0.898 0.910 0.909 0.915 0.910 0.900 0.926 0.971 0.967 0.971 0.972 0.900 0.982 0.970 0.965 0.972 0.965 0.970 0.889 0.974 1.000 0.955 0.962 0.950 0.972 0.966 0.932 0.959 0.905 0.914 0.887 0.956 0.956 0.982 0.891 0.885 0.873 0.859 0.867 0.870 0.962 0.891 0.869 0.873 0.898 0.962 0.887 0.897 0.917 0.868 0.879 0.952 0.881 0.949 0.870 0.870 0.944 0.868 0.884 0.866 0.953 0.903 0.899 0.896 0.850 0.819 0.874 0.904 0.857 0.845 0.841 0.889 0.817 0.877 0.732 0.875 0.876 0.830 0.770 0.776 0.750 0.911 0.909 0.975 0.898 0.943 0.887 0.863 0.876  
0.872 0.908 0.891 0.910 0.907 0.907 0.922 0.932 0.918 0.945 0.958 0.942 0.959 0.969 0.914 0.949 0.939 0.933 0.958 0.966 0.975 0.893 0.966 0.955 1.000 0.937 0.958 0.965 0.964 0.922 0.936 0.914 0.912 0.876 0.961 0.948 0.950 0.900 0.888 0.873 0.854 0.856 0.867 0.943 0.904 0.869 0.887 0.898 0.965 0.898 0.884 0.936 0.871 0.871 0.934 0.879 0.955 0.884 0.857 0.940 0.876 0.901 0.877 0.960 0.919 0.916 0.894 0.864 0.832 0.896 0.897 0.878 0.860 0.857 0.913 0.828 0.894 0.736 0.896 0.899 0.831 0.780 0.792 0.760 0.906 0.906 0.947 0.909 0.930 0.907 0.877 0.890  
0.863 0.891 0.876 0.892 0.895 0.895 0.910 0.907 0.896 0.916 0.949 0.960 0.947 0.946 0.899 0.964 0.971 0.957 0.951 0.940 0.948 0.881 0.948 0.962 0.937 1.000 0.928 0.955 0.944 0.923 0.962 0.886 0.909 0.883 0.955 0.953 0.959 0.885 0.890 0.867 0.858 0.867 0.868 0.967 0.880 0.864 0.864 0.900 0.940 0.878 0.887 0.906 0.855 0.876 0.952 0.873 0.933 0.868 0.870 0.947 0.857 0.878 0.869 0.924 0.891 0.892 0.887 0.855 0.822 0.865 0.896 0.851 0.847 0.841 0.877 0.814 0.869 0.732 0.868 0.868 0.826 0.769 0.771 0.748 0.895 0.894 0.961 0.892 0.939 0.889 0.863 0.876  
0.888 0.909 0.892 0.899 0.927 0.927 0.916 0.913 0.908 0.931 0.959 0.927 0.965 0.969 0.907 0.948 0.941 0.943 0.936 0.964 0.959 0.894 0.967 0.949 0.958 0.928 1.000 0.960 0.971 0.934 0.928 0.913 0.912 0.891 0.947 0.930 0.947 0.913 0.883 0.886 0.865 0.869 0.876 0.934 0.922 0.884 0.878 0.904 0.962 0.910 0.901 0.929 0.861 0.880 0.933 0.894 0.956 0.870 0.870 0.927 0.883 0.889 0.871 0.947 0.910 0.918 0.903 0.858 0.831 0.882 0.916 0.870 0.853 0.847 0.897 0.822 0.883 0.738 0.887 0.883 0.828 0.786 0.791 0.765 0.925 0.926 0.940 0.915 0.919 0.894 0.873 0.877  
0.877 0.906 0.893 0.906 0.913 0.911 0.922 0.920 0.909 0.939 0.976 0.954 0.973 0.979 0.903 0.973 0.957 0.955 0.959 0.967 0.978 0.893 0.990 0.972 0.966 0.955 0.961 1.000 0.969 0.926 0.953 0.908 0.917 0.883 0.964 0.959 0.970 0.898 0.892 0.874 0.860 0.866 0.869 0.956 0.899 0.873 0.878 0.905 0.966 0.892 0.896 0.927 0.874 0.877 0.955 0.878 0.959 0.877 0.868 0.953 0.869 0.893 0.872 0.952 0.915 0.911 0.901 0.862 0.828 0.882 0.901 0.865 0.857 0.853 0.900 0.823 0.885 0.733 0.888 0.886 0.832 0.780 0.785 0.761 0.911 0.911 0.968 0.911 0.938 0.894 0.873 0.887  
0.877 0.903 0.887 0.896 0.915 0.914 0.912 0.916 0.910 0.931 0.982 0.946 0.984 0.985 0.902 0.960 0.948 0.961 0.948 0.986 0.975 0.889 0.975 0.966 0.965 0.945 0.972 0.969 1.000 0.921 0.941 0.907 0.907 0.886 0.964 0.944 0.959 0.904 0.880 0.877 0.863 0.867 0.871 0.947 0.904 0.874 0.872 0.894 0.981 0.898 0.895 0.923 0.864 0.872 0.942 0.882 0.971 0.869 0.869 0.936 0.875 0.882 0.867 0.959 0.906 0.904 0.898 0.857 0.820 0.875 0.902 0.858 0.853 0.847 0.893 0.821 0.877 0.734 0.883 0.878 0.829 0.780 0.786 0.761 0.912 0.913 0.953 0.906 0.932 0.891 0.868 0.883  
0.881 0.895 0.881 0.891 0.908 0.909 0.898 0.893 0.882 0.903 0.921 0.930 0.925 0.920 0.890 0.935 0.934 0.932 0.939 0.922 0.926 0.887 0.926 0.932 0.922 0.923 0.934 0.925 0.921 1.000 0.930 0.893 0.900 0.890 0.913 0.931 0.937 0.892 0.882 0.888 0.869 0.878 0.885 0.934 0.903 0.885 0.874 0.897 0.927 0.895 0.902 0.900 0.852 0.882 0.930 0.908 0.919 0.867 0.876 0.927 0.883 0.882 0.862 0.919 0.891 0.902 0.898 0.845 0.819 0.873 0.936 0.861 0.835 0.834 0.880 0.817 0.878 0.732 0.870 0.871 0.838 0.755 0.771 0.744 0.909 0.908 0.935 0.889 0.921 0.883 0.860 0.862  
0.868 0.896 0.886 0.898 0.899 0.901 0.923 0.906 0.898 0.916 0.952 0.950 0.943 0.948 0.897 0.964 0.966 0.949 0.948 0.938 0.947 0.893 0.950 0.960 0.937 0.963 0.930 0.954 0.942 0.931 1.000 0.896 0.919 0.892 0.943 0.963 0.957 0.891 0.892 0.873 0.861 0.871 0.873 0.964 0.885 0.870 0.871 0.908 0.937 0.881 0.894 0.915 0.862 0.886 0.977 0.881 0.939 0.874 0.874 0.954 0.862 0.882 0.870 0.924 0.899 0.900 0.894 0.853 0.820 0.866 0.906 0.853 0.847 0.841 0.882 0.817 0.872 0.733 0.875 0.874 0.835 0.768 0.773 0.750 0.900 0.898 0.959 0.899 0.932 0.882 0.862 0.870  
0.871 0.903 0.896 0.902 0.900 0.901 0.911 0.936 0.940 0.922 0.909 0.891 0.900 0.910 0.954 0.901 0.895 0.895 0.905 0.899 0.903 0.890 0.909 0.900 0.909 0.882 0.908 0.903 0.902 0.889 0.891 1.000 0.896 0.882 0.889 0.898 0.904 0.906 0.889 0.887 0.865 0.859 0.868 0.897 0.914 0.886 0.909 0.888 0.899 0.897 0.873 0.912 0.919 0.883 0.889 0.887 0.910 0.890 0.859 0.895 0.889 0.903 0.914 0.918 0.972 0.913 0.887 0.853 0.848 0.900 0.893 0.883 0.863 0.855 0.911 0.833 0.899 0.745 0.871 0.904 0.835 0.749 0.779 0.756 0.897 0.897 0.898 0.904 0.880 0.894 0.875 0.878  
0.915 0.937 0.920 0.939 0.947 0.955 0.962 0.897 0.891 0.902 0.914 0.912 0.910 0.915 0.905 0.916 0.915 0.911 0.918 0.907 0.916 0.934 0.916 0.916 0.915 0.912 0.914 0.919 0.909 0.902 0.920 0.903 1.000 0.885 0.912 0.912 0.917 0.889 0.900 0.877 0.862 0.867 0.875 0.918 0.890 0.878 0.869 0.907 0.906 0.884 0.883 0.935 0.861 0.889 0.915 0.888 0.910 0.874 0.866 0.906 0.865 0.888 0.878 0.906 0.904 0.903 0.885 0.843 0.834 0.874 0.900 0.863 0.849 0.842 0.882 0.821 0.881 0.746 0.862 0.868 0.830 0.759 0.770 0.748 0.951 0.949 0.914 0.897 0.899 0.885 0.860 0.869  
0.854 0.878 0.865 0.875 0.884 0.886 0.884 0.869 0.869 0.864 0.884 0.874 0.883 0.881 0.867 0.883 0.887 0.886 0.876 0.879 0.875 0.871 0.882 0.882 0.872 0.879 0.887 0.878 0.881 0.886 0.886 0.882 0.878 1.000 0.876 0.880 0.883 0.896 0.904 0.898 0.882 0.905 0.899 0.883 0.882 0.900 0.876 0.877 0.879 0.886 0.900 0.876 0.839 0.912 0.884 0.901 0.883 0.872 0.904 0.880 0.872 0.858 0.878 0.869 0.874 0.876 0.878 0.832 0.810 0.845 0.904 0.836 0.831 0.825 0.863 0.803 0.854 0.727 0.848 0.861 0.828 0.744 0.759 0.741 0.885 0.882 0.877 0.879 0.875 0.849 0.827 0.840  
0.865 0.895 0.879 0.894 0.900 0.899 0.913 0.920 0.907 0.927 0.962 0.949 0.967 0.967 0.904 0.946 0.942 0.938 0.946 0.969 0.967 0.886 0.964 0.956 0.961 0.955 0.947 0.964 0.964 0.914 0.942 0.894 0.910 0.881 1.000 0.942 0.948 0.897 0.888 0.868 0.854 0.860 0.867 0.951 0.893 0.866 0.874 0.894 0.959 0.890 0.887 0.922 0.856 0.869 0.943 0.872 0.952 0.874 0.859 0.936 0.864 0.883 0.876 0.946 0.899 0.902 0.887 0.871 0.824 0.878 0.889 0.860 0.857 0.852 0.896 0.820 0.878 0.735 0.888 0.883 0.829 0.778 0.786 0.758 0.898 0.898 0.943 0.903 0.940 0.902 0.865 0.888  
0.868 0.898 0.887 0.905 0.899 0.901 0.920 0.913 0.905 0.928 0.955 0.951 0.945 0.949 0.905 0.956 0.950 0.946 0.950 0.940 0.949 0.888 0.951 0.956 0.948 0.953 0.931 0.959 0.944 0.932 0.962 0.902 0.910 0.884 0.942 1.000 0.954 0.887 0.889 0.870 0.857 0.865 0.867 0.967 0.886 0.868 0.873 0.901 0.937 0.880 0.886 0.913 0.871 0.881 0.957 0.877 0.946 0.880 0.868 0.966 0.862 0.892 0.876 0.937 0.910 0.901 0.895 0.855 0.829 0.875 0.902 0.865 0.856 0.850 0.890 0.825 0.879 0.736 0.879 0.881 0.834 0.767 0.773 0.752 0.898 0.898 0.955 0.897 0.941 0.890 0.874 0.879  
0.875 0.908 0.891 0.901 0.912 0.911 0.914 0.910 0.900 0.925 0.964 0.967 0.962 0.966 0.900 0.986 0.974 0.970 0.969 0.954 0.963 0.889 0.974 0.982 0.951 0.959 0.948 0.970 0.959 0.937 0.957 0.909 0.915 0.888 0.948 0.954 1.000 0.890 0.886 0.873 0.861 0.868 0.871 0.964 0.888 0.870 0.874 0.897 0.957 0.884 0.893 0.913 0.869 0.879 0.947 0.882 0.945 0.868 0.870 0.948 0.867 0.882 0.867 0.947 0.905 0.897 0.896 0.846 0.817 0.874 0.906 0.853 0.844 0.838 0.886 0.813 0.877 0.732 0.872 0.874 0.829 0.766 0.773 0.748 0.912 0.910 0.984 0.896 0.938 0.883 0.864 0.875  
0.867 0.881 0.873 0.876 0.894 0.894 0.894 0.893 0.891 0.908 0.895 0.875 0.895 0.901 0.888 0.887 0.890 0.888 0.879 0.899 0.890 0.870 0.897 0.887 0.896 0.881 0.910 0.894 0.900 0.889 0.886 0.906 0.883 0.897 0.893 0.883 0.886 1.000 0.903 0.920 0.891 0.886 0.899 0.887 0.948 0.922 0.907 0.890 0.895 0.965 0.900 0.903 0.845 0.887 0.890 0.904 0.902 0.907 0.881 0.885 0.917 0.888 0.892 0.889 0.902 0.915 0.885 0.882 0.841 0.882 0.904 0.875 0.883 0.875 0.922 0.836 0.885 0.732 0.888 0.911 0.829 0.770 0.789 0.773 0.889 0.889 0.879 0.939 0.873 0.893 0.855 0.870  
0.854 0.888 0.873 0.888 0.884 0.884 0.894 0.886 0.881 0.887 0.879 0.875 0.876 0.883 0.882 0.883 0.887 0.877 0.883 0.874 0.882 0.878 0.884 0.881 0.884 0.885 0.879 0.888 0.875 0.878 0.887 0.889 0.894 0.904 0.883 0.885 0.881 0.902 1.000 0.934 0.903 0.913 0.932 0.890 0.885 0.930 0.893 0.887 0.872 0.897 0.887 0.892 0.845 0.936 0.886 0.933 0.881 0.913 0.904 0.885 0.895 0.885 0.883 0.875 0.889 0.888 0.874 0.846 0.836 0.873 0.897 0.857 0.848 0.842 0.888 0.824 0.886 0.734 0.858 0.878 0.838 0.747 0.761 0.740 0.883 0.882 0.879 0.890 0.880 0.872 0.840 0.861  
0.861 0.875 0.865 0.871 0.886 0.885 0.878 0.873 0.875 0.880 0.873 0.861 0.874 0.874 0.869 0.873 0.876 0.873 0.867 0.875 0.868 0.868 0.875 0.871 0.871 0.865 0.884 0.872 0.875 0.887 0.870 0.890 0.873 0.900 0.866 0.868 0.871 0.922 0.937 1.000 0.908 0.907 0.929 0.872 0.904 0.959 0.898 0.881 0.874 0.918 0.889 0.878 0.835 0.913 0.874 0.933 0.877 0.907 0.898 0.870 0.927 0.873 0.872 0.870 0.882 0.886 0.878 0.848 0.835 0.872 0.911 0.859 0.851 0.848 0.885 0.837 0.892 0.725 0.854 0.880 0.848 0.740 0.764 0.740 0.884 0.883 0.865 0.893 0.863 0.869 0.840 0.853  
0.838 0.854 0.844 0.851 0.862 0.865 0.858 0.850 0.853 0.856 0.860 0.849 0.860 0.860 0.850 0.860 0.866 0.862 0.851 0.859 0.853 0.843 0.861 0.857 0.853 0.857 0.864 0.858 0.861 0.868 0.859 0.868 0.859 0.885 0.853 0.856 0.859 0.894 0.906 0.909 1.000 0.939 0.917 0.860 0.874 0.907 0.860 0.863 0.858 0.883 0.873 0.854 0.816 0.917 0.863 0.906 0.860 0.872 0.931 0.858 0.878 0.846 0.851 0.850 0.861 0.859 0.854 0.825 0.800 0.833 0.884 0.821 0.830 0.821 0.854 0.802 0.848 0.712 0.830 0.847 0.814 0.750 0.765 0.749 0.861 0.860 0.853 0.867 0.848 0.834 0.819 0.826  
0.846 0.860 0.848 0.857 0.869 0.869 0.862 0.850 0.851 0.851 0.866 0.858 0.868 0.865 0.847 0.869 0.874 0.873 0.860 0.865 0.859 0.850 0.867 0.866 0.855 0.866 0.868 0.865 0.866 0.877 0.868 0.862 0.863 0.908 0.858 0.864 0.866 0.888 0.916 0.908 0.939 1.000 0.926 0.869 0.872 0.909 0.853 0.869 0.863 0.879 0.892 0.856 0.818 0.937 0.871 0.912 0.865 0.863 0.972 0.865 0.873 0.847 0.846 0.854 0.856 0.858 0.859 0.825 0.796 0.830 0.897 0.822 0.830 0.823 0.848 0.800 0.843 0.718 0.831 0.840 0.817 0.752 0.763 0.747 0.870 0.868 0.861 0.864 0.859 0.833 0.818 0.826  
0.855 0.870 0.860 0.868 0.878 0.879 0.871 0.862 0.859 0.865 0.867 0.859 0.870 0.868 0.853 0.869 0.877 0.869 0.865 0.869 0.864 0.869 0.869 0.868 0.865 0.865 0.874 0.867 0.869 0.883 0.869 0.870 0.870 0.901 0.864 0.864 0.868 0.900 0.933 0.928 0.916 0.925 1.000 0.868 0.888 0.930 0.882 0.873 0.870 0.902 0.898 0.870 0.818 0.929 0.872 0.943 0.868 0.887 0.912 0.869 0.902 0.861 0.854 0.859 0.863 0.877 0.867 0.838 0.803 0.850 0.900 0.835 0.831 0.829 0.869 0.808 0.864 0.723 0.850 0.866 0.834 0.746 0.770 0.740 0.878 0.877 0.862 0.873 0.864 0.851 0.822 0.832  
0.873 0.898 0.886 0.897 0.906 0.905 0.917 0.918 0.909 0.916 0.952 0.953 0.947 0.950 0.910 0.962 0.958 0.956 0.956 0.941 0.948 0.890 0.954 0.961 0.942 0.966 0.934 0.955 0.946 0.933 0.962 0.901 0.916 0.887 0.950 0.966 0.963 0.890 0.893 0.873 0.861 0.869 0.869 1.000 0.888 0.872 0.869 0.902 0.942 0.883 0.892 0.914 0.864 0.878 0.951 0.880 0.946 0.870 0.872 0.946 0.864 0.883 0.881 0.933 0.903 0.899 0.898 0.855 0.827 0.871 0.907 0.856 0.851 0.844 0.883 0.818 0.875 0.740 0.871 0.871 0.830 0.768 0.775 0.754 0.906 0.904 0.961 0.898 0.946 0.892 0.865 0.883  
0.879 0.887 0.880 0.882 0.906 0.902 0.897 0.909 0.899 0.912 0.896 0.878 0.898 0.902 0.902 0.889 0.886 0.889 0.889 0.905 0.895 0.889 0.901 0.889 0.903 0.879 0.920 0.897 0.902 0.902 0.883 0.917 0.887 0.885 0.892 0.884 0.887 0.951 0.888 0.905 0.874 0.872 0.889 0.887 1.000 0.904 0.906 0.894 0.902 0.952 0.899 0.921 0.857 0.883 0.886 0.916 0.907 0.901 0.868 0.883 0.918 0.911 0.892 0.903 0.913 0.944 0.895 0.880 0.844 0.899 0.913 0.887 0.875 0.878 0.933 0.841 0.898 0.737 0.892 0.914 0.838 0.769 0.799 0.773 0.902 0.902 0.880 0.943 0.882 0.906 0.863 0.878  
0.860 0.874 0.862 0.870 0.884 0.885 0.877 0.869 0.872 0.876 0.869 0.857 0.870 0.871 0.867 0.869 0.872 0.870 0.862 0.871 0.864 0.866 0.874 0.867 0.868 0.862 0.882 0.871 0.872 0.884 0.867 0.889 0.874 0.903 0.864 0.866 0.868 0.924 0.932 0.959 0.907 0.908 0.930 0.870 0.904 1.000 0.891 0.879 0.869 0.913 0.889 0.873 0.838 0.910 0.871 0.928 0.874 0.901 0.900 0.867 0.917 0.872 0.876 0.868 0.882 0.883 0.876 0.844 0.837 0.870 0.903 0.858 0.854 0.846 0.882 0.834 0.887 0.726 0.852 0.874 0.846 0.739 0.761 0.743 0.884 0.882 0.862 0.890 0.858 0.866 0.841 0.853  
0.842 0.874 0.868 0.876 0.872 0.868 0.880 0.901 0.882 0.894 0.875 0.866 0.869 0.876 0.890 0.871 0.870 0.863 0.877 0.871 0.877 0.873 0.876 0.871 0.885 0.862 0.876 0.876 0.870 0.872 0.868 0.912 0.865 0.878 0.872 0.872 0.872 0.909 0.896 0.898 0.859 0.853 0.883 0.868 0.905 0.891 1.000 0.869 0.873 0.920 0.858 0.892 0.856 0.874 0.868 0.900 0.879 0.932 0.847 0.875 0.919 0.897 0.900 0.881 0.906 0.905 0.870 0.860 0.834 0.899 0.883 0.878 0.847 0.855 0.924 0.833 0.903 0.731 0.877 0.942 0.845 0.730 0.769 0.739 0.870 0.869 0.867 0.894 0.869 0.883 0.852 0.863  
0.896 0.905 0.903 0.907 0.915 0.916 0.915 0.895 0.888 0.887 0.904 0.893 0.900 0.900 0.890 0.906 0.908 0.901 0.901 0.898 0.900 0.892 0.905 0.901 0.902 0.904 0.908 0.908 0.897 0.901 0.911 0.895 0.909 0.885 0.897 0.905 0.901 0.898 0.895 0.887 0.868 0.874 0.879 0.906 0.899 0.884 0.874 1.000 0.897 0.895 0.883 0.902 0.856 0.889 0.910 0.896 0.901 0.874 0.870 0.899 0.875 0.914 0.875 0.890 0.894 0.926 0.907 0.858 0.832 0.869 0.910 0.864 0.859 0.851 0.891 0.832 0.874 0.736 0.874 0.881 0.860 0.765 0.772 0.749 0.913 0.912 0.900 0.909 0.889 0.874 0.844 0.859  
0.876 0.900 0.887 0.893 0.914 0.912 0.909 0.914 0.903 0.922 0.972 0.943 0.982 0.969 0.897 0.955 0.943 0.951 0.952 0.981 0.980 0.889 0.972 0.962 0.966 0.940 0.962 0.966 0.981 0.928 0.937 0.904 0.904 0.884 0.960 0.937 0.957 0.899 0.877 0.876 0.860 0.865 0.873 0.943 0.904 0.872 0.875 0.894 1.000 0.898 0.894 0.921 0.857 0.868 0.936 0.884 0.959 0.869 0.866 0.932 0.879 0.883 0.863 0.952 0.903 0.904 0.899 0.858 0.815 0.879 0.904 0.858 0.848 0.846 0.895 0.819 0.877 0.732 0.883 0.880 0.830 0.777 0.785 0.755 0.913 0.913 0.949 0.902 0.936 0.892 0.861 0.879  
0.866 0.877 0.870 0.872 0.893 0.890 0.887 0.894 0.884 0.902 0.889 0.873 0.892 0.895 0.884 0.882 0.883 0.882 0.882 0.898 0.888 0.880 0.893 0.884 0.896 0.875 0.907 0.889 0.895 0.893 0.878 0.899 0.879 0.888 0.888 0.878 0.882 0.966 0.899 0.917 0.882 0.878 0.903 0.881 0.951 0.913 0.919 0.889 0.895 1.000 0.900 0.909 0.838 0.885 0.883 0.916 0.899 0.910 0.873 0.880 0.928 0.896 0.883 0.889 0.894 0.929 0.884 0.885 0.837 0.890 0.906 0.881 0.873 0.873 0.918 0.836 0.895 0.734 0.888 0.916 0.837 0.765 0.792 0.763 0.889 0.888 0.874 0.932 0.878 0.898 0.853 0.870  
0.866 0.870 0.867 0.866 0.891 0.888 0.884 0.870 0.868 0.869 0.893 0.882 0.895 0.891 0.863 0.890 0.892 0.894 0.889 0.892 0.887 0.868 0.895 0.895 0.882 0.885 0.899 0.894 0.892 0.900 0.891 0.875 0.878 0.903 0.885 0.884 0.890 0.901 0.890 0.889 0.873 0.892 0.899 0.890 0.898 0.889 0.858 0.877 0.892 0.900 1.000 0.883 0.829 0.894 0.894 0.905 0.890 0.864 0.893 0.885 0.881 0.858 0.849 0.879 0.870 0.885 0.895 0.841 0.804 0.846 0.924 0.838 0.837 0.833 0.865 0.803 0.852 0.728 0.861 0.855 0.821 0.772 0.782 0.760 0.889 0.886 0.883 0.888 0.889 0.853 0.829 0.840  
0.886 0.918 0.903 0.919 0.921 0.920 0.946 0.932 0.913 0.922 0.924 0.911 0.923 0.931 0.919 0.916 0.908 0.909 0.926 0.925 0.933 0.928 0.929 0.919 0.939 0.908 0.931 0.929 0.925 0.903 0.916 0.919 0.935 0.882 0.924 0.915 0.915 0.909 0.898 0.882 0.857 0.860 0.874 0.917 0.924 0.876 0.895 0.901 0.923 0.913 0.887 1.000 0.870 0.880 0.914 0.889 0.930 0.898 0.858 0.906 0.886 0.912 0.889 0.929 0.924 0.936 0.890 0.874 0.844 0.901 0.903 0.886 0.869 0.869 0.920 0.839 0.905 0.750 0.893 0.902 0.841 0.781 0.808 0.769 0.918 0.919 0.911 0.919 0.909 0.913 0.875 0.899  
0.823 0.860 0.844 0.867 0.851 0.854 0.864 0.889 0.895 0.867 0.867 0.861 0.858 0.866 0.913 0.865 0.855 0.859 0.873 0.857 0.867 0.854 0.866 0.863 0.866 0.850 0.856 0.868 0.859 0.847 0.856 0.918 0.855 0.839 0.851 0.866 0.864 0.844 0.844 0.832 0.813 0.815 0.816 0.860 0.853 0.835 0.853 0.848 0.852 0.836 0.826 0.863 1.000 0.834 0.853 0.833 0.870 0.840 0.818 0.860 0.827 0.857 0.867 0.878 0.922 0.862 0.838 0.805 0.819 0.851 0.842 0.839 0.818 0.813 0.852 0.792 0.851 0.718 0.818 0.846 0.799 0.702 0.730 0.714 0.850 0.849 0.861 0.848 0.841 0.844 0.839 0.847  
0.854 0.881 0.871 0.880 0.882 0.885 0.886 0.869 0.867 0.866 0.879 0.867 0.870 0.877 0.870 0.878 0.883 0.872 0.873 0.866 0.870 0.871 0.876 0.876 0.869 0.873 0.877 0.874 0.869 0.880 0.882 0.885 0.884 0.914 0.866 0.879 0.876 0.888 0.938 0.912 0.916 0.936 0.928 0.876 0.882 0.909 0.873 0.883 0.865 0.884 0.893 0.875 0.836 1.000 0.879 0.930 0.870 0.882 0.931 0.876 0.880 0.867 0.866 0.868 0.876 0.882 0.868 0.834 0.817 0.848 0.902 0.845 0.838 0.833 0.866 0.814 0.862 0.726 0.842 0.859 0.829 0.752 0.763 0.742 0.883 0.881 0.871 0.880 0.865 0.850 0.833 0.839  
0.870 0.894 0.885 0.896 0.898 0.898 0.922 0.905 0.898 0.916 0.956 0.947 0.948 0.950 0.893 0.955 0.954 0.944 0.941 0.941 0.949 0.891 0.954 0.955 0.937 0.955 0.936 0.957 0.945 0.932 0.979 0.896 0.915 0.890 0.945 0.959 0.949 0.896 0.893 0.878 0.866 0.875 0.877 0.954 0.889 0.875 0.872 0.908 0.938 0.888 0.899 0.915 0.860 0.884 1.000 0.885 0.940 0.876 0.874 0.948 0.867 0.881 0.869 0.926 0.899 0.900 0.897 0.857 0.820 0.866 0.909 0.854 0.851 0.845 0.885 0.819 0.872 0.731 0.880 0.876 0.835 0.772 0.776 0.753 0.897 0.896 0.950 0.902 0.933 0.883 0.864 0.872  
0.877 0.884 0.879 0.881 0.899 0.899 0.881 0.877 0.870 0.873 0.876 0.869 0.881 0.877 0.872 0.879 0.883 0.879 0.879 0.880 0.875 0.885 0.879 0.878 0.877 0.871 0.892 0.876 0.879 0.906 0.878 0.889 0.883 0.903 0.869 0.874 0.879 0.905 0.935 0.933 0.905 0.911 0.943 0.879 0.915 0.927 0.900 0.891 0.882 0.916 0.905 0.885 0.836 0.930 0.880 1.000 0.878 0.901 0.903 0.876 0.924 0.883 0.867 0.875 0.880 0.902 0.891 0.846 0.821 0.871 0.936 0.857 0.837 0.840 0.886 0.827 0.881 0.735 0.862 0.879 0.848 0.742 0.769 0.737 0.899 0.898 0.873 0.884 0.879 0.867 0.835 0.846  
0.876 0.897 0.887 0.902 0.910 0.907 0.920 0.928 0.919 0.932 0.965 0.941 0.963 0.968 0.912 0.943 0.934 0.947 0.945 0.965 0.964 0.897 0.960 0.949 0.956 0.934 0.956 0.959 0.971 0.919 0.938 0.914 0.908 0.887 0.952 0.946 0.945 0.907 0.885 0.879 0.861 0.867 0.871 0.947 0.908 0.876 0.881 0.898 0.959 0.901 0.892 0.928 0.875 0.873 0.938 0.880 1.000 0.881 0.868 0.941 0.875 0.891 0.879 0.958 0.921 0.916 0.899 0.868 0.828 0.881 0.900 0.866 0.864 0.856 0.897 0.826 0.881 0.734 0.890 0.888 0.833 0.778 0.789 0.767 0.906 0.906 0.942 0.912 0.927 0.897 0.874 0.889  
0.838 0.867 0.862 0.875 0.866 0.863 0.883 0.893 0.877 0.888 0.872 0.868 0.866 0.873 0.880 0.866 0.865 0.860 0.874 0.868 0.876 0.872 0.871 0.868 0.883 0.866 0.869 0.875 0.867 0.865 0.871 0.893 0.870 0.874 0.872 0.879 0.866 0.909 0.915 0.907 0.872 0.863 0.887 0.869 0.901 0.901 0.931 0.869 0.866 0.911 0.865 0.894 0.843 0.883 0.872 0.901 0.879 1.000 0.857 0.875 0.928 0.895 0.888 0.873 0.894 0.897 0.861 0.862 0.835 0.885 0.878 0.877 0.857 0.862 0.919 0.845 0.898 0.724 0.874 0.919 0.845 0.739 0.769 0.740 0.864 0.864 0.862 0.889 0.867 0.880 0.850 0.860  
0.842 0.856 0.844 0.853 0.866 0.867 0.860 0.848 0.849 0.849 0.867 0.860 0.868 0.866 0.847 0.870 0.875 0.875 0.860 0.865 0.859 0.846 0.867 0.867 0.855 0.867 0.868 0.865 0.867 0.873 0.870 0.860 0.862 0.905 0.857 0.865 0.867 0.882 0.906 0.897 0.929 0.970 0.912 0.870 0.867 0.899 0.846 0.864 0.863 0.872 0.893 0.854 0.820 0.931 0.869 0.903 0.865 0.856 1.000 0.867 0.866 0.842 0.843 0.854 0.855 0.855 0.857 0.820 0.793 0.825 0.892 0.817 0.827 0.818 0.841 0.794 0.837 0.716 0.825 0.833 0.813 0.752 0.761 0.749 0.866 0.864 0.862 0.861 0.860 0.827 0.816 0.823  
0.864 0.894 0.885 0.901 0.897 0.896 0.911 0.903 0.894 0.929 0.947 0.939 0.937 0.942 0.895 0.947 0.952 0.936 0.940 0.929 0.943 0.881 0.947 0.943 0.939 0.946 0.927 0.952 0.935 0.927 0.951 0.899 0.903 0.883 0.935 0.965 0.947 0.888 0.889 0.871 0.858 0.866 0.870 0.946 0.883 0.868 0.876 0.895 0.931 0.881 0.886 0.903 0.864 0.878 0.945 0.877 0.940 0.876 0.868 1.000 0.862 0.881 0.867 0.930 0.905 0.896 0.893 0.854 0.821 0.873 0.901 0.857 0.848 0.843 0.887 0.814 0.876 0.730 0.877 0.881 0.830 0.761 0.769 0.749 0.895 0.895 0.947 0.896 0.925 0.882 0.865 0.870  
0.856 0.869 0.863 0.864 0.879 0.878 0.870 0.882 0.872 0.881 0.869 0.857 0.873 0.871 0.874 0.865 0.865 0.865 0.868 0.876 0.869 0.870 0.870 0.867 0.875 0.856 0.881 0.867 0.874 0.882 0.860 0.892 0.861 0.875 0.863 0.861 0.866 0.919 0.898 0.927 0.878 0.873 0.903 0.864 0.918 0.917 0.920 0.870 0.877 0.929 0.882 0.883 0.831 0.882 0.864 0.925 0.874 0.928 0.867 0.861 1.000 0.888 0.877 0.871 0.882 0.901 0.877 0.854 0.830 0.888 0.906 0.868 0.845 0.850 0.911 0.843 0.897 0.726 0.868 0.906 0.847 0.736 0.772 0.740 0.877 0.877 0.859 0.895 0.866 0.879 0.840 0.851  
0.869 0.892 0.888 0.894 0.890 0.886 0.898 0.906 0.887 0.905 0.882 0.882 0.882 0.890 0.899 0.885 0.881 0.877 0.897 0.886 0.893 0.889 0.889 0.885 0.903 0.879 0.890 0.894 0.883 0.883 0.882 0.909 0.888 0.864 0.884 0.894 0.883 0.894 0.891 0.876 0.848 0.850 0.865 0.885 0.914 0.875 0.900 0.912 0.884 0.899 0.862 0.911 0.863 0.871 0.880 0.887 0.892 0.899 0.846 0.883 0.890 1.000 0.896 0.899 0.909 0.926 0.886 0.870 0.842 0.904 0.890 0.896 0.869 0.873 0.931 0.845 0.900 0.733 0.895 0.916 0.854 0.747 0.768 0.742 0.888 0.887 0.881 0.901 0.884 0.906 0.857 0.876  
0.842 0.875 0.863 0.880 0.869 0.871 0.887 0.900 0.896 0.884 0.871 0.862 0.864 0.870 0.907 0.865 0.860 0.861 0.870 0.863 0.870 0.873 0.869 0.864 0.876 0.867 0.869 0.870 0.866 0.861 0.867 0.917 0.875 0.881 0.875 0.874 0.866 0.895 0.886 0.872 0.851 0.846 0.855 0.880 0.892 0.877 0.901 0.870 0.862 0.884 0.850 0.886 0.870 0.867 0.865 0.868 0.877 0.889 0.845 0.867 0.877 0.893 1.000 0.871 0.909 0.892 0.860 0.841 0.841 0.879 0.872 0.866 0.843 0.837 0.899 0.819 0.886 0.739 0.851 0.889 0.828 0.725 0.754 0.733 0.869 0.868 0.863 0.884 0.865 0.881 0.846 0.865  
0.869 0.906 0.891 0.899 0.907 0.904 0.909 0.926 0.913 0.933 0.955 0.936 0.954 0.963 0.916 0.945 0.936 0.938 0.952 0.961 0.961 0.894 0.959 0.953 0.961 0.925 0.947 0.952 0.959 0.920 0.923 0.922 0.905 0.873 0.946 0.937 0.948 0.893 0.880 0.872 0.851 0.856 0.861 0.934 0.905 0.870 0.883 0.887 0.952 0.892 0.881 0.928 0.884 0.871 0.924 0.877 0.958 0.875 0.857 0.931 0.872 0.898 0.873 1.000 0.923 0.912 0.893 0.857 0.829 0.893 0.893 0.873 0.856 0.853 0.898 0.825 0.889 0.735 0.882 0.886 0.834 0.764 0.784 0.759 0.906 0.905 0.940 0.902 0.922 0.900 0.879 0.895  
0.866 0.897 0.891 0.904 0.895 0.896 0.912 0.940 0.938 0.932 0.908 0.894 0.900 0.910 0.955 0.900 0.894 0.894 0.910 0.900 0.910 0.889 0.909 0.899 0.915 0.887 0.907 0.911 0.902 0.888 0.894 0.973 0.898 0.875 0.896 0.906 0.901 0.902 0.890 0.881 0.858 0.854 0.862 0.900 0.911 0.880 0.904 0.887 0.899 0.893 0.868 0.918 0.923 0.875 0.893 0.879 0.917 0.892 0.854 0.902 0.880 0.904 0.906 0.919 1.000 0.913 0.882 0.859 0.850 0.901 0.886 0.885 0.870 0.865 0.914 0.835 0.898 0.741 0.876 0.905 0.833 0.751 0.779 0.760 0.892 0.891 0.898 0.905 0.883 0.896 0.877 0.884  
0.876 0.893 0.890 0.895 0.906 0.901 0.912 0.920 0.908 0.909 0.904 0.891 0.899 0.907 0.910 0.898 0.894 0.891 0.903 0.905 0.906 0.908 0.907 0.898 0.915 0.891 0.917 0.909 0.903 0.901 0.898 0.916 0.900 0.880 0.900 0.900 0.896 0.917 0.891 0.887 0.860 0.859 0.878 0.898 0.944 0.884 0.905 0.921 0.903 0.930 0.886 0.932 0.865 0.883 0.896 0.903 0.915 0.897 0.857 0.896 0.901 0.924 0.893 0.910 0.916 1.000 0.899 0.877 0.841 0.901 0.908 0.882 0.867 0.868 0.917 0.835 0.898 0.740 0.891 0.909 0.854 0.769 0.797 0.768 0.900 0.901 0.893 0.941 0.894 0.908 0.861 0.883  
0.915 0.895 0.923 0.891 0.913 0.908 0.896 0.886 0.876 0.882 0.898 0.887 0.901 0.897 0.873 0.896 0.895 0.897 0.895 0.899 0.894 0.876 0.904 0.897 0.895 0.888 0.905 0.902 0.898 0.899 0.894 0.892 0.884 0.884 0.888 0.896 0.897 0.889 0.879 0.881 0.856 0.861 0.870 0.899 0.897 0.879 0.872 0.905 0.899 0.887 0.898 0.889 0.843 0.871 0.895 0.894 0.900 0.864 0.861 0.895 0.880 0.886 0.862 0.893 0.886 0.901 1.000 0.861 0.813 0.863 0.920 0.855 0.864 0.858 0.888 0.834 0.861 0.723 0.897 0.877 0.853 0.756 0.764 0.754 0.909 0.909 0.891 0.895 0.891 0.866 0.831 0.848  
0.849 0.841 0.867 0.845 0.848 0.845 0.864 0.879 0.865 0.883 0.866 0.855 0.863 0.870 0.864 0.853 0.856 0.851 0.861 0.870 0.870 0.848 0.867 0.858 0.873 0.864 0.867 0.870 0.866 0.853 0.861 0.866 0.849 0.845 0.880 0.863 0.855 0.894 0.858 0.859 0.834 0.835 0.849 0.864 0.890 0.854 0.870 0.864 0.866 0.897 0.851 0.881 0.817 0.845 0.863 0.856 0.876 0.872 0.831 0.864 0.864 0.877 0.850 0.865 0.871 0.887 0.869 1.000 0.817 0.873 0.854 0.867 0.922 0.926 0.896 0.860 0.874 0.734 0.908 0.890 0.855 0.768 0.775 0.760 0.844 0.843 0.850 0.889 0.864 0.891 0.850 0.867  
0.807 0.835 0.819 0.838 0.836 0.838 0.847 0.849 0.846 0.857 0.833 0.826 0.826 0.836 0.859 0.827 0.823 0.820 0.832 0.828 0.833 0.826 0.833 0.828 0.841 0.831 0.841 0.837 0.829 0.829 0.828 0.862 0.841 0.823 0.833 0.838 0.826 0.854 0.849 0.846 0.810 0.806 0.814 0.837 0.855 0.848 0.845 0.838 0.823 0.849 0.815 0.852 0.833 0.828 0.827 0.832 0.837 0.846 0.804 0.831 0.841 0.850 0.851 0.838 0.863 0.852 0.821 0.818 1.000 0.884 0.835 0.875 0.845 0.836 0.853 0.836 0.896 0.720 0.821 0.845 0.803 0.706 0.724 0.703 0.834 0.834 0.824 0.847 0.823 0.884 0.844 0.860  
0.848 0.883 0.870 0.885 0.879 0.876 0.886 0.907 0.889 0.913 0.878 0.873 0.879 0.886 0.900 0.877 0.872 0.867 0.891 0.884 0.891 0.879 0.885 0.879 0.902 0.870 0.887 0.887 0.880 0.879 0.870 0.910 0.877 0.854 0.883 0.880 0.879 0.891 0.882 0.879 0.839 0.836 0.858 0.876 0.906 0.877 0.906 0.870 0.884 0.898 0.853 0.905 0.861 0.856 0.869 0.878 0.886 0.892 0.832 0.879 0.894 0.908 0.886 0.898 0.910 0.908 0.867 0.870 0.879 1.000 0.876 0.919 0.878 0.879 0.915 0.862 0.949 0.740 0.878 0.911 0.846 0.736 0.767 0.737 0.877 0.877 0.875 0.889 0.882 0.936 0.880 0.903  
0.887 0.895 0.886 0.891 0.914 0.913 0.899 0.884 0.880 0.881 0.899 0.890 0.901 0.896 0.884 0.903 0.904 0.904 0.901 0.897 0.894 0.887 0.900 0.900 0.894 0.892 0.912 0.897 0.899 0.933 0.901 0.894 0.895 0.906 0.885 0.899 0.902 0.904 0.898 0.909 0.882 0.895 0.899 0.904 0.911 0.902 0.882 0.903 0.901 0.904 0.922 0.897 0.843 0.901 0.903 0.935 0.897 0.877 0.891 0.899 0.904 0.885 0.870 0.890 0.886 0.906 0.916 0.842 0.823 0.867 1.000 0.857 0.839 0.840 0.888 0.827 0.878 0.741 0.869 0.875 0.843 0.755 0.771 0.748 0.913 0.912 0.897 0.893 0.899 0.872 0.841 0.857  
0.850 0.865 0.864 0.872 0.871 0.867 0.878 0.890 0.880 0.894 0.870 0.866 0.865 0.874 0.891 0.863 0.857 0.855 0.875 0.870 0.877 0.866 0.871 0.866 0.888 0.861 0.880 0.875 0.868 0.871 0.862 0.898 0.871 0.851 0.870 0.876 0.863 0.889 0.871 0.871 0.832 0.833 0.847 0.867 0.899 0.870 0.890 0.871 0.868 0.893 0.850 0.894 0.853 0.857 0.862 0.869 0.876 0.889 0.829 0.868 0.879 0.905 0.878 0.883 0.899 0.893 0.864 0.869 0.876 0.924 0.871 1.000 0.882 0.883 0.912 0.865 0.914 0.742 0.874 0.902 0.840 0.749 0.768 0.735 0.868 0.867 0.859 0.879 0.861 0.922 0.881 0.898  
0.857 0.849 0.871 0.853 0.854 0.852 0.871 0.879 0.876 0.892 0.866 0.860 0.861 0.870 0.874 0.856 0.855 0.853 0.859 0.866 0.867 0.847 0.867 0.858 0.873 0.860 0.866 0.870 0.865 0.848 0.859 0.880 0.860 0.848 0.870 0.868 0.856 0.900 0.865 0.866 0.844 0.844 0.845 0.865 0.889 0.869 0.862 0.868 0.860 0.888 0.851 0.880 0.834 0.853 0.862 0.851 0.877 0.871 0.842 0.862 0.858 0.881 0.857 0.868 0.887 0.881 0.877 0.926 0.848 0.886 0.855 0.885 1.000 0.982 0.894 0.881 0.890 0.735 0.897 0.883 0.851 0.766 0.769 0.766 0.850 0.850 0.852 0.894 0.855 0.903 0.873 0.877  
0.852 0.845 0.868 0.850 0.849 0.846 0.865 0.880 0.871 0.887 0.860 0.857 0.857 0.864 0.868 0.851 0.850 0.846 0.857 0.862 0.864 0.848 0.862 0.854 0.871 0.855 0.860 0.866 0.860 0.847 0.853 0.872 0.853 0.842 0.866 0.863 0.851 0.893 0.859 0.863 0.835 0.837 0.844 0.858 0.893 0.861 0.870 0.861 0.859 0.889 0.848 0.880 0.830 0.849 0.856 0.855 0.869 0.877 0.833 0.857 0.864 0.885 0.851 0.866 0.882 0.883 0.871 0.931 0.840 0.888 0.857 0.887 0.983 1.000 0.902 0.889 0.889 0.733 0.905 0.888 0.858 0.763 0.769 0.760 0.845 0.845 0.847 0.890 0.856 0.903 0.872 0.875  
0.860 0.883 0.882 0.886 0.882 0.880 0.894 0.912 0.895 0.921 0.892 0.878 0.890 0.899 0.901 0.885 0.881 0.875 0.894 0.893 0.901 0.875 0.896 0.888 0.913 0.876 0.896 0.899 0.892 0.879 0.880 0.915 0.879 0.866 0.895 0.889 0.885 0.925 0.892 0.886 0.854 0.848 0.871 0.882 0.933 0.883 0.924 0.887 0.894 0.920 0.866 0.917 0.856 0.868 0.882 0.887 0.896 0.920 0.843 0.887 0.911 0.929 0.900 0.897 0.916 0.918 0.887 0.886 0.843 0.909 0.890 0.900 0.880 0.887 1.000 0.865 0.911 0.732 0.915 0.955 0.850 0.758 0.784 0.750 0.879 0.879 0.882 0.912 0.880 0.909 0.863 0.876  
0.861 0.828 0.850 0.832 0.831 0.832 0.842 0.850 0.845 0.850 0.837 0.833 0.833 0.838 0.849 0.827 0.823 0.822 0.836 0.835 0.838 0.828 0.834 0.832 0.843 0.828 0.837 0.838 0.835 0.832 0.830 0.852 0.833 0.821 0.834 0.839 0.827 0.855 0.842 0.854 0.817 0.815 0.824 0.833 0.857 0.850 0.849 0.843 0.833 0.853 0.819 0.852 0.810 0.831 0.831 0.844 0.840 0.862 0.810 0.829 0.859 0.859 0.835 0.839 0.853 0.850 0.848 0.867 0.841 0.872 0.844 0.870 0.883 0.891 0.881 1.000 0.896 0.741 0.892 0.863 0.876 0.736 0.740 0.733 0.829 0.828 0.824 0.843 0.830 0.873 0.846 0.850  
0.847 0.887 0.868 0.888 0.881 0.882 0.892 0.903 0.892 0.910 0.880 0.873 0.880 0.887 0.900 0.879 0.877 0.869 0.889 0.880 0.888 0.883 0.886 0.881 0.898 0.872 0.887 0.889 0.880 0.882 0.874 0.907 0.882 0.862 0.882 0.883 0.880 0.893 0.894 0.897 0.853 0.848 0.870 0.879 0.903 0.892 0.909 0.874 0.880 0.901 0.857 0.906 0.859 0.868 0.874 0.887 0.885 0.903 0.843 0.881 0.902 0.903 0.891 0.893 0.905 0.903 0.863 0.869 0.889 0.947 0.885 0.907 0.880 0.879 0.916 0.884 1.000 0.755 0.879 0.907 0.864 0.738 0.769 0.739 0.880 0.880 0.878 0.891 0.879 0.930 0.884 0.903  
0.742 0.762 0.746 0.760 0.751 0.755 0.758 0.759 0.759 0.746 0.746 0.740 0.745 0.745 0.765 0.744 0.740 0.742 0.747 0.744 0.744 0.766 0.744 0.743 0.747 0.743 0.749 0.744 0.745 0.743 0.743 0.760 0.756 0.742 0.746 0.747 0.743 0.746 0.748 0.738 0.723 0.730 0.736 0.752 0.749 0.738 0.743 0.744 0.743 0.747 0.740 0.760 0.733 0.740 0.740 0.748 0.745 0.737 0.729 0.741 0.738 0.743 0.751 0.745 0.756 0.752 0.733 0.738 0.723 0.747 0.756 0.744 0.735 0.733 0.744 0.739 0.763 1.000 0.736 0.737 0.741 0.698 0.701 0.699 0.754 0.754 0.739 0.747 0.752 0.758 0.746 0.751  
0.891 0.858 0.884 0.863 0.862 0.860 0.877 0.881 0.869 0.898 0.882 0.870 0.880 0.889 0.865 0.871 0.871 0.864 0.880 0.887 0.891 0.861 0.887 0.876 0.897 0.869 0.888 0.889 0.883 0.871 0.875 0.876 0.861 0.853 0.889 0.880 0.873 0.892 0.862 0.856 0.832 0.833 0.853 0.873 0.894 0.855 0.879 0.871 0.883 0.891 0.863 0.892 0.823 0.845 0.878 0.865 0.890 0.876 0.828 0.879 0.870 0.894 0.853 0.883 0.880 0.893 0.897 0.899 0.813 0.874 0.873 0.864 0.885 0.892 0.917 0.877 0.876 0.725 1.000 0.901 0.872 0.764 0.767 0.752 0.858 0.858 0.868 0.893 0.877 0.887 0.836 0.854  
0.851 0.873 0.876 0.880 0.870 0.868 0.886 0.907 0.888 0.912 0.884 0.873 0.878 0.886 0.895 0.874 0.872 0.865 0.886 0.881 0.890 0.874 0.885 0.877 0.901 0.870 0.884 0.888 0.880 0.873 0.875 0.910 0.868 0.867 0.884 0.883 0.876 0.916 0.884 0.884 0.850 0.843 0.870 0.874 0.917 0.878 0.946 0.879 0.882 0.920 0.859 0.902 0.852 0.863 0.875 0.883 0.889 0.922 0.837 0.884 0.909 0.917 0.892 0.887 0.910 0.912 0.878 0.882 0.838 0.907 0.880 0.894 0.872 0.876 0.958 0.850 0.905 0.728 0.902 1.000 0.847 0.749 0.779 0.744 0.868 0.867 0.872 0.903 0.875 0.904 0.861 0.872  
0.861 0.843 0.864 0.847 0.842 0.843 0.849 0.856 0.856 0.845 0.846 0.841 0.846 0.844 0.845 0.845 0.842 0.842 0.851 0.845 0.846 0.867 0.846 0.846 0.846 0.842 0.844 0.847 0.844 0.854 0.849 0.855 0.843 0.848 0.844 0.849 0.844 0.848 0.857 0.865 0.830 0.834 0.852 0.846 0.855 0.863 0.862 0.873 0.846 0.855 0.838 0.854 0.818 0.847 0.848 0.866 0.848 0.863 0.831 0.846 0.863 0.868 0.845 0.849 0.852 0.871 0.868 0.862 0.809 0.857 0.862 0.846 0.854 0.861 0.866 0.876 0.876 0.744 0.887 0.861 1.000 0.721 0.736 0.721 0.843 0.842 0.840 0.854 0.853 0.854 0.827 0.841  
0.758 0.758 0.760 0.759 0.770 0.767 0.782 0.771 0.768 0.771 0.792 0.776 0.788 0.794 0.763 0.778 0.776 0.775 0.777 0.791 0.792 0.754 0.792 0.781 0.793 0.780 0.798 0.792 0.792 0.767 0.779 0.764 0.769 0.759 0.790 0.779 0.777 0.785 0.761 0.753 0.762 0.765 0.759 0.780 0.782 0.752 0.742 0.773 0.788 0.779 0.786 0.791 0.717 0.766 0.782 0.755 0.790 0.752 0.766 0.774 0.748 0.757 0.737 0.776 0.766 0.781 0.767 0.772 0.709 0.743 0.770 0.751 0.766 0.763 0.770 0.734 0.746 0.698 0.775 0.759 0.718 1.000 0.795 0.810 0.764 0.764 0.772 0.788 0.769 0.762 0.744 0.756  
0.768 0.778 0.775 0.778 0.790 0.788 0.797 0.809 0.794 0.794 0.801 0.789 0.800 0.805 0.795 0.790 0.787 0.788 0.795 0.804 0.803 0.781 0.802 0.792 0.809 0.788 0.808 0.801 0.803 0.788 0.789 0.799 0.784 0.779 0.802 0.789 0.790 0.810 0.781 0.782 0.783 0.780 0.789 0.792 0.817 0.779 0.787 0.785 0.801 0.811 0.801 0.823 0.750 0.781 0.791 0.787 0.806 0.787 0.780 0.786 0.790 0.783 0.771 0.801 0.799 0.815 0.780 0.783 0.732 0.779 0.791 0.775 0.774 0.773 0.801 0.743 0.782 0.706 0.783 0.795 0.738 0.800 1.000 0.826 0.786 0.787 0.785 0.806 0.785 0.792 0.774 0.785  
0.744 0.745 0.747 0.744 0.757 0.754 0.764 0.768 0.766 0.764 0.767 0.753 0.764 0.769 0.763 0.756 0.756 0.760 0.756 0.768 0.764 0.744 0.769 0.758 0.768 0.755 0.773 0.768 0.768 0.751 0.756 0.767 0.754 0.752 0.765 0.759 0.756 0.784 0.751 0.749 0.758 0.755 0.750 0.762 0.782 0.752 0.748 0.753 0.763 0.773 0.770 0.775 0.725 0.751 0.758 0.746 0.775 0.749 0.758 0.757 0.749 0.748 0.742 0.766 0.770 0.777 0.761 0.760 0.702 0.739 0.758 0.734 0.763 0.756 0.759 0.728 0.743 0.696 0.759 0.750 0.714 0.806 0.817 1.000 0.753 0.753 0.750 0.784 0.751 0.749 0.744 0.747  
0.951 0.955 0.941 0.949 0.986 0.982 0.941 0.903 0.890 0.899 0.913 0.904 0.919 0.915 0.899 0.917 0.912 0.919 0.916 0.916 0.911 0.929 0.919 0.916 0.912 0.901 0.931 0.916 0.918 0.915 0.904 0.907 0.954 0.894 0.903 0.903 0.917 0.898 0.892 0.891 0.867 0.876 0.886 0.912 0.908 0.891 0.876 0.915 0.918 0.896 0.896 0.921 0.860 0.891 0.900 0.907 0.912 0.871 0.874 0.901 0.883 0.892 0.875 0.910 0.901 0.907 0.914 0.840 0.829 0.877 0.922 0.863 0.842 0.837 0.885 0.820 0.881 0.747 0.862 0.871 0.832 0.757 0.774 0.750 1.000 0.992 0.911 0.899 0.902 0.882 0.857 0.865  
0.958 0.956 0.940 0.950 0.990 0.985 0.944 0.903 0.891 0.899 0.913 0.902 0.920 0.915 0.899 0.916 0.911 0.918 0.914 0.916 0.912 0.930 0.919 0.914 0.911 0.900 0.931 0.916 0.918 0.914 0.902 0.907 0.952 0.892 0.904 0.903 0.916 0.898 0.891 0.890 0.866 0.874 0.884 0.910 0.908 0.889 0.875 0.914 0.918 0.896 0.894 0.923 0.859 0.889 0.899 0.905 0.912 0.870 0.872 0.901 0.883 0.891 0.875 0.910 0.900 0.908 0.913 0.840 0.829 0.877 0.921 0.862 0.842 0.837 0.885 0.819 0.881 0.747 0.862 0.871 0.831 0.757 0.775 0.750 0.992 1.000 0.909 0.898 0.901 0.882 0.857 0.865  
0.872 0.903 0.889 0.900 0.907 0.907 0.914 0.907 0.897 0.926 0.959 0.965 0.956 0.963 0.899 0.989 0.977 0.970 0.967 0.949 0.961 0.885 0.968 0.977 0.949 0.963 0.942 0.969 0.955 0.938 0.960 0.904 0.914 0.883 0.945 0.957 0.986 0.885 0.885 0.869 0.856 0.864 0.866 0.964 0.883 0.866 0.870 0.899 0.951 0.878 0.887 0.911 0.868 0.876 0.950 0.877 0.943 0.865 0.866 0.950 0.862 0.882 0.866 0.942 0.904 0.896 0.892 0.844 0.816 0.871 0.903 0.851 0.841 0.835 0.885 0.811 0.876 0.730 0.869 0.872 0.827 0.762 0.770 0.745 0.908 0.906 1.000 0.892 0.933 0.881 0.862 0.873  
0.860 0.885 0.876 0.883 0.893 0.890 0.902 0.902 0.903 0.916 0.904 0.886 0.898 0.908 0.895 0.894 0.894 0.890 0.891 0.904 0.901 0.889 0.907 0.895 0.906 0.889 0.913 0.908 0.903 0.886 0.895 0.906 0.892 0.881 0.900 0.894 0.893 0.940 0.891 0.893 0.866 0.863 0.873 0.896 0.942 0.889 0.893 0.902 0.899 0.932 0.887 0.914 0.850 0.880 0.897 0.884 0.909 0.888 0.861 0.895 0.893 0.897 0.883 0.899 0.906 0.940 0.892 0.878 0.835 0.881 0.894 0.866 0.878 0.873 0.911 0.826 0.884 0.734 0.890 0.899 0.836 0.774 0.787 0.774 0.891 0.890 0.888 1.000 0.885 0.901 0.857 0.878  
0.862 0.886 0.875 0.883 0.896 0.892 0.899 0.910 0.900 0.906 0.931 0.935 0.938 0.931 0.891 0.936 0.929 0.931 0.938 0.933 0.936 0.888 0.934 0.943 0.930 0.939 0.919 0.938 0.931 0.921 0.931 0.884 0.896 0.879 0.940 0.940 0.937 0.877 0.883 0.865 0.849 0.860 0.866 0.946 0.883 0.860 0.871 0.885 0.935 0.880 0.891 0.907 0.846 0.867 0.930 0.881 0.926 0.869 0.862 0.925 0.867 0.882 0.866 0.922 0.887 0.895 0.890 0.855 0.814 0.877 0.902 0.850 0.842 0.842 0.881 0.815 0.875 0.740 0.876 0.873 0.837 0.758 0.768 0.744 0.896 0.895 0.931 0.887 1.000 0.890 0.852 0.877  
0.849 0.883 0.866 0.884 0.882 0.880 0.897 0.918 0.902 0.923 0.895 0.891 0.894 0.901 0.910 0.887 0.882 0.878 0.899 0.900 0.904 0.884 0.896 0.893 0.913 0.895 0.900 0.899 0.896 0.889 0.886 0.904 0.888 0.858 0.907 0.895 0.888 0.902 0.882 0.876 0.841 0.839 0.858 0.898 0.912 0.873 0.890 0.876 0.897 0.906 0.860 0.917 0.854 0.858 0.886 0.874 0.903 0.887 0.835 0.888 0.885 0.910 0.887 0.905 0.905 0.915 0.870 0.887 0.880 0.936 0.881 0.917 0.895 0.894 0.916 0.863 0.932 0.752 0.892 0.908 0.844 0.755 0.780 0.746 0.882 0.882 0.885 0.909 0.896 1.000 0.892 0.916  
0.831 0.863 0.847 0.864 0.861 0.864 0.873 0.891 0.879 0.897 0.881 0.879 0.874 0.883 0.893 0.873 0.867 0.867 0.879 0.875 0.881 0.857 0.881 0.873 0.889 0.874 0.883 0.884 0.879 0.871 0.872 0.890 0.868 0.841 0.876 0.884 0.874 0.869 0.855 0.852 0.830 0.830 0.834 0.876 0.875 0.853 0.864 0.851 0.872 0.866 0.841 0.884 0.854 0.846 0.872 0.848 0.884 0.863 0.829 0.877 0.851 0.866 0.858 0.889 0.892 0.873 0.841 0.852 0.845 0.886 0.855 0.881 0.870 0.869 0.874 0.841 0.891 0.744 0.845 0.870 0.822 0.742 0.767 0.745 0.862 0.862 0.870 0.870 0.863 0.898 1.000 0.884  
0.837 0.872 0.856 0.873 0.873 0.871 0.887 0.908 0.896 0.894 0.890 0.882 0.888 0.895 0.901 0.883 0.876 0.878 0.890 0.892 0.894 0.872 0.894 0.885 0.900 0.886 0.886 0.896 0.892 0.871 0.878 0.892 0.876 0.853 0.898 0.888 0.884 0.883 0.875 0.864 0.836 0.836 0.843 0.893 0.889 0.864 0.873 0.865 0.888 0.882 0.851 0.906 0.861 0.851 0.879 0.857 0.899 0.871 0.834 0.880 0.861 0.884 0.876 0.904 0.897 0.894 0.856 0.867 0.860 0.907 0.869 0.897 0.873 0.871 0.886 0.844 0.909 0.747 0.862 0.879 0.835 0.753 0.776 0.748 0.869 0.869 0.880 0.890 0.887 0.920 0.883 1.000  
