1.000 0.992 0.953 0.967 0.971 0.944 0.948 0.959 0.967 0.960 0.972 0.954 0.965 0.957 0.939 0.939 0.946 0.963 0.946 0.935 0.963 0.959 0.956 0.951 0.950 0.957 0.960 0.901 0.901 0.897 0.952 0.899 0.951 0.893 0.929 0.957 0.915 0.936 0.901 0.844 0.925 0.908 0.913 0.929 0.922 0.893 0.888 0.930 0.896 0.898 0.912 0.905 0.771 0.944 0.918 0.889 0.883 0.871 0.818  
0.991 1.000 0.947 0.962 0.966 0.944 0.945 0.956 0.968 0.954 0.970 0.951 0.963 0.955 0.934 0.937 0.945 0.958 0.945 0.935 0.960 0.959 0.950 0.951 0.950 0.959 0.960 0.902 0.903 0.899 0.952 0.900 0.950 0.894 0.928 0.952 0.915 0.931 0.902 0.843 0.927 0.909 0.916 0.926 0.922 0.894 0.884 0.929 0.896 0.895 0.911 0.905 0.772 0.943 0.921 0.891 0.884 0.870 0.818  
0.953 0.949 1.000 0.985 0.978 0.988 0.976 0.968 0.979 0.979 0.978 0.984 0.980 0.987 0.966 0.941 0.953 0.980 0.975 0.930 0.978 0.973 0.985 0.968 0.956 0.970 0.965 0.931 0.909 0.927 0.959 0.930 0.974 0.910 0.932 0.973 0.933 0.968 0.931 0.847 0.927 0.927 0.936 0.950 0.935 0.906 0.914 0.943 0.911 0.896 0.900 0.925 0.786 0.979 0.927 0.877 0.882 0.870 0.817  
0.965 0.961 0.983 1.000 0.988 0.975 0.979 0.978 0.991 0.989 0.989 0.973 0.994 0.973 0.968 0.954 0.964 0.991 0.964 0.937 0.991 0.978 0.972 0.980 0.966 0.975 0.976 0.922 0.919 0.918 0.971 0.920 0.962 0.916 0.944 0.983 0.944 0.966 0.925 0.851 0.935 0.920 0.924 0.957 0.946 0.918 0.905 0.955 0.909 0.906 0.906 0.913 0.790 0.970 0.936 0.885 0.889 0.876 0.818  
0.969 0.965 0.975 0.988 1.000 0.965 0.969 0.980 0.990 0.986 0.993 0.976 0.986 0.982 0.966 0.945 0.968 0.988 0.968 0.941 0.983 0.982 0.983 0.971 0.969 0.980 0.979 0.916 0.917 0.912 0.973 0.913 0.969 0.912 0.949 0.980 0.936 0.961 0.918 0.852 0.940 0.919 0.925 0.953 0.943 0.913 0.905 0.951 0.912 0.907 0.912 0.909 0.784 0.965 0.934 0.883 0.889 0.878 0.816  
0.944 0.945 0.988 0.976 0.967 1.000 0.978 0.966 0.975 0.971 0.972 0.986 0.975 0.978 0.966 0.935 0.953 0.971 0.974 0.931 0.978 0.971 0.975 0.968 0.955 0.969 0.966 0.934 0.910 0.930 0.958 0.934 0.969 0.907 0.928 0.965 0.931 0.962 0.933 0.848 0.923 0.933 0.942 0.953 0.932 0.905 0.916 0.941 0.911 0.893 0.899 0.929 0.787 0.980 0.933 0.881 0.882 0.869 0.813  
0.946 0.944 0.973 0.979 0.969 0.977 1.000 0.974 0.974 0.974 0.973 0.970 0.976 0.965 0.965 0.936 0.956 0.973 0.967 0.934 0.978 0.977 0.963 0.969 0.956 0.970 0.967 0.923 0.917 0.919 0.959 0.922 0.954 0.910 0.932 0.969 0.932 0.961 0.921 0.848 0.925 0.922 0.924 0.953 0.935 0.907 0.906 0.944 0.910 0.896 0.902 0.917 0.790 0.970 0.932 0.881 0.885 0.873 0.810  
0.957 0.955 0.966 0.978 0.980 0.964 0.973 1.000 0.979 0.969 0.983 0.974 0.977 0.969 0.961 0.934 0.963 0.973 0.976 0.945 0.979 0.983 0.967 0.970 0.974 0.974 0.978 0.913 0.914 0.909 0.977 0.911 0.959 0.906 0.938 0.966 0.927 0.960 0.913 0.853 0.931 0.924 0.931 0.946 0.937 0.906 0.905 0.943 0.907 0.897 0.908 0.909 0.786 0.958 0.931 0.889 0.884 0.871 0.814  
0.965 0.967 0.977 0.991 0.990 0.973 0.974 0.979 1.000 0.984 0.993 0.975 0.991 0.976 0.964 0.949 0.966 0.987 0.968 0.940 0.988 0.980 0.974 0.977 0.970 0.980 0.980 0.919 0.918 0.916 0.973 0.917 0.969 0.913 0.947 0.980 0.942 0.960 0.924 0.852 0.938 0.921 0.924 0.955 0.946 0.919 0.905 0.954 0.910 0.903 0.908 0.911 0.789 0.969 0.940 0.887 0.890 0.877 0.818  
0.958 0.953 0.977 0.989 0.986 0.969 0.974 0.969 0.984 1.000 0.982 0.965 0.985 0.972 0.974 0.950 0.962 0.992 0.956 0.931 0.983 0.969 0.974 0.973 0.959 0.970 0.968 0.921 0.919 0.916 0.963 0.918 0.958 0.920 0.945 0.985 0.945 0.965 0.923 0.851 0.935 0.918 0.924 0.961 0.947 0.917 0.901 0.955 0.909 0.913 0.907 0.915 0.787 0.967 0.935 0.882 0.888 0.880 0.813  
0.970 0.969 0.975 0.989 0.993 0.970 0.973 0.983 0.993 0.982 1.000 0.979 0.990 0.980 0.962 0.947 0.973 0.987 0.969 0.944 0.988 0.984 0.977 0.975 0.974 0.982 0.984 0.916 0.917 0.913 0.977 0.915 0.971 0.910 0.951 0.979 0.939 0.960 0.919 0.854 0.942 0.922 0.924 0.952 0.946 0.916 0.908 0.953 0.912 0.905 0.910 0.908 0.788 0.969 0.936 0.884 0.890 0.877 0.819  
0.954 0.952 0.984 0.975 0.978 0.986 0.972 0.976 0.977 0.967 0.981 1.000 0.974 0.987 0.959 0.931 0.961 0.971 0.983 0.938 0.975 0.980 0.985 0.963 0.964 0.978 0.973 0.928 0.908 0.924 0.966 0.926 0.976 0.902 0.935 0.964 0.924 0.960 0.924 0.850 0.930 0.930 0.939 0.947 0.931 0.901 0.918 0.939 0.912 0.893 0.903 0.921 0.784 0.973 0.931 0.880 0.881 0.868 0.814  
0.963 0.962 0.978 0.993 0.985 0.973 0.975 0.977 0.991 0.985 0.990 0.972 1.000 0.972 0.968 0.954 0.964 0.989 0.968 0.937 0.992 0.976 0.970 0.981 0.965 0.974 0.977 0.921 0.920 0.918 0.969 0.920 0.963 0.914 0.945 0.981 0.944 0.961 0.924 0.853 0.936 0.919 0.921 0.954 0.948 0.922 0.905 0.955 0.908 0.905 0.905 0.913 0.791 0.970 0.936 0.885 0.888 0.875 0.822  
0.957 0.956 0.986 0.975 0.984 0.978 0.967 0.971 0.978 0.974 0.983 0.987 0.974 1.000 0.962 0.938 0.957 0.975 0.979 0.937 0.973 0.980 0.991 0.959 0.960 0.976 0.969 0.925 0.908 0.921 0.962 0.922 0.979 0.905 0.938 0.967 0.924 0.959 0.924 0.850 0.931 0.928 0.937 0.945 0.932 0.902 0.914 0.939 0.911 0.897 0.907 0.920 0.781 0.974 0.925 0.876 0.882 0.873 0.816  
0.938 0.934 0.965 0.968 0.966 0.965 0.965 0.962 0.965 0.974 0.962 0.958 0.969 0.961 1.000 0.932 0.948 0.970 0.956 0.922 0.970 0.957 0.962 0.965 0.959 0.963 0.957 0.924 0.915 0.920 0.963 0.923 0.946 0.917 0.933 0.965 0.932 0.971 0.922 0.848 0.925 0.915 0.929 0.956 0.936 0.909 0.898 0.944 0.908 0.904 0.900 0.929 0.782 0.959 0.930 0.881 0.880 0.874 0.803  
0.944 0.943 0.947 0.961 0.953 0.941 0.943 0.941 0.957 0.957 0.955 0.936 0.962 0.943 0.938 1.000 0.930 0.958 0.932 0.965 0.957 0.944 0.938 0.950 0.934 0.940 0.946 0.900 0.898 0.895 0.936 0.898 0.938 0.899 0.915 0.951 0.919 0.932 0.906 0.837 0.909 0.892 0.897 0.927 0.920 0.899 0.876 0.926 0.881 0.885 0.883 0.895 0.774 0.942 0.912 0.870 0.870 0.859 0.817  
0.944 0.944 0.951 0.964 0.968 0.951 0.956 0.964 0.966 0.962 0.973 0.959 0.964 0.955 0.948 0.923 1.000 0.965 0.949 0.928 0.966 0.964 0.954 0.956 0.958 0.966 0.962 0.906 0.907 0.903 0.965 0.907 0.946 0.901 0.959 0.968 0.952 0.945 0.906 0.856 0.957 0.914 0.910 0.939 0.958 0.926 0.897 0.966 0.903 0.914 0.913 0.896 0.781 0.948 0.925 0.874 0.895 0.883 0.797  
0.961 0.957 0.978 0.991 0.988 0.969 0.973 0.973 0.987 0.992 0.987 0.969 0.989 0.974 0.969 0.950 0.965 1.000 0.960 0.933 0.987 0.973 0.973 0.976 0.965 0.974 0.972 0.921 0.919 0.916 0.969 0.918 0.961 0.917 0.946 0.986 0.944 0.967 0.922 0.851 0.936 0.917 0.922 0.959 0.948 0.919 0.902 0.957 0.908 0.911 0.906 0.913 0.789 0.968 0.935 0.882 0.889 0.878 0.814  
0.946 0.946 0.975 0.966 0.970 0.974 0.968 0.978 0.970 0.957 0.971 0.983 0.970 0.978 0.957 0.926 0.950 0.961 1.000 0.935 0.967 0.977 0.976 0.960 0.957 0.972 0.968 0.926 0.909 0.922 0.962 0.923 0.970 0.902 0.930 0.955 0.920 0.950 0.923 0.850 0.926 0.930 0.935 0.939 0.929 0.902 0.913 0.938 0.909 0.888 0.903 0.918 0.785 0.965 0.925 0.878 0.880 0.866 0.814  
0.940 0.941 0.936 0.944 0.948 0.937 0.941 0.953 0.948 0.939 0.951 0.943 0.945 0.942 0.929 0.965 0.935 0.940 0.941 1.000 0.951 0.956 0.938 0.947 0.941 0.956 0.953 0.894 0.890 0.891 0.942 0.894 0.943 0.885 0.912 0.937 0.898 0.931 0.897 0.840 0.906 0.903 0.907 0.918 0.906 0.881 0.882 0.914 0.887 0.875 0.892 0.896 0.768 0.938 0.910 0.871 0.872 0.858 0.820  
0.961 0.959 0.976 0.991 0.983 0.976 0.978 0.979 0.988 0.983 0.989 0.974 0.992 0.971 0.970 0.950 0.967 0.987 0.966 0.944 1.000 0.979 0.968 0.985 0.971 0.980 0.984 0.922 0.919 0.918 0.976 0.923 0.962 0.913 0.941 0.979 0.939 0.968 0.921 0.851 0.932 0.922 0.924 0.956 0.944 0.916 0.908 0.952 0.910 0.906 0.907 0.916 0.789 0.969 0.936 0.885 0.889 0.876 0.816  
0.957 0.958 0.971 0.978 0.982 0.969 0.977 0.984 0.981 0.970 0.984 0.978 0.977 0.978 0.957 0.937 0.964 0.973 0.975 0.949 0.979 1.000 0.974 0.968 0.966 0.987 0.976 0.917 0.915 0.913 0.969 0.914 0.966 0.908 0.939 0.967 0.927 0.964 0.915 0.854 0.931 0.924 0.928 0.947 0.935 0.905 0.907 0.942 0.912 0.898 0.910 0.908 0.786 0.964 0.931 0.882 0.887 0.874 0.817  
0.956 0.951 0.985 0.974 0.985 0.975 0.965 0.970 0.976 0.976 0.980 0.986 0.972 0.991 0.963 0.933 0.956 0.975 0.977 0.933 0.970 0.976 1.000 0.958 0.958 0.974 0.967 0.924 0.907 0.921 0.960 0.922 0.978 0.906 0.938 0.966 0.924 0.963 0.923 0.849 0.932 0.926 0.936 0.945 0.931 0.900 0.912 0.939 0.913 0.898 0.906 0.920 0.780 0.971 0.925 0.875 0.882 0.873 0.814  
0.950 0.951 0.966 0.981 0.971 0.967 0.970 0.971 0.978 0.974 0.976 0.962 0.982 0.958 0.965 0.943 0.957 0.976 0.959 0.940 0.985 0.968 0.957 1.000 0.970 0.973 0.978 0.918 0.914 0.915 0.967 0.919 0.953 0.911 0.934 0.968 0.935 0.960 0.923 0.849 0.926 0.918 0.919 0.951 0.938 0.911 0.897 0.946 0.902 0.898 0.902 0.917 0.792 0.957 0.932 0.891 0.885 0.871 0.817  
0.950 0.951 0.956 0.968 0.971 0.955 0.958 0.976 0.972 0.961 0.976 0.964 0.967 0.960 0.961 0.929 0.960 0.967 0.957 0.935 0.973 0.968 0.958 0.971 1.000 0.975 0.975 0.908 0.908 0.904 0.984 0.909 0.952 0.900 0.936 0.961 0.928 0.965 0.910 0.849 0.930 0.912 0.919 0.942 0.937 0.908 0.893 0.941 0.899 0.895 0.898 0.908 0.786 0.949 0.926 0.884 0.882 0.868 0.806  
0.954 0.957 0.967 0.974 0.979 0.967 0.969 0.974 0.979 0.969 0.982 0.976 0.973 0.973 0.961 0.932 0.965 0.973 0.969 0.948 0.979 0.986 0.971 0.971 0.972 1.000 0.977 0.918 0.911 0.914 0.975 0.917 0.965 0.904 0.941 0.966 0.931 0.968 0.916 0.856 0.935 0.923 0.926 0.947 0.938 0.908 0.904 0.947 0.912 0.899 0.909 0.913 0.783 0.961 0.933 0.882 0.889 0.874 0.815  
0.960 0.960 0.963 0.977 0.980 0.965 0.968 0.979 0.981 0.969 0.985 0.972 0.978 0.968 0.958 0.939 0.963 0.973 0.967 0.947 0.985 0.977 0.966 0.978 0.974 0.979 1.000 0.918 0.918 0.914 0.975 0.919 0.962 0.907 0.939 0.965 0.927 0.954 0.919 0.854 0.933 0.920 0.926 0.948 0.935 0.907 0.908 0.944 0.911 0.901 0.908 0.907 0.789 0.960 0.938 0.889 0.888 0.874 0.815  
0.910 0.913 0.940 0.933 0.927 0.944 0.934 0.924 0.931 0.932 0.928 0.937 0.932 0.935 0.935 0.904 0.917 0.932 0.935 0.898 0.933 0.928 0.934 0.928 0.917 0.930 0.928 1.000 0.957 0.990 0.921 0.983 0.929 0.938 0.913 0.930 0.907 0.924 0.961 0.845 0.914 0.917 0.928 0.936 0.911 0.893 0.898 0.919 0.905 0.884 0.877 0.916 0.798 0.939 0.959 0.891 0.869 0.857 0.779  
0.909 0.912 0.917 0.929 0.927 0.919 0.927 0.925 0.928 0.929 0.928 0.916 0.930 0.916 0.925 0.902 0.917 0.929 0.917 0.893 0.929 0.925 0.915 0.923 0.916 0.922 0.927 0.956 1.000 0.959 0.921 0.957 0.911 0.956 0.921 0.928 0.913 0.912 0.940 0.857 0.915 0.897 0.904 0.936 0.923 0.907 0.878 0.921 0.896 0.895 0.879 0.892 0.809 0.920 0.955 0.899 0.871 0.862 0.771  
0.906 0.909 0.936 0.929 0.923 0.940 0.930 0.920 0.927 0.927 0.924 0.933 0.929 0.930 0.930 0.899 0.914 0.927 0.931 0.894 0.929 0.924 0.930 0.925 0.913 0.926 0.924 0.990 0.960 1.000 0.918 0.989 0.925 0.942 0.908 0.926 0.904 0.919 0.960 0.846 0.912 0.915 0.926 0.931 0.911 0.895 0.896 0.915 0.902 0.882 0.874 0.912 0.802 0.934 0.956 0.895 0.868 0.856 0.779  
0.949 0.950 0.956 0.970 0.973 0.956 0.959 0.977 0.973 0.963 0.977 0.964 0.969 0.959 0.962 0.928 0.964 0.968 0.960 0.934 0.976 0.969 0.958 0.966 0.982 0.975 0.973 0.910 0.910 0.907 1.000 0.911 0.951 0.901 0.939 0.965 0.932 0.963 0.909 0.855 0.937 0.916 0.922 0.942 0.944 0.915 0.897 0.949 0.904 0.899 0.902 0.909 0.780 0.950 0.928 0.882 0.883 0.869 0.801  
0.906 0.909 0.938 0.930 0.923 0.942 0.931 0.921 0.927 0.928 0.925 0.934 0.930 0.929 0.931 0.900 0.916 0.927 0.931 0.896 0.932 0.923 0.929 0.928 0.916 0.927 0.927 0.981 0.956 0.988 0.921 1.000 0.925 0.940 0.905 0.926 0.905 0.921 0.958 0.845 0.911 0.911 0.925 0.928 0.912 0.897 0.897 0.915 0.902 0.882 0.872 0.913 0.803 0.935 0.952 0.892 0.867 0.855 0.781  
0.952 0.952 0.975 0.965 0.971 0.970 0.957 0.962 0.972 0.961 0.974 0.977 0.966 0.980 0.948 0.934 0.949 0.964 0.971 0.938 0.964 0.969 0.979 0.955 0.953 0.969 0.964 0.921 0.903 0.917 0.954 0.918 1.000 0.900 0.932 0.957 0.917 0.949 0.923 0.855 0.929 0.925 0.931 0.934 0.925 0.899 0.907 0.937 0.907 0.888 0.899 0.916 0.778 0.972 0.922 0.874 0.881 0.868 0.815  
0.899 0.901 0.915 0.923 0.920 0.913 0.917 0.914 0.921 0.928 0.918 0.908 0.922 0.911 0.924 0.900 0.908 0.924 0.908 0.885 0.921 0.915 0.912 0.918 0.906 0.913 0.914 0.934 0.953 0.939 0.908 0.938 0.905 1.000 0.900 0.922 0.901 0.914 0.940 0.840 0.910 0.887 0.900 0.938 0.908 0.890 0.868 0.910 0.887 0.888 0.871 0.887 0.800 0.911 0.947 0.884 0.857 0.856 0.771  
0.932 0.931 0.934 0.948 0.954 0.931 0.936 0.942 0.952 0.949 0.955 0.938 0.949 0.940 0.936 0.913 0.964 0.950 0.933 0.909 0.945 0.943 0.940 0.938 0.938 0.946 0.942 0.906 0.915 0.901 0.944 0.900 0.934 0.897 1.000 0.957 0.967 0.929 0.901 0.857 0.958 0.902 0.900 0.932 0.959 0.940 0.878 0.966 0.890 0.910 0.901 0.891 0.772 0.935 0.922 0.868 0.887 0.877 0.783  
0.955 0.951 0.971 0.983 0.980 0.964 0.970 0.966 0.981 0.985 0.980 0.962 0.982 0.966 0.965 0.944 0.968 0.986 0.954 0.929 0.979 0.967 0.965 0.968 0.960 0.967 0.964 0.919 0.919 0.915 0.965 0.916 0.954 0.915 0.953 1.000 0.950 0.958 0.920 0.853 0.942 0.913 0.918 0.955 0.955 0.928 0.901 0.964 0.909 0.912 0.905 0.910 0.789 0.967 0.932 0.880 0.890 0.880 0.807  
0.913 0.914 0.931 0.944 0.936 0.929 0.932 0.928 0.942 0.945 0.939 0.922 0.944 0.923 0.931 0.912 0.952 0.944 0.918 0.891 0.939 0.927 0.922 0.935 0.926 0.931 0.926 0.896 0.903 0.893 0.933 0.896 0.915 0.894 0.963 0.950 1.000 0.925 0.900 0.855 0.943 0.893 0.890 0.926 0.969 0.961 0.868 0.967 0.878 0.905 0.887 0.885 0.771 0.927 0.914 0.861 0.880 0.869 0.777  
0.935 0.931 0.966 0.967 0.961 0.961 0.961 0.961 0.961 0.966 0.961 0.958 0.962 0.958 0.971 0.926 0.945 0.968 0.949 0.924 0.969 0.964 0.961 0.960 0.963 0.970 0.954 0.913 0.902 0.909 0.964 0.912 0.946 0.907 0.925 0.958 0.925 1.000 0.910 0.847 0.918 0.910 0.922 0.945 0.928 0.899 0.891 0.934 0.901 0.898 0.894 0.918 0.773 0.952 0.919 0.872 0.876 0.867 0.800  
0.907 0.909 0.937 0.933 0.926 0.940 0.929 0.922 0.932 0.931 0.928 0.931 0.933 0.931 0.929 0.908 0.914 0.930 0.930 0.897 0.929 0.923 0.929 0.931 0.916 0.925 0.926 0.957 0.938 0.957 0.917 0.957 0.929 0.940 0.905 0.928 0.908 0.917 1.000 0.844 0.907 0.907 0.915 0.937 0.913 0.892 0.893 0.920 0.890 0.877 0.872 0.906 0.805 0.937 0.953 0.899 0.866 0.854 0.785  
0.857 0.857 0.860 0.866 0.868 0.861 0.863 0.868 0.868 0.866 0.870 0.864 0.868 0.863 0.862 0.846 0.871 0.866 0.863 0.848 0.866 0.869 0.863 0.863 0.862 0.872 0.868 0.849 0.862 0.851 0.870 0.851 0.868 0.848 0.868 0.868 0.870 0.862 0.851 1.000 0.868 0.870 0.851 0.867 0.880 0.861 0.825 0.873 0.839 0.854 0.845 0.850 0.730 0.865 0.864 0.840 0.833 0.824 0.730  
0.927 0.931 0.929 0.939 0.944 0.926 0.929 0.935 0.943 0.940 0.947 0.933 0.940 0.934 0.929 0.906 0.961 0.941 0.929 0.903 0.936 0.935 0.934 0.930 0.932 0.940 0.936 0.907 0.909 0.905 0.941 0.906 0.930 0.907 0.958 0.947 0.948 0.922 0.903 0.856 1.000 0.904 0.908 0.920 0.961 0.927 0.875 0.966 0.895 0.903 0.894 0.893 0.770 0.927 0.923 0.870 0.881 0.870 0.783  
0.910 0.912 0.930 0.925 0.923 0.936 0.927 0.928 0.926 0.922 0.926 0.933 0.924 0.931 0.918 0.889 0.919 0.921 0.933 0.900 0.926 0.929 0.928 0.922 0.914 0.928 0.923 0.910 0.891 0.908 0.921 0.906 0.927 0.883 0.902 0.917 0.897 0.913 0.903 0.859 0.904 1.000 0.927 0.915 0.906 0.875 0.884 0.911 0.903 0.879 0.891 0.902 0.764 0.932 0.910 0.877 0.871 0.856 0.786  
0.920 0.924 0.943 0.933 0.934 0.950 0.934 0.941 0.934 0.933 0.934 0.947 0.931 0.945 0.938 0.899 0.920 0.931 0.943 0.909 0.933 0.937 0.943 0.928 0.927 0.936 0.934 0.926 0.903 0.925 0.932 0.925 0.938 0.902 0.905 0.927 0.899 0.931 0.916 0.845 0.914 0.932 1.000 0.929 0.905 0.879 0.906 0.911 0.915 0.884 0.897 0.928 0.773 0.939 0.927 0.897 0.876 0.865 0.794  
0.932 0.930 0.953 0.962 0.958 0.957 0.958 0.951 0.960 0.966 0.957 0.950 0.960 0.948 0.960 0.925 0.944 0.964 0.942 0.916 0.961 0.951 0.948 0.956 0.945 0.953 0.952 0.930 0.931 0.925 0.947 0.924 0.936 0.935 0.933 0.960 0.931 0.949 0.933 0.856 0.921 0.916 0.924 1.000 0.936 0.905 0.892 0.942 0.904 0.906 0.904 0.916 0.792 0.948 0.957 0.890 0.889 0.883 0.794  
0.920 0.921 0.932 0.946 0.943 0.931 0.935 0.937 0.946 0.947 0.946 0.929 0.948 0.930 0.935 0.913 0.958 0.948 0.927 0.899 0.944 0.934 0.929 0.938 0.935 0.939 0.934 0.900 0.913 0.900 0.944 0.902 0.922 0.901 0.955 0.954 0.969 0.927 0.905 0.864 0.956 0.901 0.896 0.931 1.000 0.958 0.874 0.980 0.885 0.918 0.894 0.890 0.779 0.931 0.917 0.871 0.886 0.875 0.782  
0.890 0.892 0.903 0.917 0.912 0.902 0.906 0.906 0.918 0.916 0.915 0.898 0.920 0.899 0.908 0.891 0.925 0.918 0.899 0.873 0.915 0.904 0.897 0.909 0.905 0.907 0.905 0.881 0.895 0.884 0.915 0.887 0.895 0.882 0.934 0.926 0.959 0.898 0.883 0.845 0.922 0.870 0.869 0.900 0.957 1.000 0.851 0.948 0.860 0.889 0.863 0.862 0.763 0.906 0.890 0.847 0.861 0.851 0.753  
0.896 0.893 0.922 0.915 0.915 0.924 0.916 0.915 0.915 0.911 0.918 0.926 0.915 0.922 0.907 0.879 0.906 0.912 0.921 0.884 0.917 0.916 0.920 0.906 0.901 0.914 0.917 0.897 0.878 0.895 0.907 0.897 0.915 0.870 0.883 0.910 0.877 0.900 0.894 0.819 0.880 0.890 0.907 0.897 0.883 0.861 1.000 0.888 0.922 0.871 0.885 0.877 0.762 0.919 0.894 0.860 0.862 0.862 0.774  
0.928 0.927 0.940 0.954 0.950 0.938 0.943 0.942 0.953 0.954 0.952 0.936 0.954 0.936 0.942 0.918 0.965 0.956 0.935 0.906 0.951 0.941 0.936 0.944 0.938 0.946 0.941 0.906 0.910 0.903 0.948 0.904 0.933 0.901 0.960 0.963 0.965 0.933 0.911 0.857 0.961 0.905 0.900 0.936 0.979 0.948 0.878 1.000 0.892 0.912 0.897 0.895 0.776 0.939 0.921 0.871 0.888 0.876 0.784  
0.905 0.906 0.920 0.920 0.923 0.920 0.921 0.918 0.921 0.920 0.923 0.921 0.919 0.921 0.918 0.885 0.914 0.919 0.919 0.891 0.921 0.923 0.922 0.913 0.909 0.924 0.921 0.905 0.897 0.903 0.915 0.903 0.916 0.890 0.897 0.920 0.889 0.912 0.893 0.834 0.901 0.910 0.916 0.911 0.896 0.872 0.923 0.904 1.000 0.888 0.893 0.890 0.768 0.920 0.913 0.868 0.868 0.870 0.773  
0.912 0.910 0.910 0.922 0.923 0.907 0.912 0.914 0.919 0.929 0.922 0.907 0.922 0.911 0.920 0.894 0.930 0.927 0.902 0.884 0.922 0.914 0.912 0.913 0.909 0.915 0.916 0.888 0.901 0.887 0.915 0.888 0.901 0.897 0.922 0.928 0.922 0.913 0.885 0.854 0.915 0.890 0.891 0.917 0.934 0.906 0.877 0.929 0.893 1.000 0.918 0.881 0.762 0.908 0.903 0.867 0.894 0.907 0.761  
0.928 0.928 0.916 0.924 0.930 0.916 0.920 0.926 0.926 0.926 0.929 0.919 0.923 0.924 0.917 0.894 0.931 0.924 0.919 0.903 0.925 0.929 0.923 0.920 0.915 0.928 0.925 0.884 0.887 0.881 0.921 0.881 0.915 0.881 0.915 0.923 0.905 0.912 0.882 0.847 0.908 0.905 0.906 0.918 0.912 0.881 0.893 0.917 0.900 0.920 1.000 0.889 0.759 0.913 0.901 0.886 0.921 0.931 0.789  
0.917 0.918 0.938 0.928 0.923 0.942 0.931 0.924 0.926 0.929 0.923 0.933 0.927 0.932 0.943 0.903 0.910 0.928 0.931 0.903 0.930 0.922 0.932 0.930 0.920 0.928 0.920 0.919 0.896 0.916 0.923 0.917 0.927 0.893 0.900 0.924 0.899 0.932 0.912 0.848 0.902 0.912 0.932 0.925 0.904 0.877 0.882 0.910 0.893 0.879 0.885 1.000 0.763 0.936 0.915 0.883 0.872 0.859 0.794  
0.803 0.804 0.818 0.824 0.818 0.819 0.824 0.820 0.823 0.821 0.822 0.817 0.825 0.813 0.815 0.801 0.815 0.822 0.817 0.795 0.823 0.820 0.811 0.826 0.818 0.817 0.822 0.822 0.834 0.826 0.814 0.829 0.809 0.828 0.802 0.822 0.805 0.806 0.832 0.749 0.799 0.793 0.799 0.822 0.812 0.797 0.787 0.811 0.792 0.781 0.776 0.784 1.000 0.820 0.828 0.800 0.783 0.772 0.797  
0.945 0.945 0.980 0.973 0.967 0.981 0.973 0.960 0.972 0.969 0.971 0.974 0.973 0.975 0.961 0.938 0.950 0.970 0.966 0.933 0.972 0.966 0.972 0.959 0.949 0.964 0.961 0.930 0.912 0.926 0.953 0.928 0.972 0.906 0.933 0.969 0.930 0.954 0.931 0.852 0.925 0.930 0.932 0.945 0.934 0.909 0.912 0.943 0.912 0.895 0.898 0.924 0.788 1.000 0.929 0.875 0.882 0.871 0.813  
0.921 0.925 0.931 0.942 0.940 0.937 0.938 0.937 0.946 0.941 0.942 0.935 0.942 0.929 0.936 0.911 0.931 0.940 0.929 0.909 0.942 0.936 0.929 0.937 0.930 0.939 0.943 0.953 0.950 0.950 0.934 0.948 0.925 0.945 0.924 0.938 0.920 0.924 0.951 0.854 0.925 0.911 0.923 0.958 0.923 0.897 0.890 0.927 0.907 0.892 0.889 0.906 0.799 0.932 1.000 0.902 0.880 0.867 0.787  
0.899 0.901 0.886 0.896 0.894 0.890 0.892 0.901 0.898 0.893 0.895 0.889 0.896 0.885 0.892 0.874 0.885 0.893 0.888 0.875 0.897 0.893 0.884 0.901 0.893 0.894 0.899 0.891 0.900 0.895 0.893 0.894 0.882 0.888 0.875 0.891 0.872 0.883 0.902 0.836 0.877 0.884 0.899 0.896 0.882 0.859 0.862 0.883 0.868 0.863 0.879 0.881 0.777 0.884 0.908 1.000 0.863 0.850 0.774  
0.912 0.914 0.911 0.920 0.920 0.912 0.916 0.916 0.922 0.919 0.921 0.911 0.919 0.912 0.910 0.894 0.927 0.920 0.910 0.895 0.921 0.918 0.911 0.916 0.911 0.921 0.918 0.888 0.892 0.888 0.915 0.889 0.910 0.880 0.914 0.921 0.911 0.906 0.889 0.847 0.908 0.897 0.898 0.915 0.918 0.893 0.883 0.921 0.887 0.909 0.934 0.889 0.777 0.911 0.905 0.883 1.000 0.968 0.789  
0.901 0.901 0.900 0.908 0.910 0.899 0.905 0.903 0.909 0.912 0.909 0.898 0.907 0.903 0.905 0.884 0.915 0.910 0.896 0.883 0.908 0.906 0.903 0.902 0.897 0.907 0.905 0.878 0.883 0.877 0.901 0.877 0.897 0.880 0.905 0.912 0.900 0.898 0.877 0.839 0.898 0.883 0.887 0.911 0.907 0.883 0.884 0.909 0.891 0.924 0.946 0.877 0.767 0.900 0.893 0.871 0.969 1.000 0.776  
0.844 0.844 0.843 0.845 0.843 0.838 0.837 0.842 0.845 0.840 0.846 0.839 0.850 0.841 0.829 0.838 0.824 0.841 0.840 0.841 0.843 0.844 0.840 0.844 0.832 0.843 0.841 0.796 0.788 0.795 0.828 0.798 0.839 0.790 0.805 0.833 0.803 0.826 0.804 0.741 0.806 0.809 0.812 0.816 0.808 0.779 0.792 0.811 0.789 0.773 0.799 0.808 0.789 0.837 0.808 0.790 0.787 0.773 1.000  
