1.000 0.974 0.980 0.951 0.946 0.950 0.950 0.951 0.952 0.951 0.951 0.952 0.952 0.952 0.948 0.947 0.942 0.951 0.949 0.943 0.952 0.951 0.946 0.952 0.947 0.952 0.950 0.950 0.941 0.942 0.949 0.945 0.949 0.945 0.947 0.935 0.944 0.937 0.934 0.937 0.936 0.934 0.932 0.933 0.934 0.932 0.934 0.933 0.931 0.930 0.922 0.949 0.932 0.938 0.935 0.931 0.921 0.932 0.921 0.933 0.933 0.935 0.927 0.925 0.910 0.913 0.943 0.931 0.914 0.935 0.914 0.926 0.935 0.931 0.919 0.919 0.935 0.931 0.923 0.933 0.939 0.860 0.934 0.914 0.914 0.918 0.915 0.935 0.927 0.893 0.903 0.958 0.886 0.857  
0.979 1.000 0.970 0.937 0.940 0.937 0.937 0.939 0.941 0.938 0.937 0.942 0.940 0.943 0.940 0.935 0.939 0.937 0.937 0.940 0.942 0.939 0.942 0.940 0.936 0.939 0.939 0.937 0.940 0.938 0.935 0.939 0.939 0.940 0.939 0.923 0.938 0.936 0.931 0.930 0.928 0.927 0.928 0.922 0.927 0.927 0.927 0.927 0.927 0.922 0.918 0.941 0.927 0.932 0.929 0.923 0.917 0.925 0.917 0.928 0.929 0.926 0.924 0.922 0.907 0.912 0.941 0.923 0.912 0.927 0.913 0.921 0.929 0.925 0.916 0.919 0.926 0.930 0.925 0.926 0.933 0.860 0.929 0.916 0.914 0.917 0.910 0.930 0.923 0.887 0.896 0.945 0.888 0.857  
0.981 0.966 1.000 0.951 0.954 0.953 0.953 0.952 0.954 0.950 0.950 0.956 0.949 0.957 0.953 0.951 0.948 0.951 0.951 0.949 0.954 0.951 0.947 0.950 0.948 0.951 0.952 0.952 0.946 0.948 0.945 0.948 0.950 0.948 0.950 0.933 0.945 0.943 0.935 0.937 0.937 0.934 0.934 0.934 0.933 0.935 0.934 0.933 0.934 0.928 0.927 0.952 0.933 0.939 0.934 0.929 0.922 0.931 0.922 0.934 0.934 0.938 0.930 0.926 0.912 0.914 0.947 0.928 0.915 0.940 0.916 0.926 0.935 0.931 0.921 0.920 0.937 0.932 0.927 0.933 0.940 0.861 0.935 0.916 0.916 0.921 0.915 0.937 0.929 0.895 0.900 0.961 0.891 0.856  
0.951 0.933 0.950 1.000 0.987 0.993 0.991 0.994 0.990 0.993 0.994 0.988 0.994 0.989 0.991 0.989 0.988 0.994 0.993 0.988 0.988 0.996 0.989 0.994 0.985 0.994 0.996 0.994 0.984 0.988 0.991 0.990 0.990 0.990 0.981 0.976 0.987 0.972 0.974 0.978 0.976 0.975 0.974 0.975 0.975 0.975 0.974 0.974 0.973 0.971 0.965 0.947 0.974 0.979 0.976 0.971 0.963 0.974 0.963 0.976 0.973 0.976 0.968 0.964 0.950 0.954 0.986 0.971 0.955 0.978 0.954 0.967 0.974 0.973 0.959 0.960 0.980 0.971 0.965 0.973 0.973 0.898 0.975 0.955 0.954 0.958 0.957 0.977 0.970 0.935 0.929 0.985 0.902 0.881  
0.947 0.936 0.953 0.987 1.000 0.989 0.991 0.988 0.982 0.988 0.986 0.984 0.989 0.985 0.991 0.988 0.984 0.987 0.987 0.985 0.983 0.988 0.987 0.989 0.988 0.990 0.987 0.987 0.984 0.984 0.983 0.987 0.986 0.987 0.979 0.970 0.986 0.974 0.976 0.976 0.974 0.972 0.973 0.970 0.974 0.972 0.974 0.970 0.972 0.966 0.964 0.946 0.971 0.979 0.975 0.969 0.959 0.972 0.959 0.975 0.974 0.972 0.969 0.965 0.947 0.951 0.985 0.967 0.953 0.974 0.952 0.964 0.974 0.971 0.960 0.960 0.975 0.974 0.966 0.970 0.975 0.898 0.975 0.958 0.952 0.957 0.956 0.978 0.967 0.929 0.923 0.980 0.905 0.881  
0.951 0.933 0.952 0.993 0.989 1.000 0.997 0.993 0.985 0.993 0.990 0.984 0.993 0.987 0.993 0.991 0.986 0.991 0.991 0.987 0.986 0.991 0.989 0.993 0.986 0.995 0.991 0.994 0.982 0.987 0.988 0.986 0.990 0.987 0.981 0.974 0.986 0.972 0.975 0.977 0.974 0.973 0.972 0.972 0.975 0.972 0.974 0.972 0.971 0.968 0.964 0.948 0.971 0.979 0.975 0.970 0.960 0.973 0.960 0.975 0.974 0.975 0.970 0.964 0.947 0.951 0.986 0.969 0.953 0.977 0.952 0.965 0.973 0.972 0.960 0.959 0.977 0.972 0.963 0.972 0.974 0.898 0.975 0.955 0.952 0.956 0.956 0.977 0.967 0.932 0.926 0.984 0.902 0.880  
0.951 0.933 0.953 0.991 0.991 0.997 1.000 0.992 0.984 0.992 0.989 0.984 0.992 0.986 0.993 0.992 0.985 0.990 0.990 0.985 0.985 0.990 0.987 0.991 0.987 0.994 0.990 0.992 0.984 0.985 0.986 0.986 0.989 0.986 0.981 0.973 0.985 0.974 0.976 0.976 0.974 0.972 0.973 0.971 0.974 0.973 0.974 0.972 0.971 0.967 0.964 0.948 0.971 0.979 0.975 0.969 0.959 0.972 0.960 0.974 0.975 0.975 0.970 0.964 0.947 0.951 0.986 0.968 0.953 0.976 0.952 0.965 0.972 0.972 0.960 0.959 0.976 0.973 0.963 0.971 0.974 0.898 0.976 0.956 0.952 0.955 0.955 0.977 0.966 0.930 0.925 0.985 0.901 0.880  
0.952 0.935 0.952 0.995 0.989 0.993 0.992 1.000 0.989 0.992 0.994 0.988 0.994 0.990 0.991 0.987 0.988 0.994 0.993 0.988 0.988 0.995 0.990 0.995 0.985 0.994 0.995 0.994 0.985 0.988 0.990 0.990 0.989 0.990 0.982 0.976 0.987 0.973 0.975 0.978 0.978 0.976 0.974 0.974 0.976 0.975 0.975 0.974 0.974 0.970 0.967 0.948 0.975 0.981 0.977 0.972 0.963 0.975 0.963 0.977 0.974 0.977 0.969 0.964 0.949 0.953 0.988 0.970 0.955 0.979 0.955 0.967 0.975 0.973 0.961 0.961 0.980 0.972 0.967 0.973 0.973 0.898 0.975 0.956 0.955 0.959 0.956 0.978 0.970 0.934 0.928 0.984 0.903 0.880  
0.952 0.938 0.954 0.990 0.982 0.986 0.984 0.989 1.000 0.988 0.987 0.992 0.988 0.995 0.986 0.982 0.983 0.987 0.987 0.984 0.992 0.989 0.986 0.987 0.981 0.986 0.989 0.988 0.981 0.983 0.985 0.985 0.984 0.985 0.983 0.973 0.982 0.974 0.970 0.973 0.972 0.969 0.968 0.970 0.969 0.971 0.968 0.969 0.967 0.967 0.960 0.949 0.969 0.973 0.971 0.968 0.958 0.969 0.958 0.971 0.968 0.970 0.963 0.958 0.945 0.949 0.982 0.968 0.951 0.973 0.950 0.959 0.972 0.966 0.954 0.955 0.973 0.966 0.961 0.968 0.973 0.891 0.969 0.950 0.950 0.954 0.953 0.971 0.966 0.932 0.924 0.984 0.907 0.876  
0.951 0.933 0.949 0.993 0.987 0.993 0.992 0.992 0.988 1.000 0.991 0.985 0.994 0.986 0.990 0.989 0.982 0.993 0.991 0.983 0.986 0.991 0.990 0.994 0.986 0.993 0.991 0.993 0.982 0.983 0.989 0.985 0.990 0.985 0.980 0.976 0.985 0.970 0.975 0.977 0.975 0.973 0.972 0.973 0.974 0.973 0.974 0.972 0.971 0.971 0.963 0.948 0.972 0.979 0.976 0.972 0.960 0.974 0.960 0.976 0.973 0.973 0.969 0.964 0.948 0.951 0.982 0.971 0.953 0.974 0.952 0.965 0.973 0.972 0.959 0.959 0.976 0.972 0.963 0.973 0.973 0.898 0.977 0.955 0.953 0.957 0.957 0.977 0.968 0.933 0.928 0.982 0.902 0.880  
0.951 0.933 0.949 0.994 0.986 0.990 0.989 0.994 0.987 0.991 1.000 0.987 0.993 0.987 0.989 0.986 0.986 0.993 0.993 0.986 0.985 0.994 0.986 0.993 0.984 0.992 0.993 0.992 0.986 0.985 0.992 0.989 0.989 0.989 0.980 0.975 0.986 0.970 0.976 0.980 0.979 0.978 0.976 0.977 0.977 0.976 0.977 0.976 0.975 0.971 0.964 0.946 0.976 0.979 0.978 0.973 0.964 0.976 0.964 0.978 0.976 0.979 0.971 0.966 0.951 0.956 0.985 0.973 0.957 0.981 0.957 0.969 0.976 0.975 0.963 0.962 0.981 0.974 0.967 0.975 0.972 0.901 0.977 0.958 0.957 0.961 0.957 0.979 0.971 0.936 0.930 0.983 0.901 0.882  
0.953 0.938 0.956 0.988 0.985 0.985 0.985 0.989 0.992 0.986 0.988 1.000 0.986 0.994 0.987 0.982 0.984 0.987 0.988 0.983 0.991 0.989 0.985 0.987 0.985 0.986 0.989 0.986 0.982 0.983 0.983 0.986 0.985 0.986 0.986 0.971 0.983 0.978 0.972 0.975 0.974 0.971 0.970 0.970 0.971 0.972 0.970 0.970 0.970 0.966 0.964 0.951 0.970 0.976 0.973 0.968 0.958 0.970 0.958 0.973 0.970 0.973 0.965 0.961 0.945 0.949 0.985 0.967 0.951 0.974 0.951 0.962 0.974 0.969 0.956 0.957 0.976 0.968 0.963 0.970 0.977 0.895 0.971 0.952 0.951 0.955 0.952 0.975 0.967 0.930 0.924 0.987 0.908 0.879  
0.952 0.936 0.948 0.994 0.989 0.993 0.991 0.994 0.987 0.994 0.993 0.985 1.000 0.987 0.992 0.988 0.986 0.992 0.992 0.987 0.986 0.994 0.990 0.997 0.985 0.994 0.993 0.992 0.982 0.986 0.992 0.989 0.991 0.988 0.981 0.977 0.988 0.971 0.976 0.979 0.976 0.975 0.974 0.973 0.977 0.973 0.977 0.973 0.974 0.971 0.964 0.949 0.973 0.981 0.979 0.974 0.963 0.975 0.963 0.978 0.976 0.974 0.970 0.965 0.949 0.954 0.986 0.972 0.955 0.977 0.955 0.967 0.975 0.975 0.962 0.962 0.978 0.974 0.965 0.976 0.974 0.899 0.977 0.957 0.955 0.959 0.958 0.979 0.968 0.933 0.929 0.983 0.903 0.882  
0.952 0.940 0.956 0.990 0.986 0.987 0.986 0.990 0.995 0.987 0.988 0.994 0.988 1.000 0.989 0.983 0.986 0.987 0.990 0.987 0.992 0.990 0.985 0.989 0.983 0.987 0.991 0.989 0.984 0.986 0.984 0.988 0.986 0.988 0.986 0.971 0.984 0.978 0.971 0.975 0.973 0.971 0.970 0.970 0.971 0.971 0.970 0.970 0.970 0.965 0.963 0.951 0.970 0.975 0.973 0.967 0.958 0.969 0.958 0.972 0.971 0.973 0.965 0.960 0.945 0.949 0.984 0.966 0.951 0.975 0.951 0.962 0.974 0.968 0.956 0.957 0.976 0.969 0.964 0.969 0.977 0.894 0.971 0.953 0.950 0.954 0.952 0.973 0.967 0.930 0.923 0.988 0.908 0.879  
0.949 0.936 0.952 0.991 0.991 0.993 0.993 0.991 0.986 0.991 0.990 0.987 0.993 0.989 1.000 0.989 0.990 0.990 0.991 0.990 0.987 0.991 0.989 0.992 0.988 0.993 0.992 0.991 0.987 0.989 0.987 0.990 0.990 0.990 0.981 0.973 0.989 0.975 0.975 0.978 0.974 0.972 0.972 0.970 0.975 0.973 0.975 0.971 0.972 0.968 0.966 0.948 0.972 0.979 0.976 0.970 0.960 0.973 0.960 0.976 0.975 0.976 0.970 0.964 0.947 0.951 0.988 0.968 0.953 0.978 0.952 0.964 0.976 0.972 0.961 0.961 0.978 0.973 0.966 0.972 0.973 0.897 0.975 0.957 0.952 0.956 0.957 0.978 0.968 0.932 0.924 0.983 0.903 0.880  
0.948 0.932 0.950 0.990 0.988 0.992 0.992 0.986 0.981 0.990 0.986 0.981 0.989 0.983 0.989 1.000 0.984 0.987 0.988 0.985 0.982 0.988 0.983 0.988 0.985 0.990 0.988 0.990 0.979 0.985 0.984 0.982 0.988 0.983 0.977 0.970 0.982 0.973 0.974 0.974 0.972 0.970 0.970 0.970 0.971 0.971 0.971 0.970 0.969 0.965 0.960 0.947 0.969 0.976 0.972 0.966 0.957 0.969 0.957 0.971 0.972 0.971 0.969 0.963 0.946 0.949 0.980 0.965 0.951 0.974 0.950 0.963 0.969 0.969 0.958 0.958 0.973 0.971 0.961 0.969 0.974 0.898 0.975 0.955 0.950 0.953 0.954 0.974 0.964 0.929 0.924 0.982 0.901 0.880  
0.944 0.936 0.949 0.989 0.985 0.987 0.986 0.989 0.984 0.984 0.987 0.984 0.987 0.987 0.991 0.985 1.000 0.986 0.988 0.997 0.985 0.990 0.988 0.988 0.982 0.986 0.990 0.988 0.987 0.997 0.984 0.991 0.983 0.990 0.977 0.970 0.988 0.976 0.973 0.977 0.973 0.971 0.970 0.969 0.971 0.972 0.971 0.970 0.971 0.966 0.967 0.945 0.971 0.976 0.973 0.968 0.957 0.971 0.958 0.973 0.972 0.975 0.969 0.961 0.946 0.950 0.991 0.967 0.951 0.979 0.952 0.962 0.974 0.970 0.958 0.956 0.977 0.970 0.964 0.970 0.968 0.893 0.970 0.952 0.952 0.956 0.953 0.973 0.968 0.933 0.922 0.979 0.899 0.876  
0.951 0.933 0.950 0.994 0.987 0.991 0.990 0.994 0.986 0.993 0.993 0.986 0.993 0.987 0.990 0.987 0.985 1.000 0.992 0.986 0.986 0.993 0.986 0.993 0.984 0.993 0.993 0.994 0.984 0.985 0.988 0.988 0.990 0.988 0.982 0.974 0.984 0.973 0.975 0.977 0.976 0.975 0.973 0.975 0.974 0.973 0.974 0.973 0.973 0.968 0.965 0.948 0.973 0.980 0.976 0.970 0.961 0.973 0.962 0.975 0.972 0.975 0.968 0.963 0.948 0.952 0.983 0.969 0.954 0.977 0.953 0.967 0.974 0.972 0.959 0.961 0.979 0.970 0.966 0.973 0.974 0.900 0.976 0.956 0.954 0.958 0.955 0.976 0.969 0.932 0.927 0.984 0.901 0.881  
0.949 0.933 0.950 0.993 0.987 0.991 0.990 0.992 0.987 0.991 0.993 0.988 0.992 0.989 0.991 0.988 0.987 0.992 1.000 0.988 0.984 0.994 0.985 0.992 0.985 0.991 0.994 0.993 0.984 0.988 0.988 0.990 0.989 0.989 0.982 0.975 0.987 0.971 0.974 0.978 0.976 0.975 0.974 0.975 0.975 0.975 0.974 0.975 0.973 0.969 0.964 0.950 0.973 0.979 0.976 0.972 0.963 0.972 0.963 0.975 0.975 0.978 0.970 0.963 0.949 0.953 0.989 0.971 0.955 0.981 0.954 0.967 0.974 0.972 0.959 0.961 0.979 0.971 0.966 0.972 0.974 0.899 0.976 0.956 0.954 0.958 0.956 0.977 0.970 0.934 0.929 0.984 0.902 0.880  
0.944 0.936 0.949 0.989 0.986 0.988 0.986 0.989 0.984 0.984 0.987 0.984 0.989 0.987 0.991 0.986 0.996 0.987 0.989 1.000 0.985 0.989 0.988 0.988 0.982 0.987 0.990 0.988 0.987 0.998 0.983 0.989 0.984 0.989 0.979 0.970 0.986 0.976 0.972 0.976 0.973 0.971 0.971 0.969 0.972 0.972 0.972 0.970 0.972 0.966 0.968 0.946 0.971 0.977 0.974 0.968 0.958 0.971 0.958 0.973 0.972 0.975 0.968 0.961 0.946 0.950 0.992 0.967 0.952 0.979 0.951 0.961 0.974 0.969 0.958 0.957 0.977 0.970 0.965 0.970 0.969 0.893 0.970 0.953 0.951 0.955 0.953 0.974 0.968 0.932 0.922 0.979 0.900 0.877  
0.953 0.938 0.953 0.988 0.983 0.986 0.985 0.988 0.992 0.986 0.985 0.990 0.986 0.991 0.986 0.982 0.984 0.987 0.984 0.984 1.000 0.986 0.986 0.986 0.983 0.986 0.987 0.987 0.981 0.984 0.983 0.985 0.983 0.985 0.983 0.972 0.983 0.977 0.970 0.973 0.972 0.969 0.968 0.968 0.968 0.971 0.968 0.969 0.968 0.966 0.962 0.949 0.968 0.974 0.970 0.966 0.957 0.969 0.958 0.970 0.968 0.970 0.963 0.959 0.945 0.948 0.982 0.967 0.951 0.972 0.950 0.959 0.973 0.966 0.955 0.954 0.972 0.966 0.962 0.968 0.973 0.891 0.968 0.949 0.950 0.953 0.953 0.971 0.967 0.931 0.923 0.984 0.906 0.876  
0.951 0.935 0.950 0.996 0.988 0.991 0.990 0.995 0.988 0.991 0.994 0.988 0.994 0.990 0.991 0.988 0.988 0.993 0.994 0.988 0.986 1.000 0.987 0.994 0.984 0.993 0.997 0.993 0.985 0.987 0.991 0.991 0.990 0.992 0.982 0.976 0.988 0.973 0.976 0.979 0.978 0.977 0.975 0.975 0.977 0.975 0.976 0.975 0.974 0.971 0.966 0.949 0.975 0.980 0.978 0.973 0.963 0.975 0.964 0.977 0.975 0.977 0.969 0.964 0.950 0.954 0.988 0.971 0.956 0.980 0.955 0.968 0.976 0.974 0.961 0.961 0.981 0.973 0.966 0.974 0.975 0.900 0.976 0.956 0.955 0.959 0.957 0.978 0.969 0.934 0.929 0.984 0.902 0.881  
0.947 0.938 0.946 0.989 0.987 0.989 0.987 0.990 0.986 0.991 0.987 0.985 0.990 0.985 0.989 0.983 0.987 0.987 0.985 0.988 0.986 0.987 1.000 0.991 0.988 0.989 0.987 0.988 0.987 0.988 0.986 0.986 0.986 0.986 0.977 0.972 0.986 0.973 0.974 0.977 0.974 0.971 0.970 0.969 0.973 0.973 0.972 0.970 0.970 0.970 0.966 0.943 0.970 0.978 0.975 0.971 0.959 0.974 0.959 0.975 0.973 0.972 0.967 0.964 0.946 0.951 0.990 0.970 0.953 0.974 0.952 0.960 0.974 0.970 0.959 0.957 0.975 0.971 0.964 0.972 0.969 0.893 0.971 0.953 0.952 0.956 0.957 0.975 0.969 0.933 0.925 0.978 0.902 0.877  
0.951 0.935 0.949 0.993 0.989 0.993 0.991 0.994 0.986 0.994 0.993 0.986 0.997 0.988 0.992 0.988 0.986 0.993 0.991 0.987 0.986 0.994 0.990 1.000 0.986 0.993 0.994 0.993 0.984 0.986 0.991 0.988 0.991 0.989 0.982 0.975 0.987 0.971 0.977 0.979 0.977 0.975 0.974 0.974 0.977 0.973 0.976 0.973 0.974 0.971 0.965 0.949 0.973 0.981 0.979 0.973 0.961 0.976 0.962 0.978 0.976 0.975 0.971 0.965 0.948 0.953 0.985 0.971 0.954 0.978 0.954 0.966 0.975 0.975 0.962 0.961 0.979 0.974 0.965 0.975 0.974 0.899 0.977 0.957 0.954 0.958 0.957 0.979 0.968 0.932 0.928 0.983 0.902 0.882  
0.947 0.932 0.948 0.985 0.988 0.986 0.987 0.985 0.981 0.986 0.985 0.984 0.985 0.982 0.987 0.985 0.981 0.984 0.985 0.981 0.983 0.984 0.988 0.986 1.000 0.987 0.984 0.984 0.981 0.981 0.982 0.984 0.985 0.984 0.976 0.971 0.983 0.970 0.973 0.974 0.971 0.968 0.968 0.967 0.970 0.970 0.969 0.968 0.968 0.966 0.962 0.941 0.968 0.976 0.972 0.968 0.958 0.970 0.958 0.973 0.971 0.970 0.964 0.962 0.945 0.949 0.982 0.968 0.951 0.971 0.950 0.959 0.971 0.967 0.957 0.956 0.972 0.969 0.962 0.968 0.969 0.893 0.970 0.952 0.950 0.953 0.953 0.973 0.968 0.932 0.923 0.977 0.901 0.876  
0.952 0.935 0.950 0.994 0.990 0.994 0.994 0.994 0.985 0.993 0.991 0.985 0.994 0.986 0.992 0.990 0.984 0.993 0.991 0.986 0.985 0.993 0.988 0.993 0.987 1.000 0.992 0.992 0.985 0.984 0.989 0.988 0.990 0.988 0.982 0.974 0.986 0.972 0.976 0.978 0.975 0.974 0.973 0.972 0.977 0.972 0.975 0.972 0.973 0.969 0.964 0.948 0.973 0.981 0.977 0.971 0.961 0.974 0.961 0.977 0.975 0.974 0.969 0.965 0.948 0.952 0.985 0.970 0.954 0.976 0.953 0.967 0.974 0.974 0.961 0.961 0.977 0.973 0.964 0.973 0.975 0.900 0.977 0.957 0.953 0.957 0.957 0.978 0.967 0.931 0.926 0.985 0.902 0.882  
0.950 0.935 0.951 0.996 0.987 0.991 0.990 0.994 0.988 0.992 0.993 0.988 0.994 0.991 0.992 0.988 0.989 0.993 0.994 0.989 0.986 0.997 0.986 0.994 0.984 0.992 1.000 0.993 0.985 0.988 0.990 0.990 0.993 0.991 0.982 0.975 0.987 0.973 0.976 0.978 0.977 0.975 0.974 0.975 0.976 0.974 0.975 0.974 0.974 0.969 0.965 0.949 0.974 0.979 0.977 0.971 0.962 0.973 0.962 0.976 0.976 0.976 0.970 0.963 0.949 0.953 0.987 0.970 0.955 0.981 0.954 0.967 0.974 0.974 0.961 0.961 0.980 0.972 0.966 0.974 0.974 0.899 0.977 0.957 0.954 0.958 0.956 0.978 0.969 0.933 0.928 0.985 0.902 0.881  
0.951 0.934 0.952 0.994 0.987 0.994 0.992 0.994 0.988 0.994 0.992 0.985 0.993 0.989 0.991 0.990 0.987 0.994 0.993 0.987 0.987 0.993 0.988 0.994 0.984 0.993 0.994 1.000 0.985 0.987 0.989 0.988 0.991 0.989 0.983 0.973 0.985 0.973 0.975 0.977 0.976 0.975 0.975 0.973 0.974 0.973 0.974 0.973 0.973 0.969 0.965 0.950 0.973 0.979 0.975 0.971 0.961 0.973 0.962 0.975 0.973 0.977 0.970 0.964 0.949 0.952 0.986 0.970 0.955 0.979 0.954 0.965 0.973 0.972 0.959 0.960 0.979 0.972 0.965 0.973 0.973 0.899 0.975 0.956 0.954 0.958 0.955 0.976 0.968 0.933 0.928 0.985 0.902 0.881  
0.942 0.937 0.947 0.985 0.985 0.983 0.985 0.986 0.981 0.983 0.987 0.982 0.984 0.985 0.988 0.980 0.987 0.986 0.985 0.988 0.982 0.986 0.988 0.986 0.983 0.986 0.987 0.986 1.000 0.987 0.982 0.987 0.983 0.988 0.979 0.966 0.982 0.975 0.977 0.976 0.974 0.972 0.973 0.969 0.973 0.974 0.972 0.970 0.974 0.966 0.967 0.944 0.974 0.976 0.976 0.968 0.959 0.972 0.960 0.976 0.974 0.978 0.968 0.962 0.947 0.951 0.988 0.967 0.953 0.979 0.952 0.965 0.973 0.970 0.959 0.961 0.979 0.972 0.969 0.970 0.969 0.898 0.973 0.957 0.952 0.956 0.953 0.975 0.968 0.931 0.922 0.978 0.899 0.879  
0.943 0.935 0.948 0.989 0.985 0.988 0.986 0.988 0.984 0.985 0.986 0.983 0.988 0.987 0.990 0.985 0.997 0.986 0.989 0.998 0.985 0.989 0.988 0.987 0.982 0.986 0.989 0.988 0.986 1.000 0.983 0.989 0.983 0.988 0.978 0.970 0.986 0.975 0.972 0.976 0.973 0.971 0.970 0.969 0.971 0.973 0.971 0.970 0.971 0.967 0.968 0.946 0.971 0.976 0.974 0.968 0.958 0.971 0.958 0.973 0.971 0.975 0.968 0.961 0.946 0.950 0.991 0.968 0.952 0.978 0.951 0.961 0.974 0.969 0.957 0.957 0.977 0.969 0.964 0.970 0.968 0.892 0.969 0.952 0.951 0.955 0.954 0.974 0.968 0.933 0.923 0.978 0.900 0.877  
0.949 0.931 0.944 0.991 0.982 0.988 0.986 0.989 0.984 0.989 0.992 0.982 0.992 0.983 0.986 0.984 0.983 0.988 0.988 0.982 0.982 0.991 0.985 0.991 0.982 0.989 0.990 0.989 0.980 0.981 1.000 0.986 0.987 0.986 0.976 0.975 0.985 0.966 0.976 0.980 0.976 0.975 0.972 0.974 0.975 0.972 0.974 0.973 0.972 0.973 0.959 0.944 0.972 0.977 0.978 0.975 0.963 0.975 0.964 0.977 0.975 0.975 0.970 0.965 0.951 0.954 0.982 0.974 0.955 0.978 0.956 0.967 0.974 0.974 0.961 0.960 0.977 0.973 0.964 0.975 0.970 0.898 0.975 0.955 0.955 0.960 0.957 0.977 0.970 0.936 0.929 0.978 0.899 0.880  
0.946 0.936 0.947 0.990 0.987 0.986 0.986 0.990 0.985 0.986 0.989 0.986 0.990 0.988 0.990 0.982 0.990 0.989 0.990 0.989 0.985 0.992 0.986 0.989 0.984 0.988 0.990 0.988 0.986 0.988 0.987 1.000 0.985 0.998 0.981 0.972 0.994 0.976 0.976 0.980 0.977 0.977 0.976 0.974 0.977 0.976 0.975 0.976 0.975 0.969 0.967 0.947 0.974 0.981 0.978 0.972 0.963 0.974 0.963 0.977 0.977 0.978 0.970 0.965 0.950 0.954 0.989 0.971 0.955 0.981 0.957 0.967 0.978 0.975 0.962 0.961 0.982 0.975 0.970 0.972 0.973 0.898 0.974 0.956 0.956 0.959 0.957 0.977 0.971 0.934 0.926 0.979 0.901 0.881  
0.948 0.934 0.948 0.989 0.985 0.989 0.988 0.987 0.983 0.989 0.988 0.983 0.990 0.985 0.989 0.987 0.981 0.989 0.988 0.982 0.982 0.990 0.984 0.990 0.984 0.990 0.992 0.990 0.981 0.981 0.986 0.983 1.000 0.984 0.979 0.971 0.982 0.971 0.974 0.976 0.973 0.972 0.971 0.970 0.972 0.969 0.973 0.970 0.971 0.966 0.960 0.947 0.969 0.976 0.974 0.968 0.959 0.970 0.959 0.972 0.973 0.971 0.967 0.963 0.946 0.950 0.982 0.967 0.953 0.974 0.951 0.964 0.970 0.970 0.958 0.961 0.975 0.971 0.962 0.971 0.971 0.899 0.975 0.957 0.952 0.955 0.954 0.974 0.964 0.929 0.925 0.983 0.901 0.881  
0.945 0.936 0.947 0.990 0.987 0.987 0.986 0.990 0.984 0.986 0.989 0.985 0.989 0.987 0.990 0.982 0.989 0.989 0.989 0.988 0.985 0.992 0.986 0.989 0.983 0.988 0.991 0.988 0.987 0.987 0.987 0.998 0.985 1.000 0.981 0.971 0.992 0.976 0.977 0.980 0.977 0.977 0.975 0.973 0.976 0.975 0.974 0.974 0.975 0.968 0.968 0.947 0.974 0.981 0.978 0.971 0.962 0.974 0.963 0.977 0.976 0.979 0.969 0.964 0.949 0.954 0.988 0.970 0.955 0.982 0.957 0.967 0.977 0.974 0.962 0.961 0.981 0.975 0.971 0.971 0.974 0.898 0.974 0.956 0.955 0.958 0.956 0.977 0.971 0.934 0.925 0.979 0.901 0.881  
0.950 0.937 0.952 0.984 0.983 0.984 0.984 0.985 0.986 0.984 0.983 0.988 0.984 0.988 0.983 0.980 0.979 0.985 0.985 0.981 0.986 0.985 0.980 0.985 0.979 0.985 0.985 0.986 0.981 0.980 0.979 0.984 0.983 0.984 1.000 0.965 0.979 0.984 0.974 0.974 0.973 0.972 0.973 0.969 0.972 0.972 0.971 0.971 0.972 0.965 0.964 0.956 0.972 0.977 0.974 0.967 0.959 0.970 0.958 0.973 0.971 0.976 0.967 0.962 0.946 0.950 0.981 0.966 0.952 0.977 0.952 0.964 0.975 0.969 0.957 0.959 0.977 0.972 0.966 0.969 0.980 0.897 0.975 0.955 0.952 0.956 0.953 0.975 0.966 0.929 0.921 0.985 0.904 0.882  
0.939 0.923 0.936 0.980 0.974 0.978 0.976 0.980 0.976 0.980 0.978 0.974 0.981 0.974 0.977 0.973 0.972 0.977 0.979 0.973 0.975 0.980 0.976 0.980 0.975 0.979 0.979 0.977 0.969 0.973 0.980 0.976 0.976 0.975 0.966 1.000 0.977 0.956 0.962 0.967 0.964 0.962 0.961 0.961 0.963 0.962 0.961 0.962 0.960 0.967 0.950 0.934 0.961 0.968 0.965 0.967 0.955 0.964 0.956 0.966 0.962 0.961 0.956 0.952 0.943 0.946 0.974 0.968 0.948 0.963 0.947 0.953 0.962 0.961 0.948 0.948 0.964 0.959 0.952 0.964 0.958 0.885 0.962 0.942 0.947 0.951 0.947 0.965 0.962 0.937 0.922 0.967 0.895 0.869  
0.945 0.935 0.945 0.988 0.987 0.986 0.986 0.987 0.982 0.986 0.987 0.983 0.989 0.985 0.989 0.983 0.987 0.985 0.988 0.986 0.983 0.989 0.987 0.988 0.984 0.987 0.988 0.985 0.981 0.986 0.986 0.994 0.984 0.993 0.977 0.974 1.000 0.973 0.975 0.981 0.976 0.975 0.973 0.972 0.977 0.975 0.975 0.974 0.972 0.970 0.964 0.944 0.971 0.980 0.977 0.972 0.961 0.974 0.961 0.976 0.977 0.974 0.970 0.965 0.948 0.953 0.987 0.971 0.954 0.977 0.954 0.964 0.978 0.974 0.962 0.960 0.978 0.975 0.966 0.973 0.972 0.896 0.973 0.955 0.954 0.957 0.958 0.976 0.970 0.935 0.925 0.976 0.901 0.881  
0.940 0.935 0.946 0.975 0.978 0.976 0.977 0.976 0.977 0.974 0.974 0.981 0.974 0.981 0.978 0.976 0.978 0.976 0.974 0.979 0.980 0.976 0.976 0.975 0.974 0.976 0.976 0.976 0.977 0.978 0.970 0.979 0.975 0.980 0.984 0.956 0.975 1.000 0.969 0.968 0.966 0.965 0.966 0.960 0.965 0.966 0.965 0.964 0.967 0.957 0.960 0.950 0.965 0.969 0.966 0.958 0.953 0.963 0.953 0.965 0.966 0.968 0.960 0.956 0.940 0.945 0.977 0.957 0.947 0.971 0.947 0.956 0.968 0.963 0.953 0.953 0.970 0.966 0.961 0.961 0.973 0.892 0.966 0.951 0.948 0.950 0.947 0.967 0.960 0.923 0.914 0.977 0.901 0.879  
0.936 0.928 0.936 0.976 0.977 0.976 0.977 0.976 0.971 0.976 0.978 0.973 0.978 0.972 0.976 0.975 0.973 0.976 0.976 0.973 0.971 0.978 0.975 0.978 0.974 0.977 0.977 0.976 0.977 0.972 0.977 0.977 0.976 0.979 0.973 0.960 0.976 0.967 1.000 0.983 0.984 0.984 0.982 0.974 0.981 0.983 0.982 0.983 0.981 0.974 0.958 0.941 0.982 0.980 0.984 0.977 0.965 0.980 0.966 0.979 0.980 0.982 0.971 0.973 0.955 0.958 0.974 0.975 0.963 0.981 0.961 0.968 0.972 0.976 0.966 0.970 0.981 0.982 0.969 0.977 0.969 0.902 0.974 0.965 0.961 0.963 0.956 0.977 0.967 0.936 0.922 0.969 0.894 0.885  
0.939 0.927 0.938 0.979 0.978 0.978 0.978 0.980 0.974 0.979 0.982 0.976 0.981 0.976 0.979 0.975 0.977 0.979 0.979 0.976 0.974 0.981 0.979 0.980 0.976 0.979 0.980 0.978 0.977 0.976 0.982 0.981 0.978 0.981 0.972 0.965 0.982 0.966 0.983 1.000 0.981 0.980 0.977 0.975 0.979 0.982 0.981 0.978 0.979 0.976 0.960 0.942 0.978 0.980 0.983 0.977 0.964 0.978 0.965 0.982 0.980 0.977 0.973 0.970 0.954 0.957 0.978 0.976 0.961 0.980 0.960 0.964 0.971 0.976 0.965 0.964 0.978 0.976 0.964 0.978 0.968 0.897 0.972 0.959 0.959 0.962 0.956 0.980 0.967 0.938 0.922 0.970 0.895 0.881  
0.938 0.925 0.938 0.978 0.975 0.975 0.975 0.979 0.972 0.977 0.980 0.974 0.978 0.974 0.976 0.973 0.973 0.978 0.978 0.974 0.973 0.980 0.975 0.979 0.972 0.977 0.979 0.978 0.974 0.973 0.978 0.978 0.975 0.978 0.972 0.962 0.976 0.964 0.984 0.981 1.000 0.988 0.987 0.985 0.986 0.992 0.988 0.990 0.982 0.981 0.957 0.940 0.988 0.981 0.984 0.978 0.968 0.983 0.968 0.978 0.978 0.987 0.970 0.976 0.959 0.961 0.975 0.976 0.962 0.981 0.963 0.971 0.977 0.976 0.970 0.968 0.982 0.978 0.972 0.982 0.966 0.902 0.971 0.963 0.964 0.968 0.959 0.977 0.970 0.942 0.926 0.969 0.893 0.883  
0.936 0.924 0.934 0.976 0.973 0.974 0.974 0.977 0.970 0.974 0.979 0.972 0.977 0.971 0.973 0.971 0.971 0.977 0.976 0.972 0.971 0.978 0.972 0.977 0.969 0.976 0.977 0.976 0.973 0.971 0.976 0.978 0.974 0.978 0.970 0.960 0.975 0.963 0.984 0.980 0.988 1.000 0.988 0.980 0.987 0.985 0.985 0.992 0.981 0.974 0.954 0.938 0.986 0.980 0.984 0.975 0.969 0.980 0.969 0.975 0.979 0.982 0.969 0.972 0.956 0.958 0.975 0.974 0.962 0.979 0.961 0.969 0.973 0.977 0.966 0.967 0.981 0.978 0.969 0.978 0.966 0.901 0.971 0.962 0.961 0.962 0.957 0.976 0.968 0.936 0.925 0.968 0.892 0.884  
0.934 0.925 0.935 0.975 0.974 0.974 0.974 0.975 0.970 0.974 0.978 0.971 0.976 0.972 0.973 0.971 0.971 0.975 0.976 0.972 0.969 0.977 0.971 0.976 0.969 0.975 0.976 0.976 0.974 0.971 0.974 0.977 0.974 0.977 0.971 0.959 0.974 0.964 0.983 0.977 0.988 0.988 1.000 0.980 0.987 0.987 0.989 0.992 0.984 0.976 0.955 0.940 0.984 0.978 0.981 0.973 0.968 0.979 0.967 0.974 0.978 0.984 0.970 0.973 0.957 0.960 0.973 0.972 0.959 0.978 0.961 0.970 0.974 0.976 0.968 0.968 0.982 0.978 0.970 0.980 0.966 0.904 0.972 0.963 0.962 0.964 0.956 0.977 0.967 0.938 0.925 0.968 0.892 0.886  
0.934 0.920 0.934 0.977 0.971 0.973 0.972 0.975 0.970 0.975 0.978 0.971 0.974 0.970 0.971 0.971 0.969 0.976 0.976 0.969 0.969 0.977 0.970 0.975 0.968 0.973 0.976 0.974 0.969 0.969 0.975 0.974 0.972 0.974 0.967 0.958 0.972 0.958 0.974 0.975 0.984 0.980 0.979 1.000 0.977 0.984 0.979 0.982 0.973 0.971 0.950 0.945 0.978 0.972 0.976 0.968 0.960 0.973 0.960 0.968 0.970 0.978 0.963 0.967 0.952 0.954 0.970 0.968 0.953 0.972 0.955 0.978 0.972 0.969 0.961 0.960 0.974 0.969 0.967 0.972 0.973 0.908 0.973 0.954 0.956 0.959 0.956 0.969 0.966 0.934 0.926 0.966 0.890 0.877  
0.936 0.924 0.934 0.976 0.975 0.976 0.975 0.977 0.969 0.976 0.979 0.971 0.979 0.971 0.976 0.972 0.971 0.976 0.976 0.972 0.969 0.978 0.974 0.978 0.971 0.978 0.977 0.975 0.973 0.971 0.977 0.977 0.975 0.977 0.970 0.961 0.977 0.963 0.980 0.978 0.986 0.986 0.987 0.977 1.000 0.983 0.992 0.986 0.983 0.979 0.955 0.940 0.984 0.982 0.985 0.976 0.968 0.983 0.967 0.979 0.979 0.983 0.971 0.972 0.956 0.958 0.974 0.975 0.959 0.979 0.958 0.969 0.976 0.980 0.970 0.968 0.981 0.979 0.967 0.981 0.968 0.901 0.972 0.963 0.961 0.963 0.960 0.977 0.968 0.937 0.923 0.968 0.892 0.886  
0.935 0.925 0.936 0.977 0.975 0.974 0.974 0.976 0.972 0.975 0.978 0.973 0.975 0.973 0.975 0.973 0.973 0.975 0.977 0.973 0.973 0.977 0.975 0.975 0.972 0.975 0.976 0.975 0.974 0.974 0.975 0.978 0.972 0.977 0.971 0.960 0.976 0.964 0.983 0.983 0.992 0.985 0.987 0.985 0.984 1.000 0.987 0.989 0.982 0.980 0.958 0.938 0.987 0.979 0.981 0.976 0.966 0.981 0.965 0.977 0.977 0.985 0.970 0.975 0.958 0.960 0.975 0.975 0.961 0.979 0.961 0.969 0.976 0.974 0.969 0.966 0.981 0.977 0.972 0.980 0.966 0.901 0.970 0.961 0.962 0.965 0.958 0.976 0.971 0.943 0.925 0.967 0.893 0.882  
0.936 0.924 0.934 0.975 0.975 0.976 0.975 0.976 0.969 0.976 0.978 0.971 0.979 0.971 0.976 0.972 0.972 0.975 0.975 0.972 0.969 0.977 0.974 0.978 0.971 0.977 0.976 0.975 0.973 0.971 0.976 0.976 0.975 0.975 0.970 0.959 0.976 0.963 0.982 0.981 0.988 0.985 0.989 0.979 0.992 0.986 1.000 0.985 0.983 0.980 0.955 0.940 0.984 0.981 0.985 0.977 0.965 0.982 0.964 0.978 0.978 0.985 0.972 0.975 0.957 0.960 0.974 0.975 0.960 0.979 0.959 0.970 0.977 0.978 0.972 0.968 0.981 0.977 0.969 0.983 0.967 0.902 0.971 0.964 0.961 0.965 0.958 0.978 0.967 0.939 0.923 0.967 0.891 0.884  
0.935 0.925 0.934 0.976 0.972 0.973 0.973 0.975 0.970 0.974 0.977 0.971 0.975 0.971 0.972 0.971 0.970 0.974 0.976 0.971 0.971 0.977 0.971 0.975 0.969 0.974 0.975 0.975 0.970 0.971 0.975 0.977 0.973 0.976 0.969 0.960 0.975 0.962 0.983 0.978 0.990 0.992 0.992 0.982 0.986 0.989 0.985 1.000 0.981 0.977 0.953 0.938 0.984 0.979 0.981 0.974 0.969 0.979 0.968 0.974 0.977 0.982 0.969 0.974 0.958 0.959 0.972 0.973 0.960 0.977 0.962 0.970 0.974 0.976 0.968 0.966 0.979 0.977 0.969 0.980 0.965 0.902 0.970 0.961 0.963 0.964 0.957 0.975 0.968 0.939 0.927 0.967 0.892 0.885  
0.933 0.925 0.935 0.975 0.975 0.973 0.973 0.976 0.969 0.973 0.977 0.972 0.976 0.972 0.974 0.971 0.972 0.975 0.975 0.973 0.970 0.977 0.972 0.976 0.970 0.975 0.976 0.975 0.975 0.972 0.974 0.977 0.974 0.978 0.971 0.959 0.974 0.966 0.982 0.980 0.983 0.982 0.984 0.974 0.984 0.982 0.983 0.982 1.000 0.976 0.957 0.939 0.983 0.978 0.980 0.975 0.969 0.978 0.968 0.978 0.978 0.981 0.969 0.972 0.956 0.962 0.973 0.974 0.962 0.976 0.961 0.970 0.969 0.975 0.968 0.969 0.980 0.978 0.970 0.980 0.966 0.902 0.970 0.965 0.964 0.966 0.956 0.977 0.969 0.938 0.925 0.968 0.894 0.886  
0.932 0.919 0.929 0.972 0.968 0.970 0.969 0.971 0.968 0.973 0.973 0.967 0.973 0.966 0.969 0.966 0.966 0.970 0.970 0.966 0.967 0.972 0.971 0.973 0.968 0.971 0.971 0.970 0.967 0.967 0.974 0.970 0.969 0.970 0.963 0.964 0.971 0.955 0.974 0.976 0.981 0.974 0.976 0.972 0.979 0.980 0.980 0.977 0.975 1.000 0.950 0.933 0.978 0.973 0.976 0.979 0.964 0.978 0.964 0.975 0.970 0.978 0.964 0.969 0.956 0.958 0.968 0.978 0.958 0.970 0.958 0.962 0.970 0.970 0.964 0.960 0.974 0.970 0.962 0.984 0.958 0.894 0.964 0.954 0.959 0.963 0.955 0.971 0.967 0.945 0.924 0.961 0.889 0.878  
0.925 0.917 0.929 0.968 0.967 0.967 0.967 0.970 0.962 0.966 0.967 0.966 0.967 0.966 0.969 0.963 0.969 0.968 0.967 0.970 0.965 0.969 0.969 0.968 0.965 0.967 0.968 0.968 0.969 0.970 0.963 0.970 0.964 0.971 0.964 0.949 0.966 0.960 0.960 0.961 0.959 0.956 0.956 0.952 0.956 0.959 0.956 0.954 0.958 0.951 1.000 0.932 0.958 0.963 0.959 0.953 0.943 0.959 0.944 0.962 0.956 0.961 0.954 0.949 0.931 0.935 0.969 0.952 0.938 0.962 0.937 0.945 0.956 0.957 0.945 0.943 0.963 0.958 0.949 0.954 0.953 0.878 0.956 0.939 0.937 0.941 0.937 0.962 0.950 0.917 0.904 0.959 0.881 0.862  
0.957 0.945 0.959 0.955 0.953 0.956 0.955 0.955 0.956 0.956 0.954 0.958 0.957 0.958 0.955 0.955 0.952 0.956 0.957 0.953 0.956 0.956 0.951 0.957 0.949 0.956 0.956 0.957 0.950 0.952 0.952 0.954 0.955 0.955 0.961 0.938 0.951 0.954 0.947 0.948 0.946 0.944 0.946 0.951 0.946 0.944 0.947 0.944 0.944 0.939 0.936 1.000 0.944 0.951 0.948 0.941 0.931 0.947 0.932 0.949 0.946 0.948 0.945 0.938 0.920 0.925 0.952 0.939 0.925 0.950 0.924 0.945 0.947 0.946 0.935 0.933 0.949 0.947 0.938 0.944 0.963 0.884 0.957 0.929 0.927 0.930 0.934 0.952 0.937 0.902 0.904 0.964 0.898 0.863  
0.935 0.925 0.935 0.976 0.974 0.973 0.973 0.977 0.971 0.975 0.978 0.972 0.976 0.973 0.974 0.971 0.972 0.976 0.976 0.973 0.971 0.978 0.973 0.976 0.970 0.976 0.977 0.976 0.975 0.972 0.975 0.976 0.973 0.977 0.971 0.960 0.973 0.964 0.983 0.979 0.989 0.987 0.985 0.979 0.986 0.988 0.985 0.985 0.983 0.979 0.957 0.939 1.000 0.980 0.984 0.976 0.967 0.984 0.967 0.978 0.977 0.986 0.971 0.975 0.957 0.960 0.974 0.975 0.962 0.981 0.960 0.967 0.974 0.976 0.969 0.968 0.981 0.978 0.969 0.980 0.966 0.901 0.971 0.963 0.963 0.965 0.957 0.977 0.970 0.940 0.924 0.967 0.893 0.884  
0.941 0.931 0.940 0.982 0.982 0.982 0.981 0.983 0.975 0.982 0.982 0.978 0.984 0.977 0.981 0.978 0.977 0.983 0.982 0.978 0.976 0.983 0.980 0.984 0.978 0.984 0.982 0.982 0.977 0.977 0.980 0.983 0.980 0.984 0.977 0.967 0.981 0.968 0.981 0.981 0.982 0.981 0.979 0.973 0.983 0.979 0.982 0.980 0.978 0.975 0.963 0.946 0.980 1.000 0.985 0.977 0.965 0.983 0.965 0.984 0.977 0.982 0.975 0.970 0.953 0.956 0.980 0.975 0.960 0.984 0.958 0.966 0.975 0.978 0.966 0.967 0.982 0.977 0.968 0.977 0.974 0.899 0.975 0.961 0.958 0.963 0.955 0.982 0.966 0.935 0.922 0.973 0.898 0.885  
0.937 0.927 0.936 0.978 0.978 0.978 0.977 0.979 0.973 0.978 0.980 0.974 0.981 0.974 0.978 0.974 0.974 0.978 0.979 0.975 0.973 0.980 0.977 0.981 0.974 0.980 0.980 0.977 0.977 0.975 0.980 0.980 0.977 0.980 0.973 0.963 0.978 0.965 0.985 0.983 0.985 0.984 0.982 0.977 0.986 0.981 0.986 0.982 0.980 0.977 0.958 0.943 0.983 0.985 1.000 0.980 0.966 0.988 0.966 0.986 0.984 0.984 0.975 0.972 0.955 0.956 0.977 0.978 0.961 0.984 0.960 0.967 0.977 0.984 0.970 0.970 0.984 0.981 0.968 0.978 0.970 0.899 0.976 0.963 0.959 0.963 0.958 0.982 0.969 0.937 0.923 0.969 0.896 0.883  
0.936 0.923 0.933 0.976 0.973 0.974 0.973 0.976 0.972 0.977 0.978 0.972 0.979 0.972 0.974 0.970 0.971 0.975 0.977 0.972 0.971 0.977 0.976 0.978 0.973 0.976 0.976 0.976 0.972 0.972 0.980 0.976 0.974 0.976 0.969 0.968 0.976 0.960 0.980 0.981 0.981 0.978 0.976 0.972 0.980 0.978 0.980 0.977 0.978 0.983 0.955 0.938 0.978 0.979 0.982 1.000 0.971 0.982 0.971 0.982 0.977 0.978 0.970 0.970 0.958 0.961 0.974 0.994 0.965 0.975 0.963 0.963 0.972 0.976 0.965 0.964 0.979 0.976 0.964 0.980 0.964 0.895 0.969 0.959 0.962 0.967 0.958 0.978 0.971 0.943 0.927 0.965 0.894 0.882  
0.936 0.928 0.935 0.978 0.974 0.975 0.974 0.977 0.972 0.976 0.979 0.972 0.978 0.972 0.974 0.972 0.971 0.976 0.977 0.972 0.972 0.978 0.974 0.977 0.973 0.976 0.977 0.976 0.973 0.972 0.978 0.978 0.975 0.977 0.971 0.967 0.975 0.964 0.979 0.977 0.982 0.983 0.981 0.974 0.982 0.979 0.979 0.982 0.982 0.978 0.955 0.938 0.980 0.977 0.979 0.981 1.000 0.977 0.995 0.977 0.981 0.979 0.972 0.974 0.980 0.979 0.975 0.980 0.983 0.975 0.981 0.971 0.969 0.977 0.970 0.970 0.978 0.979 0.970 0.980 0.965 0.904 0.970 0.965 0.979 0.977 0.960 0.978 0.975 0.947 0.933 0.968 0.900 0.891  
0.933 0.923 0.932 0.976 0.974 0.974 0.973 0.976 0.970 0.976 0.977 0.971 0.977 0.970 0.974 0.971 0.971 0.975 0.974 0.972 0.971 0.976 0.975 0.978 0.971 0.976 0.975 0.974 0.972 0.971 0.977 0.975 0.973 0.976 0.969 0.962 0.975 0.961 0.980 0.978 0.983 0.980 0.979 0.973 0.983 0.981 0.983 0.979 0.977 0.978 0.958 0.941 0.983 0.982 0.988 0.979 0.964 1.000 0.965 0.989 0.978 0.982 0.976 0.975 0.953 0.956 0.972 0.977 0.960 0.981 0.959 0.963 0.977 0.982 0.971 0.964 0.981 0.981 0.966 0.977 0.964 0.896 0.973 0.959 0.958 0.963 0.960 0.982 0.967 0.939 0.922 0.965 0.892 0.881  
0.936 0.927 0.935 0.978 0.974 0.975 0.974 0.977 0.972 0.976 0.979 0.972 0.978 0.972 0.974 0.972 0.971 0.976 0.977 0.972 0.972 0.979 0.974 0.977 0.973 0.976 0.977 0.977 0.973 0.972 0.979 0.978 0.975 0.978 0.970 0.967 0.975 0.964 0.979 0.978 0.981 0.983 0.980 0.973 0.981 0.978 0.977 0.981 0.981 0.978 0.955 0.939 0.980 0.977 0.979 0.981 0.995 0.978 1.000 0.977 0.981 0.978 0.972 0.973 0.979 0.978 0.975 0.980 0.983 0.975 0.982 0.970 0.969 0.977 0.969 0.969 0.978 0.979 0.970 0.979 0.964 0.904 0.970 0.964 0.978 0.976 0.960 0.978 0.975 0.947 0.933 0.968 0.900 0.891  
0.936 0.927 0.935 0.978 0.977 0.977 0.977 0.979 0.972 0.978 0.980 0.974 0.981 0.974 0.978 0.973 0.974 0.978 0.978 0.974 0.972 0.980 0.977 0.980 0.975 0.979 0.979 0.977 0.977 0.974 0.980 0.979 0.976 0.979 0.972 0.965 0.978 0.964 0.980 0.982 0.979 0.976 0.975 0.969 0.980 0.977 0.979 0.975 0.978 0.976 0.961 0.944 0.978 0.984 0.986 0.979 0.964 0.990 0.964 1.000 0.979 0.978 0.977 0.973 0.952 0.957 0.976 0.977 0.960 0.980 0.958 0.965 0.971 0.982 0.971 0.966 0.979 0.980 0.965 0.976 0.968 0.897 0.977 0.960 0.959 0.963 0.959 0.988 0.966 0.937 0.922 0.968 0.896 0.883  
0.936 0.928 0.937 0.976 0.977 0.977 0.977 0.977 0.970 0.976 0.979 0.972 0.979 0.974 0.978 0.975 0.974 0.975 0.978 0.974 0.971 0.978 0.975 0.979 0.974 0.978 0.979 0.975 0.976 0.973 0.978 0.979 0.977 0.979 0.971 0.961 0.979 0.966 0.981 0.982 0.980 0.981 0.979 0.972 0.981 0.978 0.980 0.979 0.978 0.972 0.956 0.941 0.978 0.978 0.984 0.975 0.969 0.979 0.969 0.980 1.000 0.978 0.979 0.974 0.957 0.960 0.977 0.973 0.963 0.978 0.962 0.968 0.970 0.983 0.973 0.966 0.979 0.984 0.966 0.974 0.968 0.901 0.978 0.962 0.962 0.962 0.958 0.985 0.966 0.936 0.925 0.969 0.896 0.885  
0.936 0.923 0.938 0.977 0.974 0.977 0.976 0.978 0.971 0.975 0.980 0.974 0.976 0.974 0.977 0.972 0.975 0.977 0.980 0.975 0.972 0.979 0.973 0.977 0.971 0.976 0.978 0.978 0.978 0.975 0.977 0.979 0.974 0.980 0.974 0.959 0.975 0.966 0.982 0.977 0.987 0.982 0.983 0.978 0.983 0.984 0.985 0.982 0.980 0.977 0.960 0.942 0.984 0.980 0.983 0.975 0.965 0.982 0.965 0.977 0.976 1.000 0.970 0.973 0.958 0.960 0.977 0.974 0.960 0.989 0.960 0.971 0.979 0.974 0.968 0.967 0.984 0.976 0.972 0.978 0.966 0.903 0.969 0.962 0.963 0.965 0.955 0.975 0.969 0.940 0.923 0.970 0.890 0.884  
0.933 0.926 0.935 0.974 0.975 0.976 0.976 0.974 0.969 0.975 0.977 0.970 0.977 0.971 0.976 0.975 0.974 0.974 0.976 0.973 0.969 0.975 0.973 0.977 0.970 0.976 0.976 0.976 0.972 0.973 0.976 0.976 0.974 0.975 0.970 0.958 0.975 0.963 0.976 0.978 0.975 0.974 0.975 0.967 0.976 0.974 0.976 0.973 0.973 0.969 0.957 0.943 0.975 0.978 0.979 0.971 0.963 0.980 0.963 0.981 0.983 0.974 1.000 0.977 0.959 0.954 0.973 0.970 0.961 0.978 0.962 0.961 0.967 0.985 0.978 0.961 0.976 0.981 0.961 0.972 0.966 0.896 0.978 0.957 0.957 0.960 0.958 0.985 0.962 0.938 0.920 0.967 0.894 0.883  
0.932 0.924 0.932 0.970 0.972 0.971 0.971 0.970 0.964 0.971 0.973 0.967 0.972 0.966 0.970 0.969 0.967 0.969 0.970 0.967 0.966 0.971 0.970 0.972 0.968 0.972 0.970 0.970 0.968 0.966 0.972 0.971 0.971 0.971 0.965 0.955 0.971 0.959 0.978 0.975 0.981 0.977 0.978 0.973 0.978 0.980 0.980 0.979 0.976 0.974 0.952 0.937 0.979 0.974 0.977 0.972 0.966 0.980 0.965 0.977 0.978 0.978 0.978 1.000 0.962 0.962 0.968 0.971 0.963 0.972 0.965 0.966 0.969 0.980 0.980 0.963 0.972 0.981 0.966 0.977 0.964 0.904 0.973 0.960 0.964 0.965 0.959 0.978 0.965 0.941 0.922 0.963 0.892 0.885  
0.930 0.922 0.930 0.970 0.967 0.967 0.967 0.969 0.965 0.968 0.972 0.964 0.970 0.965 0.967 0.966 0.965 0.968 0.969 0.965 0.965 0.971 0.966 0.969 0.965 0.969 0.969 0.969 0.966 0.965 0.972 0.970 0.967 0.970 0.963 0.959 0.967 0.957 0.974 0.973 0.978 0.975 0.976 0.971 0.975 0.976 0.976 0.977 0.974 0.975 0.947 0.932 0.975 0.970 0.973 0.974 0.985 0.972 0.985 0.970 0.974 0.977 0.974 0.976 1.000 0.978 0.967 0.973 0.983 0.971 0.984 0.968 0.965 0.973 0.973 0.964 0.970 0.972 0.967 0.975 0.958 0.902 0.963 0.959 0.977 0.975 0.954 0.970 0.969 0.951 0.928 0.961 0.895 0.886  
0.932 0.926 0.932 0.973 0.970 0.970 0.970 0.972 0.967 0.971 0.975 0.967 0.973 0.968 0.970 0.967 0.968 0.971 0.972 0.968 0.967 0.973 0.970 0.972 0.968 0.972 0.972 0.971 0.969 0.968 0.974 0.973 0.970 0.973 0.966 0.961 0.972 0.961 0.976 0.975 0.979 0.976 0.977 0.972 0.976 0.977 0.978 0.977 0.979 0.976 0.951 0.936 0.976 0.972 0.973 0.976 0.983 0.974 0.982 0.974 0.976 0.978 0.968 0.975 0.976 1.000 0.970 0.976 0.978 0.971 0.978 0.971 0.967 0.971 0.969 0.966 0.973 0.976 0.970 0.978 0.961 0.909 0.966 0.962 0.985 0.980 0.959 0.973 0.970 0.948 0.933 0.964 0.900 0.889  
0.944 0.937 0.947 0.987 0.986 0.987 0.986 0.988 0.983 0.984 0.986 0.985 0.987 0.984 0.989 0.981 0.990 0.984 0.990 0.991 0.983 0.989 0.990 0.986 0.983 0.987 0.987 0.987 0.988 0.991 0.983 0.990 0.984 0.989 0.979 0.971 0.987 0.974 0.974 0.977 0.975 0.974 0.972 0.970 0.974 0.974 0.973 0.972 0.972 0.967 0.967 0.945 0.972 0.978 0.975 0.970 0.961 0.971 0.961 0.974 0.974 0.977 0.968 0.962 0.947 0.951 1.000 0.970 0.955 0.979 0.953 0.964 0.975 0.970 0.958 0.958 0.978 0.971 0.966 0.969 0.971 0.895 0.971 0.954 0.952 0.956 0.955 0.975 0.968 0.933 0.924 0.980 0.901 0.878  
0.936 0.923 0.932 0.976 0.972 0.974 0.972 0.975 0.972 0.976 0.978 0.971 0.977 0.970 0.973 0.969 0.971 0.974 0.976 0.971 0.971 0.976 0.975 0.976 0.972 0.975 0.975 0.975 0.971 0.972 0.979 0.975 0.973 0.974 0.968 0.969 0.975 0.959 0.979 0.979 0.979 0.977 0.975 0.971 0.978 0.978 0.978 0.976 0.976 0.982 0.954 0.937 0.977 0.977 0.980 0.994 0.970 0.981 0.970 0.980 0.975 0.977 0.968 0.969 0.958 0.961 0.974 1.000 0.964 0.975 0.962 0.962 0.971 0.973 0.963 0.963 0.978 0.974 0.962 0.978 0.962 0.895 0.968 0.957 0.961 0.966 0.957 0.976 0.971 0.945 0.927 0.965 0.893 0.882  
0.933 0.927 0.933 0.974 0.972 0.973 0.973 0.974 0.970 0.973 0.976 0.970 0.975 0.970 0.973 0.970 0.970 0.974 0.975 0.970 0.970 0.975 0.972 0.974 0.971 0.973 0.975 0.974 0.972 0.970 0.975 0.974 0.973 0.975 0.969 0.964 0.973 0.963 0.981 0.979 0.980 0.981 0.977 0.971 0.978 0.979 0.979 0.978 0.980 0.976 0.954 0.936 0.979 0.977 0.979 0.980 0.988 0.978 0.988 0.977 0.980 0.978 0.975 0.976 0.982 0.978 0.974 0.979 1.000 0.976 0.988 0.969 0.968 0.976 0.973 0.968 0.976 0.978 0.970 0.977 0.962 0.904 0.969 0.964 0.980 0.979 0.957 0.976 0.972 0.950 0.930 0.966 0.900 0.889  
0.936 0.925 0.941 0.979 0.975 0.978 0.977 0.980 0.973 0.976 0.983 0.975 0.979 0.976 0.979 0.975 0.979 0.979 0.982 0.979 0.973 0.981 0.975 0.979 0.972 0.978 0.982 0.980 0.979 0.978 0.980 0.982 0.977 0.983 0.976 0.960 0.978 0.969 0.980 0.980 0.980 0.979 0.977 0.972 0.979 0.978 0.979 0.977 0.976 0.970 0.960 0.944 0.979 0.983 0.983 0.972 0.961 0.980 0.961 0.979 0.976 0.989 0.973 0.966 0.952 0.953 0.979 0.971 0.957 1.000 0.957 0.965 0.976 0.975 0.963 0.964 0.984 0.975 0.966 0.972 0.968 0.898 0.972 0.958 0.956 0.960 0.950 0.977 0.964 0.935 0.918 0.971 0.892 0.881  
0.933 0.928 0.934 0.974 0.972 0.972 0.971 0.974 0.969 0.972 0.976 0.970 0.975 0.970 0.972 0.969 0.970 0.973 0.974 0.970 0.970 0.975 0.971 0.974 0.970 0.973 0.974 0.973 0.971 0.969 0.976 0.976 0.972 0.977 0.969 0.963 0.973 0.963 0.979 0.978 0.981 0.980 0.979 0.973 0.977 0.979 0.977 0.981 0.979 0.976 0.953 0.936 0.977 0.975 0.978 0.978 0.986 0.977 0.987 0.975 0.979 0.979 0.976 0.978 0.984 0.979 0.972 0.977 0.988 0.975 1.000 0.970 0.970 0.979 0.975 0.966 0.976 0.980 0.971 0.977 0.963 0.906 0.968 0.961 0.981 0.979 0.955 0.976 0.971 0.950 0.931 0.965 0.900 0.890  
0.932 0.923 0.931 0.973 0.970 0.971 0.971 0.973 0.965 0.971 0.975 0.967 0.973 0.968 0.970 0.969 0.967 0.973 0.974 0.967 0.965 0.975 0.966 0.973 0.965 0.973 0.974 0.971 0.970 0.966 0.974 0.973 0.972 0.974 0.967 0.955 0.970 0.959 0.973 0.969 0.976 0.974 0.975 0.983 0.974 0.974 0.975 0.975 0.974 0.967 0.948 0.944 0.971 0.970 0.972 0.965 0.963 0.968 0.962 0.969 0.971 0.977 0.961 0.966 0.954 0.958 0.970 0.964 0.956 0.970 0.956 1.000 0.967 0.968 0.961 0.967 0.969 0.971 0.977 0.970 0.975 0.915 0.975 0.961 0.960 0.960 0.955 0.969 0.966 0.931 0.925 0.966 0.893 0.883  
0.938 0.928 0.938 0.977 0.977 0.975 0.975 0.978 0.975 0.976 0.979 0.976 0.978 0.977 0.978 0.971 0.976 0.977 0.977 0.976 0.976 0.979 0.977 0.979 0.974 0.977 0.977 0.976 0.975 0.976 0.978 0.981 0.974 0.980 0.975 0.961 0.980 0.967 0.974 0.973 0.979 0.975 0.975 0.974 0.978 0.977 0.978 0.975 0.970 0.971 0.956 0.942 0.975 0.975 0.977 0.970 0.957 0.978 0.957 0.971 0.970 0.980 0.964 0.965 0.947 0.950 0.978 0.969 0.951 0.977 0.953 0.964 1.000 0.971 0.961 0.959 0.976 0.972 0.976 0.972 0.967 0.899 0.970 0.953 0.952 0.956 0.959 0.971 0.972 0.932 0.923 0.969 0.894 0.878  
0.936 0.926 0.935 0.977 0.976 0.977 0.976 0.978 0.971 0.978 0.980 0.973 0.980 0.973 0.977 0.974 0.973 0.977 0.977 0.973 0.971 0.979 0.975 0.980 0.972 0.979 0.979 0.976 0.973 0.973 0.980 0.979 0.976 0.979 0.971 0.962 0.978 0.964 0.979 0.979 0.980 0.980 0.979 0.973 0.984 0.977 0.981 0.979 0.978 0.973 0.958 0.943 0.978 0.980 0.987 0.976 0.967 0.985 0.967 0.985 0.985 0.978 0.984 0.978 0.957 0.956 0.974 0.973 0.962 0.979 0.964 0.966 0.973 1.000 0.978 0.966 0.981 0.983 0.965 0.976 0.968 0.901 0.978 0.961 0.959 0.962 0.961 0.985 0.965 0.938 0.925 0.968 0.894 0.885  
0.927 0.919 0.928 0.967 0.968 0.968 0.967 0.968 0.961 0.967 0.971 0.963 0.970 0.963 0.968 0.965 0.965 0.967 0.967 0.965 0.962 0.969 0.967 0.971 0.965 0.969 0.969 0.966 0.966 0.964 0.969 0.969 0.967 0.969 0.962 0.952 0.969 0.957 0.973 0.971 0.977 0.973 0.975 0.968 0.977 0.975 0.979 0.974 0.974 0.970 0.950 0.935 0.974 0.971 0.976 0.969 0.963 0.978 0.962 0.977 0.978 0.975 0.980 0.981 0.961 0.957 0.965 0.966 0.961 0.969 0.963 0.962 0.965 0.981 1.000 0.959 0.971 0.977 0.962 0.973 0.959 0.897 0.968 0.955 0.960 0.961 0.957 0.975 0.961 0.939 0.921 0.960 0.890 0.881  
0.934 0.930 0.934 0.975 0.975 0.974 0.974 0.975 0.969 0.974 0.977 0.971 0.977 0.972 0.975 0.973 0.970 0.976 0.976 0.971 0.969 0.976 0.972 0.977 0.971 0.977 0.976 0.974 0.975 0.970 0.976 0.976 0.977 0.976 0.971 0.959 0.974 0.965 0.983 0.978 0.982 0.980 0.981 0.973 0.982 0.979 0.982 0.980 0.982 0.973 0.955 0.940 0.980 0.979 0.982 0.975 0.970 0.978 0.970 0.978 0.978 0.981 0.970 0.971 0.959 0.962 0.973 0.973 0.964 0.977 0.961 0.975 0.971 0.976 0.966 1.000 0.979 0.979 0.974 0.977 0.967 0.914 0.973 0.983 0.964 0.966 0.958 0.978 0.968 0.935 0.923 0.967 0.901 0.896  
0.937 0.924 0.938 0.981 0.977 0.979 0.978 0.981 0.974 0.978 0.983 0.977 0.980 0.977 0.980 0.975 0.977 0.981 0.981 0.978 0.974 0.983 0.976 0.981 0.974 0.979 0.982 0.981 0.980 0.977 0.979 0.983 0.977 0.983 0.976 0.962 0.978 0.969 0.981 0.979 0.982 0.981 0.982 0.974 0.981 0.980 0.981 0.979 0.979 0.974 0.962 0.943 0.980 0.981 0.983 0.976 0.964 0.981 0.965 0.978 0.977 0.984 0.971 0.967 0.951 0.956 0.978 0.974 0.958 0.984 0.958 0.965 0.975 0.977 0.965 0.966 1.000 0.977 0.967 0.975 0.968 0.901 0.972 0.960 0.958 0.961 0.954 0.978 0.966 0.935 0.923 0.971 0.892 0.885  
0.933 0.928 0.934 0.974 0.977 0.975 0.975 0.975 0.968 0.974 0.977 0.970 0.977 0.971 0.976 0.973 0.971 0.973 0.974 0.971 0.969 0.976 0.973 0.977 0.971 0.976 0.975 0.974 0.974 0.970 0.976 0.977 0.974 0.978 0.971 0.958 0.976 0.965 0.983 0.977 0.979 0.979 0.979 0.971 0.981 0.977 0.978 0.979 0.979 0.971 0.958 0.942 0.978 0.977 0.981 0.974 0.966 0.982 0.966 0.981 0.984 0.977 0.977 0.977 0.955 0.959 0.973 0.972 0.961 0.976 0.962 0.967 0.971 0.981 0.972 0.967 0.978 1.000 0.967 0.973 0.968 0.903 0.981 0.963 0.961 0.962 0.960 0.982 0.965 0.934 0.924 0.966 0.895 0.888  
0.930 0.928 0.934 0.973 0.974 0.971 0.971 0.974 0.968 0.971 0.975 0.970 0.973 0.971 0.973 0.968 0.971 0.974 0.973 0.972 0.970 0.974 0.971 0.973 0.970 0.972 0.973 0.972 0.975 0.971 0.972 0.977 0.971 0.978 0.971 0.956 0.973 0.966 0.975 0.970 0.978 0.975 0.976 0.974 0.974 0.978 0.976 0.976 0.975 0.969 0.953 0.938 0.975 0.973 0.974 0.967 0.963 0.972 0.963 0.971 0.970 0.979 0.962 0.967 0.955 0.958 0.973 0.965 0.958 0.973 0.959 0.979 0.981 0.968 0.961 0.967 0.973 0.972 1.000 0.972 0.964 0.908 0.970 0.962 0.961 0.961 0.959 0.970 0.976 0.933 0.924 0.964 0.897 0.883  
0.935 0.924 0.933 0.975 0.972 0.973 0.972 0.975 0.969 0.975 0.977 0.970 0.977 0.970 0.973 0.970 0.970 0.974 0.974 0.971 0.969 0.976 0.973 0.977 0.969 0.975 0.975 0.974 0.970 0.970 0.977 0.973 0.973 0.973 0.967 0.961 0.973 0.959 0.977 0.977 0.982 0.978 0.980 0.972 0.981 0.980 0.983 0.980 0.980 0.984 0.953 0.938 0.978 0.976 0.977 0.977 0.966 0.977 0.966 0.975 0.973 0.978 0.967 0.972 0.956 0.960 0.970 0.975 0.958 0.973 0.959 0.965 0.971 0.972 0.967 0.963 0.975 0.972 0.965 1.000 0.962 0.899 0.967 0.959 0.961 0.967 0.956 0.976 0.969 0.942 0.925 0.965 0.894 0.883  
0.941 0.930 0.941 0.975 0.976 0.976 0.976 0.974 0.975 0.976 0.974 0.978 0.977 0.978 0.975 0.976 0.968 0.976 0.976 0.969 0.974 0.977 0.970 0.977 0.971 0.977 0.976 0.975 0.970 0.969 0.972 0.975 0.974 0.976 0.979 0.957 0.973 0.972 0.970 0.968 0.967 0.967 0.966 0.974 0.968 0.965 0.967 0.966 0.965 0.958 0.952 0.957 0.965 0.973 0.970 0.961 0.952 0.964 0.952 0.968 0.967 0.966 0.962 0.959 0.939 0.943 0.972 0.960 0.945 0.968 0.945 0.970 0.966 0.965 0.953 0.954 0.968 0.967 0.959 0.962 1.000 0.905 0.977 0.951 0.946 0.948 0.950 0.970 0.956 0.920 0.915 0.975 0.900 0.879  
0.894 0.890 0.894 0.934 0.934 0.933 0.934 0.934 0.926 0.934 0.937 0.929 0.935 0.929 0.933 0.934 0.927 0.935 0.935 0.928 0.926 0.935 0.928 0.935 0.929 0.936 0.935 0.934 0.932 0.927 0.934 0.933 0.936 0.934 0.930 0.917 0.930 0.924 0.936 0.931 0.936 0.936 0.938 0.943 0.935 0.935 0.937 0.937 0.936 0.928 0.909 0.911 0.934 0.932 0.933 0.926 0.926 0.930 0.925 0.931 0.933 0.937 0.926 0.933 0.918 0.927 0.929 0.926 0.921 0.932 0.922 0.945 0.932 0.932 0.925 0.935 0.935 0.936 0.936 0.933 0.939 1.000 0.940 0.934 0.927 0.924 0.925 0.933 0.925 0.896 0.896 0.927 0.872 0.870  
0.936 0.927 0.936 0.977 0.977 0.977 0.977 0.976 0.970 0.978 0.979 0.972 0.979 0.972 0.976 0.976 0.970 0.978 0.978 0.971 0.969 0.978 0.973 0.979 0.972 0.979 0.979 0.977 0.973 0.970 0.977 0.975 0.978 0.976 0.974 0.960 0.973 0.965 0.974 0.972 0.971 0.972 0.972 0.974 0.973 0.969 0.972 0.970 0.970 0.964 0.955 0.951 0.970 0.974 0.975 0.966 0.957 0.973 0.957 0.977 0.976 0.969 0.973 0.968 0.945 0.949 0.972 0.964 0.951 0.972 0.950 0.970 0.968 0.975 0.962 0.960 0.972 0.980 0.964 0.967 0.977 0.906 1.000 0.956 0.951 0.954 0.959 0.981 0.963 0.926 0.921 0.969 0.895 0.881  
0.931 0.929 0.932 0.973 0.975 0.973 0.973 0.973 0.967 0.973 0.975 0.969 0.975 0.970 0.974 0.973 0.968 0.974 0.973 0.969 0.966 0.974 0.970 0.975 0.970 0.975 0.974 0.973 0.974 0.968 0.973 0.973 0.975 0.974 0.970 0.956 0.972 0.965 0.981 0.975 0.980 0.978 0.979 0.971 0.980 0.977 0.980 0.977 0.981 0.970 0.954 0.938 0.978 0.976 0.979 0.972 0.967 0.975 0.966 0.975 0.977 0.978 0.969 0.971 0.956 0.960 0.970 0.970 0.961 0.974 0.959 0.972 0.968 0.974 0.965 0.986 0.976 0.978 0.972 0.975 0.967 0.915 0.972 1.000 0.963 0.964 0.956 0.977 0.966 0.932 0.922 0.966 0.902 0.896  
0.932 0.927 0.932 0.972 0.970 0.970 0.970 0.973 0.967 0.971 0.975 0.968 0.973 0.968 0.970 0.967 0.968 0.972 0.972 0.968 0.968 0.973 0.969 0.972 0.968 0.971 0.972 0.971 0.969 0.968 0.973 0.973 0.970 0.973 0.967 0.961 0.971 0.963 0.977 0.976 0.980 0.977 0.978 0.973 0.977 0.978 0.978 0.979 0.980 0.976 0.952 0.937 0.978 0.973 0.975 0.976 0.982 0.975 0.982 0.974 0.977 0.979 0.969 0.975 0.975 0.984 0.969 0.974 0.979 0.973 0.979 0.972 0.967 0.972 0.970 0.967 0.974 0.977 0.971 0.978 0.962 0.908 0.967 0.963 1.000 0.984 0.957 0.975 0.971 0.947 0.931 0.964 0.900 0.890  
0.932 0.926 0.934 0.972 0.971 0.969 0.969 0.972 0.967 0.971 0.975 0.968 0.973 0.967 0.969 0.967 0.968 0.972 0.971 0.968 0.967 0.973 0.969 0.973 0.967 0.971 0.972 0.971 0.968 0.968 0.974 0.972 0.969 0.972 0.967 0.960 0.970 0.960 0.976 0.975 0.980 0.975 0.976 0.972 0.975 0.977 0.978 0.977 0.978 0.976 0.952 0.936 0.976 0.974 0.974 0.976 0.976 0.975 0.975 0.974 0.973 0.977 0.968 0.972 0.968 0.975 0.969 0.975 0.973 0.973 0.973 0.967 0.967 0.971 0.967 0.964 0.973 0.974 0.968 0.979 0.959 0.902 0.966 0.960 0.980 1.000 0.954 0.974 0.969 0.946 0.931 0.963 0.904 0.884  
0.932 0.923 0.931 0.975 0.974 0.974 0.973 0.974 0.970 0.975 0.975 0.969 0.976 0.969 0.974 0.972 0.969 0.973 0.973 0.970 0.970 0.975 0.974 0.975 0.971 0.975 0.973 0.972 0.970 0.970 0.975 0.974 0.972 0.973 0.968 0.961 0.975 0.961 0.972 0.972 0.975 0.973 0.972 0.973 0.976 0.973 0.974 0.973 0.971 0.972 0.952 0.944 0.972 0.970 0.974 0.971 0.963 0.976 0.963 0.975 0.973 0.971 0.970 0.970 0.951 0.957 0.971 0.970 0.956 0.966 0.953 0.966 0.974 0.973 0.967 0.961 0.970 0.975 0.969 0.972 0.966 0.906 0.975 0.956 0.957 0.958 1.000 0.975 0.973 0.933 0.927 0.964 0.896 0.880  
0.938 0.929 0.938 0.980 0.980 0.980 0.979 0.980 0.973 0.980 0.982 0.977 0.982 0.976 0.980 0.977 0.975 0.979 0.980 0.976 0.973 0.981 0.978 0.982 0.976 0.981 0.980 0.979 0.977 0.975 0.981 0.980 0.978 0.980 0.975 0.964 0.978 0.967 0.979 0.982 0.979 0.978 0.979 0.971 0.979 0.977 0.979 0.977 0.978 0.972 0.962 0.947 0.977 0.982 0.983 0.976 0.966 0.983 0.966 0.988 0.985 0.976 0.981 0.974 0.953 0.957 0.977 0.974 0.959 0.979 0.959 0.966 0.971 0.983 0.970 0.966 0.979 0.982 0.965 0.977 0.971 0.900 0.982 0.962 0.960 0.963 0.960 1.000 0.967 0.935 0.924 0.971 0.898 0.886  
0.935 0.926 0.936 0.978 0.975 0.975 0.974 0.978 0.974 0.976 0.979 0.974 0.977 0.974 0.975 0.972 0.975 0.977 0.977 0.975 0.975 0.977 0.977 0.976 0.976 0.975 0.977 0.976 0.975 0.975 0.979 0.979 0.973 0.979 0.971 0.966 0.977 0.965 0.974 0.974 0.977 0.975 0.973 0.973 0.974 0.976 0.973 0.974 0.974 0.974 0.955 0.937 0.975 0.971 0.975 0.974 0.968 0.973 0.968 0.972 0.971 0.975 0.963 0.966 0.957 0.959 0.975 0.974 0.961 0.971 0.959 0.967 0.977 0.969 0.961 0.961 0.972 0.971 0.976 0.976 0.962 0.897 0.969 0.957 0.961 0.963 0.963 0.973 1.000 0.941 0.930 0.967 0.898 0.881  
0.912 0.901 0.912 0.954 0.947 0.950 0.949 0.952 0.951 0.952 0.955 0.948 0.952 0.948 0.950 0.947 0.951 0.951 0.952 0.950 0.950 0.953 0.952 0.952 0.951 0.950 0.952 0.952 0.949 0.951 0.956 0.953 0.948 0.952 0.945 0.952 0.953 0.938 0.954 0.955 0.959 0.954 0.955 0.952 0.955 0.960 0.956 0.956 0.955 0.962 0.932 0.913 0.957 0.951 0.953 0.958 0.952 0.956 0.952 0.953 0.952 0.958 0.951 0.953 0.950 0.948 0.951 0.960 0.949 0.952 0.949 0.943 0.948 0.952 0.950 0.939 0.952 0.951 0.944 0.959 0.937 0.879 0.943 0.934 0.948 0.951 0.935 0.951 0.952 1.000 0.911 0.943 0.876 0.861  
0.926 0.913 0.921 0.951 0.946 0.949 0.948 0.950 0.946 0.951 0.952 0.946 0.952 0.945 0.946 0.946 0.943 0.950 0.951 0.943 0.945 0.951 0.947 0.951 0.945 0.949 0.950 0.950 0.944 0.944 0.952 0.948 0.948 0.948 0.940 0.941 0.947 0.932 0.943 0.943 0.947 0.946 0.946 0.947 0.945 0.946 0.944 0.948 0.946 0.945 0.923 0.919 0.943 0.941 0.943 0.945 0.941 0.943 0.942 0.942 0.944 0.944 0.936 0.938 0.930 0.937 0.946 0.945 0.934 0.939 0.935 0.941 0.942 0.943 0.935 0.931 0.944 0.944 0.939 0.946 0.935 0.882 0.942 0.927 0.937 0.940 0.932 0.944 0.944 0.915 1.000 0.943 0.892 0.873  
0.959 0.941 0.960 0.985 0.980 0.984 0.984 0.984 0.984 0.983 0.983 0.987 0.983 0.987 0.983 0.982 0.978 0.984 0.984 0.978 0.983 0.984 0.978 0.983 0.977 0.985 0.985 0.985 0.977 0.977 0.978 0.979 0.984 0.979 0.982 0.964 0.975 0.973 0.967 0.969 0.968 0.967 0.966 0.965 0.967 0.965 0.966 0.965 0.966 0.960 0.956 0.957 0.965 0.971 0.967 0.961 0.954 0.963 0.954 0.966 0.966 0.969 0.961 0.956 0.941 0.945 0.979 0.960 0.946 0.970 0.946 0.960 0.966 0.964 0.952 0.952 0.970 0.964 0.957 0.964 0.973 0.892 0.968 0.949 0.946 0.949 0.946 0.968 0.959 0.924 0.921 1.000 0.910 0.878  
0.906 0.905 0.911 0.923 0.925 0.922 0.922 0.923 0.927 0.923 0.921 0.928 0.924 0.928 0.924 0.922 0.919 0.922 0.923 0.920 0.926 0.923 0.922 0.923 0.921 0.923 0.923 0.922 0.919 0.919 0.920 0.922 0.923 0.922 0.922 0.912 0.921 0.919 0.913 0.914 0.912 0.912 0.911 0.909 0.911 0.912 0.910 0.911 0.913 0.908 0.898 0.912 0.911 0.917 0.914 0.910 0.906 0.911 0.907 0.915 0.914 0.909 0.909 0.906 0.897 0.902 0.921 0.909 0.902 0.911 0.901 0.907 0.912 0.910 0.903 0.908 0.911 0.913 0.910 0.913 0.919 0.858 0.914 0.906 0.904 0.911 0.900 0.916 0.911 0.879 0.891 0.931 1.000 0.849  
0.895 0.892 0.894 0.920 0.921 0.919 0.920 0.919 0.915 0.919 0.921 0.917 0.922 0.917 0.919 0.919 0.914 0.920 0.919 0.915 0.915 0.921 0.916 0.921 0.915 0.922 0.920 0.920 0.917 0.915 0.920 0.920 0.922 0.920 0.918 0.904 0.919 0.915 0.923 0.919 0.921 0.922 0.924 0.915 0.924 0.920 0.923 0.923 0.924 0.916 0.898 0.895 0.920 0.922 0.920 0.917 0.916 0.919 0.917 0.920 0.922 0.922 0.916 0.918 0.906 0.910 0.916 0.916 0.910 0.919 0.911 0.916 0.915 0.920 0.913 0.921 0.923 0.925 0.916 0.921 0.916 0.874 0.919 0.919 0.913 0.910 0.902 0.923 0.913 0.881 0.890 0.917 0.867 1.000  
