1.000 0.982 0.984 0.979 0.963 0.971 0.959 0.974 0.973 0.959 0.970 0.964 0.976 0.966 0.971 0.959 0.965 0.962 0.940 0.946 0.954 0.959 0.975 0.947 0.984 0.976 0.954 0.976 0.970 0.974 0.974 0.928 0.914 0.911 0.926 0.919 0.915 0.905 0.924 0.913 0.870 0.862 0.877 0.946 0.978 0.964 0.979 0.949 0.940 0.943 0.944 0.956 0.940 0.943 0.895  
0.983 1.000 0.993 0.968 0.962 0.965 0.958 0.967 0.974 0.954 0.964 0.958 0.977 0.962 0.966 0.957 0.960 0.958 0.938 0.944 0.945 0.965 0.966 0.945 0.978 0.965 0.953 0.968 0.964 0.975 0.973 0.927 0.919 0.905 0.926 0.922 0.912 0.907 0.927 0.911 0.870 0.861 0.876 0.949 0.967 0.957 0.966 0.947 0.938 0.941 0.943 0.959 0.939 0.946 0.894  
0.984 0.993 1.000 0.972 0.965 0.968 0.959 0.970 0.967 0.961 0.967 0.965 0.985 0.963 0.971 0.958 0.961 0.965 0.941 0.950 0.946 0.960 0.968 0.949 0.973 0.971 0.955 0.972 0.967 0.970 0.968 0.931 0.915 0.905 0.924 0.921 0.916 0.910 0.924 0.916 0.872 0.862 0.876 0.945 0.971 0.960 0.969 0.950 0.942 0.944 0.946 0.957 0.942 0.945 0.898  
0.980 0.969 0.972 1.000 0.966 0.968 0.961 0.963 0.970 0.958 0.965 0.959 0.974 0.960 0.959 0.956 0.959 0.957 0.938 0.945 0.956 0.957 0.983 0.947 0.975 0.971 0.954 0.973 0.967 0.971 0.965 0.928 0.912 0.904 0.920 0.918 0.906 0.901 0.918 0.904 0.864 0.861 0.873 0.936 0.970 0.959 0.973 0.947 0.941 0.944 0.944 0.950 0.941 0.943 0.893  
0.965 0.965 0.967 0.967 1.000 0.986 0.979 0.964 0.960 0.962 0.974 0.959 0.979 0.958 0.959 0.954 0.961 0.956 0.945 0.950 0.953 0.955 0.976 0.944 0.964 0.967 0.960 0.971 0.962 0.966 0.961 0.931 0.916 0.898 0.921 0.916 0.906 0.897 0.920 0.902 0.862 0.859 0.871 0.933 0.966 0.966 0.964 0.947 0.942 0.946 0.943 0.945 0.944 0.944 0.895  
0.972 0.965 0.968 0.967 0.984 1.000 0.973 0.969 0.962 0.962 0.978 0.967 0.977 0.956 0.961 0.953 0.960 0.961 0.941 0.950 0.955 0.957 0.977 0.943 0.965 0.972 0.956 0.975 0.963 0.970 0.964 0.928 0.910 0.898 0.920 0.913 0.908 0.897 0.924 0.904 0.864 0.857 0.872 0.937 0.969 0.972 0.970 0.944 0.939 0.943 0.940 0.948 0.941 0.942 0.891  
0.961 0.960 0.961 0.963 0.979 0.975 1.000 0.962 0.958 0.960 0.965 0.958 0.975 0.957 0.954 0.955 0.960 0.960 0.939 0.942 0.953 0.951 0.968 0.941 0.952 0.961 0.958 0.962 0.956 0.958 0.953 0.929 0.909 0.893 0.918 0.911 0.902 0.893 0.920 0.900 0.862 0.855 0.869 0.932 0.957 0.960 0.958 0.943 0.939 0.943 0.939 0.941 0.940 0.941 0.890  
0.975 0.969 0.972 0.964 0.964 0.970 0.962 1.000 0.960 0.969 0.975 0.974 0.968 0.969 0.977 0.969 0.973 0.971 0.945 0.956 0.955 0.966 0.969 0.951 0.966 0.966 0.963 0.968 0.971 0.961 0.963 0.933 0.910 0.900 0.921 0.916 0.912 0.899 0.923 0.908 0.866 0.859 0.874 0.942 0.968 0.964 0.970 0.952 0.945 0.948 0.948 0.957 0.945 0.948 0.895  
0.973 0.974 0.967 0.969 0.958 0.962 0.956 0.958 1.000 0.946 0.959 0.951 0.968 0.954 0.952 0.948 0.952 0.954 0.931 0.942 0.945 0.959 0.964 0.937 0.975 0.967 0.949 0.970 0.958 0.977 0.965 0.921 0.909 0.900 0.915 0.915 0.901 0.894 0.922 0.897 0.861 0.858 0.874 0.939 0.970 0.956 0.973 0.939 0.935 0.937 0.935 0.951 0.934 0.940 0.884  
0.963 0.958 0.964 0.962 0.964 0.966 0.962 0.971 0.951 1.000 0.960 0.980 0.966 0.960 0.964 0.962 0.966 0.964 0.946 0.949 0.949 0.952 0.963 0.949 0.954 0.959 0.958 0.958 0.972 0.954 0.951 0.934 0.912 0.901 0.920 0.917 0.913 0.900 0.924 0.908 0.865 0.861 0.874 0.940 0.959 0.959 0.958 0.951 0.943 0.944 0.946 0.954 0.943 0.948 0.898  
0.971 0.965 0.968 0.966 0.972 0.978 0.964 0.974 0.960 0.957 1.000 0.963 0.966 0.963 0.963 0.959 0.966 0.964 0.937 0.955 0.958 0.960 0.976 0.942 0.966 0.966 0.961 0.968 0.964 0.963 0.963 0.926 0.910 0.896 0.920 0.912 0.907 0.897 0.922 0.904 0.862 0.857 0.872 0.936 0.968 0.967 0.966 0.943 0.938 0.942 0.941 0.949 0.940 0.939 0.890  
0.967 0.961 0.968 0.961 0.959 0.969 0.958 0.975 0.953 0.979 0.964 1.000 0.968 0.957 0.967 0.959 0.963 0.968 0.941 0.954 0.948 0.955 0.960 0.949 0.957 0.961 0.953 0.960 0.971 0.958 0.955 0.930 0.908 0.899 0.918 0.914 0.913 0.900 0.927 0.908 0.866 0.858 0.874 0.942 0.964 0.961 0.963 0.947 0.938 0.941 0.942 0.955 0.940 0.944 0.894  
0.976 0.978 0.985 0.974 0.977 0.977 0.973 0.966 0.969 0.963 0.966 0.966 1.000 0.958 0.964 0.954 0.956 0.961 0.943 0.947 0.948 0.957 0.970 0.950 0.966 0.971 0.952 0.972 0.967 0.970 0.960 0.934 0.916 0.905 0.924 0.921 0.914 0.905 0.926 0.911 0.871 0.862 0.877 0.945 0.970 0.962 0.969 0.950 0.942 0.946 0.945 0.956 0.943 0.946 0.894  
0.966 0.962 0.963 0.960 0.956 0.956 0.955 0.968 0.954 0.956 0.962 0.954 0.958 1.000 0.973 0.991 0.982 0.967 0.939 0.946 0.956 0.957 0.961 0.947 0.956 0.955 0.967 0.957 0.969 0.954 0.951 0.928 0.907 0.896 0.920 0.910 0.907 0.900 0.923 0.902 0.866 0.862 0.876 0.937 0.957 0.951 0.956 0.950 0.944 0.949 0.948 0.959 0.944 0.947 0.892  
0.973 0.968 0.972 0.960 0.958 0.962 0.954 0.977 0.954 0.962 0.964 0.967 0.965 0.974 1.000 0.976 0.981 0.972 0.940 0.953 0.954 0.961 0.960 0.945 0.962 0.960 0.961 0.961 0.970 0.957 0.959 0.931 0.909 0.901 0.922 0.911 0.916 0.906 0.926 0.908 0.867 0.859 0.875 0.940 0.964 0.958 0.963 0.949 0.941 0.944 0.945 0.963 0.941 0.944 0.894  
0.961 0.959 0.960 0.957 0.954 0.955 0.955 0.969 0.951 0.960 0.961 0.959 0.955 0.993 0.976 1.000 0.984 0.971 0.939 0.950 0.954 0.956 0.958 0.943 0.953 0.952 0.965 0.954 0.965 0.951 0.951 0.928 0.905 0.895 0.919 0.907 0.909 0.902 0.925 0.902 0.864 0.858 0.872 0.935 0.953 0.949 0.952 0.946 0.940 0.945 0.944 0.959 0.940 0.944 0.892  
0.966 0.960 0.961 0.958 0.959 0.960 0.958 0.972 0.953 0.962 0.966 0.961 0.956 0.983 0.980 0.983 1.000 0.971 0.940 0.952 0.958 0.956 0.962 0.945 0.957 0.955 0.968 0.958 0.966 0.954 0.955 0.930 0.909 0.896 0.920 0.908 0.908 0.900 0.922 0.902 0.863 0.857 0.871 0.934 0.957 0.955 0.958 0.948 0.940 0.946 0.946 0.957 0.942 0.943 0.893  
0.965 0.961 0.967 0.958 0.956 0.963 0.961 0.972 0.956 0.963 0.965 0.968 0.963 0.969 0.973 0.971 0.973 1.000 0.940 0.960 0.945 0.956 0.959 0.948 0.955 0.961 0.981 0.958 0.959 0.954 0.953 0.928 0.902 0.892 0.913 0.908 0.909 0.899 0.920 0.906 0.864 0.857 0.870 0.933 0.960 0.955 0.958 0.947 0.941 0.946 0.945 0.954 0.942 0.942 0.893  
0.948 0.946 0.950 0.946 0.951 0.950 0.946 0.952 0.939 0.950 0.945 0.948 0.951 0.948 0.947 0.945 0.948 0.947 1.000 0.945 0.945 0.943 0.946 0.965 0.941 0.947 0.953 0.948 0.950 0.941 0.936 0.939 0.920 0.894 0.910 0.925 0.909 0.903 0.915 0.905 0.864 0.863 0.872 0.926 0.946 0.945 0.946 0.973 0.964 0.963 0.966 0.945 0.968 0.966 0.911  
0.950 0.948 0.954 0.949 0.951 0.953 0.943 0.959 0.946 0.949 0.958 0.955 0.950 0.950 0.955 0.952 0.955 0.962 0.940 1.000 0.937 0.948 0.952 0.947 0.951 0.954 0.959 0.950 0.949 0.946 0.948 0.928 0.904 0.886 0.901 0.912 0.899 0.898 0.911 0.898 0.857 0.860 0.867 0.926 0.954 0.951 0.955 0.943 0.942 0.945 0.942 0.940 0.944 0.941 0.898  
0.965 0.956 0.957 0.966 0.962 0.965 0.961 0.963 0.955 0.955 0.967 0.956 0.958 0.966 0.963 0.962 0.968 0.953 0.947 0.943 1.000 0.960 0.970 0.942 0.958 0.959 0.955 0.961 0.967 0.957 0.954 0.930 0.910 0.895 0.920 0.909 0.915 0.907 0.932 0.906 0.861 0.861 0.879 0.933 0.958 0.956 0.961 0.943 0.940 0.944 0.939 0.951 0.942 0.940 0.901  
0.962 0.968 0.963 0.960 0.956 0.960 0.952 0.968 0.963 0.952 0.963 0.956 0.960 0.961 0.963 0.958 0.959 0.957 0.938 0.948 0.953 1.000 0.960 0.942 0.966 0.954 0.955 0.959 0.961 0.965 0.963 0.926 0.911 0.896 0.913 0.912 0.904 0.898 0.926 0.899 0.860 0.863 0.879 0.937 0.953 0.950 0.954 0.944 0.943 0.946 0.940 0.957 0.943 0.947 0.890  
0.975 0.967 0.969 0.983 0.974 0.977 0.967 0.967 0.965 0.959 0.976 0.958 0.970 0.962 0.959 0.957 0.963 0.957 0.938 0.948 0.960 0.957 1.000 0.943 0.977 0.976 0.959 0.977 0.965 0.973 0.973 0.927 0.915 0.900 0.923 0.916 0.905 0.896 0.919 0.903 0.864 0.859 0.871 0.936 0.964 0.964 0.969 0.945 0.941 0.943 0.942 0.948 0.941 0.941 0.891  
0.952 0.949 0.953 0.951 0.946 0.947 0.944 0.953 0.942 0.949 0.945 0.951 0.954 0.951 0.948 0.945 0.949 0.950 0.960 0.947 0.936 0.942 0.947 1.000 0.942 0.948 0.953 0.947 0.955 0.942 0.937 0.936 0.924 0.896 0.911 0.928 0.905 0.897 0.916 0.901 0.870 0.869 0.874 0.931 0.949 0.946 0.950 0.970 0.962 0.963 0.965 0.949 0.963 0.967 0.904  
0.984 0.979 0.974 0.975 0.962 0.966 0.951 0.965 0.976 0.950 0.966 0.955 0.966 0.957 0.961 0.952 0.958 0.953 0.933 0.948 0.948 0.963 0.977 0.938 1.000 0.978 0.954 0.982 0.962 0.989 0.989 0.922 0.914 0.905 0.916 0.918 0.904 0.901 0.923 0.903 0.861 0.860 0.875 0.940 0.970 0.958 0.973 0.941 0.936 0.939 0.937 0.954 0.936 0.941 0.888  
0.976 0.965 0.971 0.971 0.965 0.972 0.960 0.965 0.968 0.956 0.965 0.959 0.971 0.956 0.959 0.951 0.956 0.959 0.939 0.950 0.949 0.951 0.976 0.944 0.978 1.000 0.956 0.991 0.962 0.985 0.966 0.928 0.909 0.903 0.914 0.917 0.906 0.900 0.917 0.909 0.862 0.861 0.873 0.934 0.971 0.961 0.976 0.945 0.939 0.942 0.940 0.947 0.941 0.942 0.892  
0.956 0.955 0.957 0.956 0.960 0.958 0.958 0.963 0.952 0.957 0.962 0.953 0.953 0.969 0.962 0.965 0.970 0.981 0.946 0.957 0.947 0.954 0.961 0.951 0.955 0.957 1.000 0.958 0.954 0.953 0.954 0.932 0.910 0.889 0.911 0.913 0.899 0.895 0.912 0.899 0.860 0.860 0.868 0.926 0.951 0.949 0.951 0.952 0.947 0.951 0.949 0.945 0.948 0.947 0.896  
0.977 0.969 0.972 0.973 0.970 0.975 0.961 0.967 0.971 0.955 0.968 0.958 0.972 0.958 0.961 0.952 0.959 0.957 0.940 0.947 0.952 0.956 0.978 0.943 0.983 0.992 0.957 1.000 0.962 0.992 0.973 0.929 0.913 0.904 0.918 0.919 0.906 0.901 0.918 0.906 0.864 0.860 0.874 0.936 0.970 0.963 0.976 0.947 0.941 0.944 0.943 0.946 0.942 0.944 0.893  
0.970 0.964 0.967 0.966 0.959 0.962 0.953 0.969 0.958 0.968 0.963 0.968 0.966 0.969 0.968 0.963 0.966 0.956 0.941 0.945 0.957 0.957 0.964 0.951 0.961 0.962 0.952 0.961 1.000 0.959 0.955 0.928 0.910 0.901 0.920 0.912 0.912 0.902 0.929 0.904 0.868 0.861 0.880 0.943 0.967 0.958 0.965 0.951 0.942 0.947 0.945 0.964 0.943 0.948 0.891  
0.975 0.976 0.971 0.971 0.965 0.971 0.957 0.960 0.978 0.951 0.963 0.956 0.970 0.954 0.957 0.950 0.954 0.953 0.934 0.943 0.947 0.962 0.973 0.939 0.989 0.986 0.952 0.992 0.960 1.000 0.980 0.923 0.914 0.903 0.918 0.916 0.905 0.900 0.926 0.902 0.862 0.859 0.875 0.941 0.968 0.960 0.973 0.940 0.935 0.937 0.936 0.952 0.935 0.941 0.888  
0.975 0.974 0.969 0.966 0.960 0.965 0.953 0.963 0.966 0.949 0.964 0.954 0.961 0.952 0.959 0.950 0.956 0.953 0.929 0.946 0.945 0.961 0.974 0.934 0.990 0.967 0.953 0.973 0.957 0.981 1.000 0.923 0.910 0.895 0.916 0.911 0.901 0.895 0.921 0.897 0.859 0.852 0.867 0.937 0.961 0.957 0.964 0.936 0.931 0.934 0.933 0.949 0.931 0.936 0.885  
0.944 0.942 0.946 0.943 0.945 0.943 0.942 0.947 0.937 0.946 0.941 0.942 0.949 0.943 0.945 0.941 0.945 0.941 0.946 0.939 0.935 0.937 0.942 0.947 0.937 0.943 0.945 0.943 0.943 0.937 0.936 1.000 0.910 0.895 0.903 0.918 0.907 0.901 0.910 0.904 0.857 0.862 0.870 0.921 0.941 0.940 0.941 0.950 0.944 0.950 0.947 0.937 0.946 0.947 0.915  
0.926 0.931 0.927 0.923 0.926 0.921 0.919 0.920 0.921 0.920 0.920 0.917 0.927 0.919 0.919 0.915 0.920 0.911 0.923 0.912 0.911 0.919 0.926 0.931 0.925 0.920 0.919 0.924 0.921 0.924 0.920 0.907 1.000 0.896 0.930 0.918 0.889 0.881 0.901 0.880 0.857 0.855 0.871 0.926 0.920 0.920 0.919 0.931 0.922 0.922 0.925 0.920 0.921 0.929 0.884  
0.923 0.917 0.917 0.915 0.907 0.909 0.903 0.910 0.912 0.909 0.907 0.908 0.917 0.908 0.912 0.904 0.907 0.902 0.897 0.893 0.897 0.904 0.911 0.904 0.916 0.915 0.899 0.915 0.913 0.914 0.905 0.893 0.897 1.000 0.910 0.897 0.881 0.872 0.885 0.876 0.850 0.848 0.859 0.911 0.915 0.906 0.914 0.907 0.899 0.900 0.902 0.911 0.897 0.908 0.864  
0.933 0.934 0.932 0.927 0.926 0.928 0.924 0.927 0.923 0.924 0.927 0.923 0.931 0.928 0.928 0.925 0.927 0.918 0.909 0.905 0.918 0.917 0.930 0.914 0.923 0.921 0.917 0.925 0.927 0.925 0.922 0.895 0.926 0.906 1.000 0.907 0.886 0.873 0.900 0.877 0.859 0.846 0.862 0.929 0.927 0.926 0.926 0.916 0.909 0.910 0.914 0.922 0.906 0.915 0.869  
0.935 0.938 0.937 0.933 0.929 0.928 0.925 0.930 0.931 0.929 0.927 0.927 0.937 0.926 0.925 0.921 0.923 0.921 0.932 0.924 0.915 0.924 0.932 0.940 0.933 0.933 0.926 0.934 0.928 0.931 0.925 0.918 0.922 0.901 0.915 1.000 0.890 0.887 0.905 0.888 0.859 0.869 0.866 0.926 0.930 0.927 0.929 0.939 0.935 0.935 0.938 0.925 0.935 0.939 0.894  
0.935 0.932 0.936 0.926 0.924 0.927 0.920 0.931 0.921 0.930 0.926 0.931 0.933 0.927 0.935 0.927 0.928 0.927 0.920 0.915 0.925 0.921 0.925 0.921 0.924 0.926 0.917 0.925 0.932 0.924 0.919 0.912 0.898 0.888 0.898 0.894 1.000 0.940 0.905 0.949 0.848 0.843 0.858 0.916 0.928 0.927 0.927 0.918 0.910 0.909 0.913 0.929 0.908 0.913 0.938  
0.919 0.921 0.924 0.914 0.909 0.910 0.904 0.911 0.908 0.910 0.910 0.912 0.919 0.914 0.919 0.914 0.914 0.911 0.908 0.908 0.911 0.908 0.910 0.907 0.914 0.914 0.906 0.914 0.916 0.913 0.907 0.900 0.884 0.874 0.879 0.886 0.933 1.000 0.891 0.975 0.833 0.831 0.846 0.898 0.912 0.908 0.911 0.907 0.900 0.900 0.902 0.914 0.899 0.903 0.930  
0.945 0.948 0.945 0.938 0.939 0.945 0.938 0.942 0.943 0.941 0.942 0.946 0.947 0.944 0.946 0.944 0.942 0.938 0.927 0.928 0.943 0.944 0.939 0.932 0.944 0.937 0.931 0.938 0.950 0.946 0.940 0.916 0.910 0.893 0.913 0.910 0.906 0.897 1.000 0.896 0.857 0.853 0.877 0.941 0.941 0.944 0.942 0.929 0.927 0.928 0.925 0.951 0.925 0.930 0.884  
0.925 0.923 0.927 0.915 0.911 0.915 0.909 0.918 0.909 0.916 0.915 0.918 0.922 0.914 0.918 0.912 0.913 0.915 0.908 0.905 0.908 0.907 0.914 0.908 0.913 0.920 0.909 0.916 0.916 0.913 0.907 0.901 0.880 0.876 0.881 0.884 0.940 0.972 0.888 1.000 0.832 0.831 0.842 0.900 0.915 0.912 0.915 0.906 0.898 0.898 0.901 0.910 0.898 0.900 0.928  
0.892 0.893 0.894 0.886 0.882 0.886 0.882 0.887 0.884 0.884 0.883 0.886 0.893 0.888 0.887 0.885 0.885 0.884 0.878 0.876 0.874 0.879 0.885 0.888 0.883 0.884 0.880 0.886 0.890 0.883 0.879 0.865 0.868 0.861 0.874 0.866 0.851 0.842 0.859 0.843 1.000 0.869 0.897 0.888 0.888 0.885 0.889 0.887 0.883 0.882 0.882 0.889 0.879 0.882 0.839  
0.885 0.884 0.885 0.883 0.880 0.879 0.876 0.881 0.882 0.881 0.879 0.879 0.885 0.885 0.880 0.879 0.880 0.878 0.878 0.879 0.874 0.883 0.881 0.888 0.883 0.883 0.881 0.882 0.884 0.881 0.874 0.871 0.867 0.859 0.862 0.877 0.847 0.840 0.856 0.843 0.870 1.000 0.907 0.878 0.883 0.880 0.883 0.885 0.891 0.891 0.882 0.881 0.887 0.885 0.842  
0.898 0.897 0.897 0.893 0.890 0.892 0.888 0.893 0.895 0.891 0.892 0.893 0.898 0.897 0.895 0.891 0.891 0.889 0.885 0.884 0.891 0.897 0.892 0.891 0.895 0.894 0.887 0.894 0.901 0.895 0.886 0.876 0.881 0.868 0.876 0.872 0.859 0.853 0.878 0.852 0.895 0.904 1.000 0.888 0.895 0.892 0.896 0.891 0.899 0.897 0.889 0.899 0.891 0.892 0.842  
0.948 0.950 0.947 0.937 0.933 0.939 0.932 0.942 0.941 0.938 0.937 0.941 0.946 0.939 0.940 0.934 0.936 0.933 0.919 0.923 0.924 0.935 0.937 0.928 0.941 0.935 0.926 0.937 0.945 0.942 0.937 0.907 0.916 0.901 0.923 0.912 0.898 0.886 0.921 0.890 0.867 0.857 0.869 1.000 0.943 0.937 0.942 0.927 0.919 0.920 0.924 0.939 0.919 0.927 0.878  
0.978 0.967 0.971 0.970 0.964 0.969 0.955 0.967 0.970 0.955 0.967 0.962 0.969 0.957 0.962 0.951 0.957 0.958 0.937 0.951 0.948 0.949 0.964 0.945 0.969 0.970 0.949 0.970 0.967 0.967 0.959 0.926 0.909 0.903 0.919 0.915 0.908 0.898 0.920 0.904 0.865 0.860 0.874 0.941 1.000 0.973 0.987 0.943 0.936 0.941 0.939 0.949 0.939 0.940 0.890  
0.965 0.958 0.961 0.959 0.965 0.972 0.958 0.963 0.957 0.955 0.967 0.959 0.962 0.951 0.957 0.948 0.955 0.953 0.937 0.948 0.947 0.947 0.964 0.942 0.958 0.961 0.947 0.962 0.959 0.960 0.957 0.925 0.909 0.895 0.919 0.912 0.907 0.895 0.923 0.901 0.864 0.857 0.871 0.936 0.973 1.000 0.980 0.941 0.935 0.940 0.938 0.946 0.937 0.938 0.891  
0.979 0.965 0.969 0.972 0.961 0.969 0.955 0.967 0.972 0.953 0.964 0.960 0.968 0.955 0.961 0.950 0.957 0.955 0.937 0.950 0.950 0.950 0.968 0.945 0.972 0.975 0.948 0.974 0.964 0.971 0.962 0.925 0.907 0.902 0.917 0.913 0.906 0.897 0.921 0.903 0.866 0.860 0.874 0.939 0.986 0.978 1.000 0.943 0.937 0.942 0.939 0.949 0.940 0.941 0.889  
0.954 0.952 0.955 0.952 0.950 0.949 0.946 0.956 0.945 0.952 0.947 0.950 0.955 0.955 0.953 0.949 0.953 0.950 0.969 0.945 0.938 0.946 0.950 0.971 0.946 0.950 0.955 0.952 0.956 0.945 0.940 0.940 0.925 0.901 0.914 0.928 0.903 0.899 0.914 0.900 0.870 0.867 0.875 0.930 0.948 0.946 0.949 1.000 0.976 0.976 0.978 0.957 0.969 0.976 0.904  
0.945 0.943 0.946 0.946 0.944 0.943 0.942 0.948 0.940 0.944 0.942 0.941 0.946 0.949 0.944 0.943 0.945 0.944 0.960 0.943 0.934 0.944 0.945 0.962 0.940 0.943 0.950 0.945 0.947 0.939 0.934 0.933 0.915 0.892 0.906 0.924 0.895 0.891 0.911 0.892 0.865 0.872 0.883 0.922 0.940 0.939 0.942 0.976 1.000 0.975 0.970 0.945 0.969 0.968 0.897  
0.947 0.945 0.949 0.948 0.948 0.947 0.945 0.950 0.941 0.945 0.945 0.943 0.950 0.953 0.946 0.947 0.950 0.948 0.959 0.945 0.938 0.947 0.947 0.963 0.942 0.946 0.953 0.948 0.951 0.941 0.936 0.939 0.915 0.892 0.906 0.923 0.893 0.891 0.912 0.890 0.864 0.872 0.880 0.923 0.945 0.943 0.947 0.975 0.975 1.000 0.970 0.947 0.972 0.973 0.897  
0.952 0.950 0.953 0.950 0.947 0.947 0.944 0.954 0.942 0.949 0.947 0.947 0.952 0.955 0.951 0.949 0.953 0.949 0.964 0.945 0.936 0.943 0.948 0.968 0.944 0.947 0.954 0.949 0.952 0.942 0.938 0.939 0.921 0.897 0.913 0.929 0.900 0.895 0.911 0.897 0.866 0.866 0.874 0.929 0.946 0.944 0.947 0.980 0.973 0.972 1.000 0.950 0.967 0.973 0.902  
0.964 0.967 0.964 0.956 0.950 0.955 0.946 0.963 0.959 0.958 0.955 0.960 0.963 0.967 0.969 0.964 0.964 0.960 0.944 0.943 0.948 0.961 0.954 0.952 0.961 0.953 0.950 0.952 0.971 0.958 0.955 0.929 0.915 0.906 0.921 0.916 0.916 0.907 0.937 0.906 0.873 0.865 0.885 0.945 0.956 0.952 0.956 0.959 0.947 0.950 0.950 1.000 0.946 0.954 0.890  
0.947 0.946 0.949 0.948 0.949 0.947 0.945 0.950 0.941 0.946 0.946 0.944 0.950 0.951 0.946 0.945 0.948 0.946 0.967 0.947 0.938 0.947 0.947 0.966 0.942 0.948 0.953 0.948 0.950 0.941 0.936 0.938 0.916 0.892 0.905 0.926 0.895 0.892 0.912 0.893 0.863 0.870 0.877 0.924 0.946 0.944 0.948 0.970 0.971 0.975 0.967 0.946 1.000 0.970 0.899  
0.950 0.952 0.952 0.949 0.948 0.948 0.945 0.953 0.947 0.950 0.944 0.948 0.952 0.954 0.949 0.949 0.949 0.947 0.964 0.944 0.937 0.950 0.947 0.970 0.947 0.948 0.951 0.950 0.954 0.947 0.941 0.938 0.924 0.903 0.914 0.930 0.899 0.896 0.915 0.895 0.865 0.868 0.877 0.932 0.947 0.944 0.948 0.977 0.970 0.975 0.972 0.954 0.970 1.000 0.901  
0.924 0.923 0.927 0.922 0.922 0.920 0.917 0.923 0.913 0.923 0.919 0.921 0.923 0.921 0.922 0.920 0.922 0.920 0.933 0.923 0.920 0.916 0.920 0.929 0.917 0.921 0.923 0.921 0.920 0.916 0.912 0.930 0.902 0.881 0.891 0.908 0.948 0.946 0.893 0.947 0.845 0.847 0.849 0.905 0.919 0.919 0.919 0.928 0.922 0.922 0.925 0.913 0.922 0.925 1.000  
