   -3.1416    -3.1416     2.2485
   -3.1416    -2.8416     4.4793
   -3.1416    -2.5416     6.6590
   -3.1416    -2.2416     7.6024
   -3.1416    -1.9416     8.7729
   -3.1416    -1.6416     8.2785
   -3.1416    -1.3416     6.8577
   -3.1416    -1.0416     7.2699
   -3.1416    -0.7416     7.8486
   -3.1416    -0.4416     8.5249
   -3.1416    -0.1416     7.8857
   -3.1416     0.1584     7.3246
   -3.1416     0.4584     7.2445
   -3.1416     0.7584     5.9670
   -3.1416     1.0584     5.9117
   -3.1416     1.3584     5.8111
   -3.1416     1.6584     5.0686
   -3.1416     1.9584     4.2218
   -3.1416     2.2584     2.5070
   -3.1416     2.5584     1.0829
   -3.1416     2.8584     0.6365
   -2.8416    -3.1416     0.7340
   -2.8416    -2.8416     3.4021
   -2.8416    -2.5416     5.6941
   -2.8416    -2.2416     7.6014
   -2.8416    -1.9416     8.1175
   -2.8416    -1.6416     7.5246
   -2.8416    -1.3416     6.4415
   -2.8416    -1.0416     6.2333
   -2.8416    -0.7416     6.5105
   -2.8416    -0.4416     6.7451
   -2.8416    -0.1416     6.0738
   -2.8416     0.1584     5.3283
   -2.8416     0.4584     4.6405
   -2.8416     0.7584     4.1709
   -2.8416     1.0584     3.9551
   -2.8416     1.3584     3.6334
   -2.8416     1.6584     3.2348
   -2.8416     1.9584     2.9416
   -2.8416     2.2584     1.9631
   -2.8416     2.5584     0.9391
   -2.8416     2.8584     0.0401
   -2.5416    -3.1416     1.3837
   -2.5416    -2.8416     3.7532
   -2.5416    -2.5416     6.1951
   -2.5416    -2.2416     7.5977
   -2.5416    -1.9416     7.9886
   -2.5416    -1.6416     7.8406
   -2.5416    -1.3416     6.8749
   -2.5416    -1.0416     6.3852
   -2.5416    -0.7416     6.5554
   -2.5416    -0.4416     5.9628
   -2.5416    -0.1416     4.6310
   -2.5416     0.1584     3.6099
   -2.5416     0.4584     3.0989
   -2.5416     0.7584     2.9227
   -2.5416     1.0584     2.8331
   -2.5416     1.3584     2.7909
   -2.5416     1.6584     2.6047
   -2.5416     1.9584     2.5650
   -2.5416     2.2584     2.0882
   -2.5416     2.5584     1.3520
   -2.5416     2.8584     0.8723
   -2.2416    -3.1416     2.9760
   -2.2416    -2.8416     5.0119
   -2.2416    -2.5416     7.1080
   -2.2416    -2.2416     8.8076
   -2.2416    -1.9416     8.4274
   -2.2416    -1.6416     7.9287
   -2.2416    -1.3416     7.2907
   -2.2416    -1.0416     6.6358
   -2.2416    -0.7416     6.4861
   -2.2416    -0.4416     5.3977
   -2.2416    -0.1416     3.9990
   -2.2416     0.1584     2.8587
   -2.2416     0.4584     2.2573
   -2.2416     0.7584     2.0295
   -2.2416     1.0584     2.0509
   -2.2416     1.3584     2.4558
   -2.2416     1.6584     2.3958
   -2.2416     1.9584     2.4306
   -2.2416     2.2584     2.3567
   -2.2416     2.5584     2.1189
   -2.2416     2.8584     2.2051
   -1.9416    -3.1416     4.2218
   -1.9416    -2.8416     6.0766
   -1.9416    -2.5416     8.4920
   -1.9416    -2.2416     8.5663
   -1.9416    -1.9416     9.3584
   -1.9416    -1.6416     8.2401
   -1.9416    -1.3416     7.6360
   -1.9416    -1.0416     6.8089
   -1.9416    -0.7416     5.6087
   -1.9416    -0.4416     4.8035
   -1.9416    -0.1416     3.3082
   -1.9416     0.1584     2.0286
   -1.9416     0.4584     1.2443
   -1.9416     0.7584     1.0365
   -1.9416     1.0584     0.9713
   -1.9416     1.3584     1.5386
   -1.9416     1.6584     2.0645
   -1.9416     1.9584     1.9770
   -1.9416     2.2584     1.8452
   -1.9416     2.5584     1.9796
   -1.9416     2.8584     2.9727
   -1.6416    -3.1416     4.7704
   -1.6416    -2.8416     6.7937
   -1.6416    -2.5416     8.6887
   -1.6416    -2.2416     9.7804
   -1.6416    -1.9416    12.8605
   -1.6416    -1.6416     9.4099
   -1.6416    -1.3416     7.8512
   -1.6416    -1.0416     6.5696
   -1.6416    -0.7416     5.1826
   -1.6416    -0.4416     3.5665
   -1.6416    -0.1416     2.4402
   -1.6416     0.1584     1.2040
   -1.6416     0.4584     0.1470
   -1.6416     0.7584 0.0
   -1.6416     1.0584     0.1522
   -1.6416     1.3584     0.6436
   -1.6416     1.6584     1.2809
   -1.6416     1.9584     1.5523
   -1.6416     2.2584     1.5061
   -1.6416     2.5584     2.0810
   -1.6416     2.8584     3.4610
   -1.3416    -3.1416     5.7164
   -1.3416    -2.8416     7.5778
   -1.3416    -2.5416     9.8953
   -1.3416    -2.2416    11.0561
   -1.3416    -1.9416    12.9900
   -1.3416    -1.6416    10.0094
   -1.3416    -1.3416     8.3424
   -1.3416    -1.0416     6.7383
   -1.3416    -0.7416     4.9901
   -1.3416    -0.4416     3.9039
   -1.3416    -0.1416     2.3554
   -1.3416     0.1584     1.2578
   -1.3416     0.4584     0.4892
   -1.3416     0.7584     0.1625
   -1.3416     1.0584     0.1820
   -1.3416     1.3584     0.7599
   -1.3416     1.6584     1.4977
   -1.3416     1.9584     1.8069
   -1.3416     2.2584     2.0752
   -1.3416     2.5584     2.5640
   -1.3416     2.8584     3.8974
   -1.0416    -3.1416     6.9032
   -1.0416    -2.8416     8.9617
   -1.0416    -2.5416    14.5962
   -1.0416    -2.2416    13.2307
   -1.0416    -1.9416    12.6581
   -1.0416    -1.6416    11.0636
   -1.0416    -1.3416     9.4294
   -1.0416    -1.0416     6.5426
   -1.0416    -0.7416     4.9316
   -1.0416    -0.4416     4.2684
   -1.0416    -0.1416     3.6248
   -1.0416     0.1584     2.3492
   -1.0416     0.4584     1.7791
   -1.0416     0.7584     1.5093
   -1.0416     1.0584     1.5466
   -1.0416     1.3584     1.8582
   -1.0416     1.6584     2.3625
   -1.0416     1.9584     2.8053
   -1.0416     2.2584     3.2154
   -1.0416     2.5584     3.8829
   -1.0416     2.8584     5.2449
   -0.7416    -3.1416    10.4787
   -0.7416    -2.8416    17.6554
   -0.7416    -2.5416    22.6592
   -0.7416    -2.2416    19.8983
   -0.7416    -1.9416    15.4780
   -0.7416    -1.6416     9.8509
   -0.7416    -1.3416     9.7776
   -0.7416    -1.0416     7.2440
   -0.7416    -0.7416     6.0476
   -0.7416    -0.4416     5.6155
   -0.7416    -0.1416     5.6742
   -0.7416     0.1584     4.8485
   -0.7416     0.4584     3.5644
   -0.7416     0.7584     4.1423
   -0.7416     1.0584     3.6062
   -0.7416     1.3584     3.3523
   -0.7416     1.6584     3.7799
   -0.7416     1.9584     4.6135
   -0.7416     2.2584     4.8873
   -0.7416     2.5584     6.0872
   -0.7416     2.8584     7.0124
   -0.4416    -3.1416    14.4966
   -0.4416    -2.8416    17.9978
   -0.4416    -2.5416    18.3978
   -0.4416    -2.2416    19.3230
   -0.4416    -1.9416    13.8290
   -0.4416    -1.6416    11.1369
   -0.4416    -1.3416     8.7281
   -0.4416    -1.0416     7.9773
   -0.4416    -0.7416     7.4058
   -0.4416    -0.4416     7.0171
   -0.4416    -0.1416     9.2650
   -0.4416     0.1584     8.5227
   -0.4416     0.4584     7.9548
   -0.4416     0.7584     6.8580
   -0.4416     1.0584     5.6723
   -0.4416     1.3584     6.4771
   -0.4416     1.6584     6.6582
   -0.4416     1.9584     6.7738
   -0.4416     2.2584     7.7698
   -0.4416     2.5584     9.8548
   -0.4416     2.8584    21.9945
   -0.1416    -3.1416    24.8523
   -0.1416    -2.8416    16.8442
   -0.1416    -2.5416    13.5968
   -0.1416    -2.2416    13.6459
   -0.1416    -1.9416    10.8669
   -0.1416    -1.6416     9.1147
   -0.1416    -1.3416     9.5912
   -0.1416    -1.0416     7.9768
   -0.1416    -0.7416     8.5809
   -0.1416    -0.4416    10.4362
   -0.1416    -0.1416    11.1133
   -0.1416     0.1584    10.5292
   -0.1416     0.4584    11.1794
   -0.1416     0.7584     9.7595
   -0.1416     1.0584     7.8796
   -0.1416     1.3584     9.3851
   -0.1416     1.6584     8.7717
   -0.1416     1.9584     9.7414
   -0.1416     2.2584    10.8930
   -0.1416     2.5584    14.4944
   -0.1416     2.8584    23.7642
    0.1584    -3.1416    12.8050
    0.1584    -2.8416     9.4606
    0.1584    -2.5416     8.4848
    0.1584    -2.2416     8.1480
    0.1584    -1.9416     6.5351
    0.1584    -1.6416     7.1979
    0.1584    -1.3416     4.6648
    0.1584    -1.0416     5.5810
    0.1584    -0.7416     5.6650
    0.1584    -0.4416     6.3642
    0.1584    -0.1416     6.7464
    0.1584     0.1584     6.4103
    0.1584     0.4584     7.3459
    0.1584     0.7584     9.2621
    0.1584     1.0584     9.1291
    0.1584     1.3584    10.2712
    0.1584     1.6584    11.4309
    0.1584     1.9584    12.2068
    0.1584     2.2584    15.4087
    0.1584     2.5584    13.5720
    0.1584     2.8584    15.3741
    0.4584    -3.1416     8.8557
    0.4584    -2.8416     7.5004
    0.4584    -2.5416     6.5050
    0.4584    -2.2416     5.9362
    0.4584    -1.9416     4.7086
    0.4584    -1.6416     3.4911
    0.4584    -1.3416     3.1607
    0.4584    -1.0416     3.2287
    0.4584    -0.7416     3.2692
    0.4584    -0.4416     3.8040
    0.4584    -0.1416     5.0029
    0.4584     0.1584     5.4847
    0.4584     0.4584     6.5631
    0.4584     0.7584     7.3599
    0.4584     1.0584     8.9361
    0.4584     1.3584    11.7128
    0.4584     1.6584    11.5263
    0.4584     1.9584    12.3987
    0.4584     2.2584    12.0548
    0.4584     2.5584    13.4622
    0.4584     2.8584     8.7118
    0.7584    -3.1416     7.7780
    0.7584    -2.8416     6.6315
    0.7584    -2.5416     5.5989
    0.7584    -2.2416     4.9666
    0.7584    -1.9416     3.5774
    0.7584    -1.6416     2.2678
    0.7584    -1.3416     1.4729
    0.7584    -1.0416     1.9773
    0.7584    -0.7416     2.1341
    0.7584    -0.4416     3.4265
    0.7584    -0.1416     3.9632
    0.7584     0.1584     5.4203
    0.7584     0.4584     6.7350
    0.7584     0.7584     7.4327
    0.7584     1.0584     8.5872
    0.7584     1.3584    10.3434
    0.7584     1.6584    11.6204
    0.7584     1.9584    11.6352
    0.7584     2.2584    12.0552
    0.7584     2.5584    10.6676
    0.7584     2.8584     9.4010
    1.0584    -3.1416     7.7121
    1.0584    -2.8416     7.1059
    1.0584    -2.5416     6.1457
    1.0584    -2.2416     5.5281
    1.0584    -1.9416     4.0524
    1.0584    -1.6416     2.6431
    1.0584    -1.3416     1.9752
    1.0584    -1.0416     2.0180
    1.0584    -0.7416     2.0361
    1.0584    -0.4416     2.7477
    1.0584    -0.1416     3.8497
    1.0584     0.1584     5.6441
    1.0584     0.4584     7.1802
    1.0584     0.7584     8.4943
    1.0584     1.0584     9.6264
    1.0584     1.3584    11.2498
    1.0584     1.6584    12.6054
    1.0584     1.9584    13.2743
    1.0584     2.2584    10.5610
    1.0584     2.5584    10.1568
    1.0584     2.8584     7.7509
    1.3584    -3.1416     8.9502
    1.3584    -2.8416     8.1708
    1.3584    -2.5416     7.3724
    1.3584    -2.2416     6.4235
    1.3584    -1.9416     4.9099
    1.3584    -1.6416     3.3816
    1.3584    -1.3416     2.6268
    1.3584    -1.0416     2.7019
    1.3584    -0.7416     3.7363
    1.3584    -0.4416     4.0302
    1.3584    -0.1416     6.0940
    1.3584     0.1584     7.0355
    1.3584     0.4584     9.0103
    1.3584     0.7584    10.4320
    1.3584     1.0584    11.3605
    1.3584     1.3584    12.6075
    1.3584     1.6584    12.2427
    1.3584     1.9584    11.8606
    1.3584     2.2584    11.8384
    1.3584     2.5584    11.1008
    1.3584     2.8584     9.6708
    1.6584    -3.1416    11.4584
    1.6584    -2.8416    10.1019
    1.6584    -2.5416     9.8102
    1.6584    -2.2416     8.5655
    1.6584    -1.9416     7.4332
    1.6584    -1.6416     6.0305
    1.6584    -1.3416     4.8475
    1.6584    -1.0416     5.7786
    1.6584    -0.7416     6.2604
    1.6584    -0.4416     7.1629
    1.6584    -0.1416    10.3585
    1.6584     0.1584     9.7791
    1.6584     0.4584    13.9530
    1.6584     0.7584    13.8955
    1.6584     1.0584    16.8229
    1.6584     1.3584    15.0152
    1.6584     1.6584    16.6016
    1.6584     1.9584    13.3889
    1.6584     2.2584    14.3509
    1.6584     2.5584    13.5330
    1.6584     2.8584    13.4297
    1.9584    -3.1416    13.8566
    1.9584    -2.8416    12.6973
    1.9584    -2.5416    13.6281
    1.9584    -2.2416    12.5191
    1.9584    -1.9416    11.7078
    1.9584    -1.6416    10.7552
    1.9584    -1.3416    10.8030
    1.9584    -1.0416     9.8010
    1.9584    -0.7416    13.3019
    1.9584    -0.4416    13.5552
    1.9584    -0.1416    13.0058
    1.9584     0.1584    15.2710
    1.9584     0.4584    13.8136
    1.9584     0.7584    18.6681
    1.9584     1.0584    20.1870
    1.9584     1.3584    17.4509
    1.9584     1.6584    19.1685
    1.9584     1.9584    17.8219
    1.9584     2.2584    15.2078
    1.9584     2.5584    15.2925
    1.9584     2.8584    12.6226
    2.2584    -3.1416    12.7059
    2.2584    -2.8416    12.0235
    2.2584    -2.5416    13.5429
    2.2584    -2.2416    16.2390
    2.2584    -1.9416    14.5928
    2.2584    -1.6416    11.9019
    2.2584    -1.3416    13.8172
    2.2584    -1.0416    12.7649
    2.2584    -0.7416    13.4763
    2.2584    -0.4416    13.8310
    2.2584    -0.1416    17.3836
    2.2584     0.1584    19.0514
    2.2584     0.4584    23.5276
    2.2584     0.7584    17.6071
    2.2584     1.0584    16.4735
    2.2584     1.3584    15.0094
    2.2584     1.6584    17.8236
    2.2584     1.9584    14.7202
    2.2584     2.2584     9.7996
    2.2584     2.5584    12.0096
    2.2584     2.8584    10.6472
    2.5584    -3.1416     7.3087
    2.5584    -2.8416     9.1416
    2.5584    -2.5416    10.6301
    2.5584    -2.2416    11.2997
    2.5584    -1.9416    13.9776
    2.5584    -1.6416    13.1617
    2.5584    -1.3416    12.3315
    2.5584    -1.0416    13.9112
    2.5584    -0.7416    10.8586
    2.5584    -0.4416    14.5724
    2.5584    -0.1416    14.2252
    2.5584     0.1584    13.9555
    2.5584     0.4584    12.2066
    2.5584     0.7584    12.5649
    2.5584     1.0584    16.8783
    2.5584     1.3584    10.6038
    2.5584     1.6584     9.9719
    2.5584     1.9584     9.7999
    2.5584     2.2584     8.1108
    2.5584     2.5584     6.5062
    2.5584     2.8584     5.5970
    2.8584    -3.1416     4.2892
    2.8584    -2.8416     5.8392
    2.8584    -2.5416     7.2665
    2.8584    -2.2416    10.1465
    2.8584    -1.9416    10.1076
    2.8584    -1.6416    10.1081
    2.8584    -1.3416     8.3338
    2.8584    -1.0416     9.9652
    2.8584    -0.7416    10.8514
    2.8584    -0.4416    10.8861
    2.8584    -0.1416    11.5643
    2.8584     0.1584    10.4819
    2.8584     0.4584     9.9070
    2.8584     0.7584    10.7673
    2.8584     1.0584     9.0378
    2.8584     1.3584     8.6382
    2.8584     1.6584     8.2386
    2.8584     1.9584     5.6086
    2.8584     2.2584     4.3654
    2.8584     2.5584     2.5300
    2.8584     2.8584     2.6033
