   1   0.013965   0.010248 
   2  -0.065397  -0.063201 
   3  -0.020608  -0.013223 
   4  -0.074189  -0.067735 
   5   0.024280   0.015549 
   6   0.009255  -0.002798 
   7  -0.007344  -0.020894 
   8   0.003295  -0.000148 
   9  -0.010156   0.014124 
  10   0.002899  -0.000816 
  11   0.010232  -0.002640 
  12   0.001280  -0.025386 
  13  -0.002575  -0.013218 
  14  -0.003494   0.001471 
  15   0.006766   0.021244 
  16  -0.004142  -0.032982 
  17  -0.002757  -0.020502 
  18   0.004267   0.033773 
  19   0.003804  -0.013781 
  20  -0.000461  -0.002131 
  21  -0.001163   0.021341 
  22  -0.009237   0.027115 
  23  -0.004082   0.005383 
  24  -0.000610  -0.001300 
  25   0.000084  -0.022031 
  26  -0.002621  -0.009541 
  27  -0.005223   0.005742 
  28  -0.006618  -0.010905 
  29  -0.002089   0.040943 
  30   0.003847  -0.002120 
  31  -0.004455   0.008189 
  32  -0.001087  -0.015393 
  33  -0.000528  -0.000756 
  34   0.004715   0.016341 
  35   0.003945   0.010581 
  36   0.002828  -0.007355 
  37   0.008092  -0.033326 
  38  -0.003505   0.012340 
  39   0.005768   0.002557 
  40  -0.012860  -0.010003 
  41   0.000610  -0.069433 
  42  -0.005351  -0.006421 
  43  -0.001870  -0.016411 
  44   0.004382  -0.016648 
  45  -0.001706  -0.021729 
  46  -0.009206   0.002631 
  47   0.000698  -0.002487 
  48   0.004151   0.006428 
  49   0.003320   0.007714 
  50   0.000332  -0.028836 
  51   0.003690  -0.005622 
  52  -0.002052   0.006990 
  53  -0.007070  -0.002503 
  54  -0.006020  -0.002599 
  55   0.001739  -0.006169 
  56  -0.003965   0.014827 
  57  -0.005432  -0.034523 
  58   0.014880   0.032188 
  59  -0.001838  -0.021166 
  60   0.006698   0.015503 
  61  -0.002160   0.010684 
  62   0.006470  -0.011940 
  63   0.005320  -0.024229 
  64   0.000846   0.011753 
  65   0.006209  -0.023603 
  66   0.003771  -0.010890 
  67   0.000430   0.010873 
  68  -0.009391   0.000315 
  69   0.003479   0.006297 
  70  -0.005969   0.007410 
  71  -0.002618   0.008601 
  72  -0.005085  -0.020608 
  73  -0.005056   0.012566 
  74   0.006840  -0.022022 
  75   0.000417   0.033124 
  76   0.001146   0.025126 
  77  -0.004562   0.000183 
  78   0.002649  -0.019836 
  79  -0.009353   0.036634 
  80   0.001333   0.018074 
  81  -0.004018  -0.026613 
  82  -0.001319   0.002811 
  83  -0.005116   0.020443 
  84   0.009373  -0.012090 
  85   0.002730   0.002924 
  86  -0.010135  -0.019553 
  87   0.005108   0.012186 
  88   0.003229   0.001703 
  89  -0.001049   0.008465 
  90  -0.001809   0.013301 
  91  -0.007679   0.003593 
  92  -0.002446  -0.001554 
  93  -0.002390   0.045414 
  94  -0.004265   0.013291 
  95  -0.009572  -0.019846 
  96  -0.005619  -0.010299 
  97  -0.005622   0.014234 
  98   0.003229   0.017761 
  99  -0.001864  -0.038713 
 100  -0.003354  -0.057078 
 101  -0.001883  -0.002076 
 102  -0.004281  -0.010609 
 103   0.002876   0.004908 
 104   0.004534  -0.038386 
 105  -0.015033  -0.031530 
 106   0.000618  -0.011032 
 107  -0.010603  -0.002775 
 108  -0.010342   0.053830 
 109   0.006353   0.008661 
 110  -0.000170   0.026748 
 111  -0.011147   0.052076 
 112  -0.000833  -0.017798 
 113   0.007271   0.018172 
 114  -0.009905  -0.012544 
 115   0.001393   0.012876 
 116  -0.010300  -0.008845 
 117  -0.001108  -0.012945 
 118   0.007482  -0.003069 
 119  -0.002097  -0.003536 
 120   0.001768  -0.025062 
 121   0.005281   0.012365 
 122  -0.004971  -0.015736 
 123   0.009974   0.013208 
 124   0.001811   0.033033 
 125  -0.004568   0.018249 
 126  -0.002786  -0.000880 
 127   0.002361  -0.009614 
 128  -0.006130  -0.039005 
 129   0.007369  -0.026809 
 130   0.009883  -0.061277 
 131  -0.001597  -0.017805 
 132  -0.001595   0.004831 
 133   0.004378  -0.006928 
 134   0.000104   0.022170 
 135   0.003850  -0.023605 
 136  -0.000065   0.028911 
 137  -0.007144  -0.050143 
 138   0.016848  -0.001885 
 139  -0.001081   0.022297 
 140  -0.007683   0.037878 
 141  -0.001203   0.008987 
 142  -0.006980   0.030341 
 143  -0.007129   0.016984 
 144   0.007921  -0.021048 
 145  -0.013941   0.015728 
 146  -0.004044   0.006653 
 147   0.011619   0.006029 
 148  -0.000498  -0.044540 
 149  -0.003003  -0.019544 
 150   0.004785  -0.058971 
 151  -0.009387   0.034951 
 152   0.012991  -0.029249 
 153   0.005906  -0.004241 
 154  -0.012872   0.047996 
 155   0.006899  -0.020740 
 156   0.000274   0.005362 
 157   0.000223   0.024801 
 158  -0.002729  -0.020957 
 159  -0.018083   0.066705 
 160   0.018775  -0.072063 
 161  -0.008908  -0.032667 
 162  -0.016745   0.056851 
 163   0.000927   0.004570 
 164  -0.001951  -0.006980 
 165  -0.019834   0.008568 
 166   0.016945   0.008377 
 167  -0.000363  -0.021023 
 168   0.019278  -0.028238 
 169   0.010493  -0.037121 
 170   0.005551  -0.073619 
 171  -0.001513   0.047723 
 172   0.007373   0.020009 
 173   0.026230  -0.064373 
 174   0.018069  -0.021003 
 175   0.012362  -0.007578 
 176  -0.019170  -0.025350 
 177   0.003867  -0.045702 
 178   0.003570  -0.005409 
 179   0.008789   0.008063 
 180  -0.016034   0.068575 
 181  -0.002262  -0.022333 
 182  -0.039487   0.065776 
 183   0.021777  -0.038085 
 184  -0.000657   0.004294 
 185  -0.007434  -0.066421 
 186   0.004129   0.030029 
 187  -0.006933   0.002008 
 188  -0.002527  -0.047478 
 189  -0.001171  -0.036403 
 190  -0.001948  -0.020563 
 191  -0.014522   0.056327 
 192  -0.001654   0.001618 
 193  -0.032523   0.063286 
 194  -0.013778  -0.032313 
 195  -0.010863   0.004517 
 196  -0.013083   0.021041 
 197   0.011607   0.029960 
 198   0.004432  -0.021002 
 199  -0.009799   0.023377 
 200  -0.003514   0.097864 
 201  -0.005543  -0.003297 
 202  -0.019089   0.089545 
 203   0.014159  -0.051412 
 204  -0.013417  -0.007159 
 205  -0.024612   0.047825 
 206  -0.006999   0.007433 
 207  -0.011911  -0.018943 
 208   0.001232  -0.061011 
 209   0.005390  -0.018983 
 210   0.000783  -0.013908 
 211  -0.024710   0.035013 
 212   0.006321   0.004965 
 213   0.019496  -0.034599 
 214  -0.006401   0.056969 
 215  -0.011359  -0.062746 
 216  -0.018357  -0.000606 
 217  -0.019473   0.035470 
 218  -0.002838  -0.011549 
 219   0.010075  -0.011468 
 220   0.003171  -0.036789 
 221   0.022949   0.004907 
 222   0.000765   0.044843 
 223   0.018652   0.004626 
 224  -0.014868  -0.020707 
 225  -0.006176  -0.011692 
 226   0.012120   0.028939 
 227  -0.006580   0.058082 
 228   0.007472   0.033216 
 229  -0.005315   0.075971 
 230  -0.008713  -0.010513 
 231  -0.007259   0.086364 
 232  -0.000229   0.027563 
 233  -0.009584  -0.043778 
 234  -0.010913  -0.025483 
 235  -0.021401   0.003930 
 236  -0.010672   0.044523 
 237   0.012327  -0.042689 
 238   0.017934  -0.019562 
 239  -0.005316  -0.012315 
 240  -0.009855   0.012350 
 241  -0.021025  -0.028398 
 242  -0.034342   0.094974 
 243   0.004110   0.008282 
 244  -0.013638   0.054792 
 245   0.004436   0.023902 
 246  -0.011565   0.023036 
 247   0.000448  -0.033160 
 248   0.024915   0.015296 
 249  -0.021809   0.052018 
 250  -0.012020   0.021478 
 251  -0.031023   0.017955 
 252   0.006953   0.012769 
 253  -0.010840   0.000159 
 254   0.011457   0.062462 
 255  -0.022966   0.009833 
 256   0.015431   0.025639 
 257   0.027176   0.028938 
 258  -0.002839   0.068584 
 259   0.018108   0.048658 
 260   0.004191   0.034176 
 261  -0.007720  -0.040001 
 262  -0.024782   0.010693 
 263  -0.022593   0.044903 
 264   0.012102  -0.021237 
 265   0.012082  -0.082401 
 266   0.000433  -0.040305 
 267  -0.006508   0.017460 
 268   0.013650  -0.001946 
 269   0.017948  -0.024131 
 270   0.012817   0.014413 
 271  -0.005214   0.005336 
 272  -0.007960  -0.060474 
 273  -0.000486  -0.002458 
 274   0.004854  -0.049985 
 275  -0.022487  -0.021906 
 276  -0.006721   0.001300 
 277   0.004294  -0.008880 
 278  -0.004357  -0.024317 
 279  -0.004879   0.002297 
 280   0.059072   0.013777 
 281   0.033888  -0.028510 
 282   0.028665  -0.016417 
 283   0.024446   0.009403 
 284   0.005632   0.005531 
 285  -0.001590  -0.002041 
 286  -0.006359  -0.036636 
 287  -0.032098  -0.032973 
 288  -0.002732  -0.001103 
 289  -0.033588  -0.049423 
 290  -0.008007  -0.052110 
 291  -0.020092   0.088197 
 292  -0.000136   0.074125 
 293  -0.010657   0.035918 
 294  -0.005105   0.055921 
 295   0.015601  -0.094544 
 296  -0.008295   0.043125 
 297  -0.032131   0.059634 
 298   0.009711   0.076938 
 299   0.012569   0.016735 
 300   0.007685  -0.033731 
 301   0.041510   0.040259 
 302  -0.009185   0.033374 
 303   0.006148   0.057178 
 304   0.002896  -0.012758 
 305  -0.019768   0.013041 
 306  -0.013211  -0.030908 
 307  -0.005940   0.054295 
 308  -0.024268   0.069623 
 309   0.044121  -0.010378 
 310  -0.020179  -0.003823 
 311   0.003245  -0.031653 
 312  -0.019057   0.002308 
 313   0.034022  -0.043509 
 314  -0.032283   0.006264 
 315   0.003738  -0.025422 
 316  -0.056786   0.095204 
 317  -0.006865  -0.007946 
 318  -0.041946  -0.082024 
 319   0.049475  -0.034484 
 320  -0.007403   0.000087 
 321   0.026509   0.009594 
 322  -0.031213   0.050638 
 323   0.029231  -0.016028 
 324  -0.016498  -0.007607 
 325   0.041698  -0.034411 
 326   0.001266  -0.036914 
 327  -0.033700   0.019175 
 328  -0.040568  -0.023885 
 329  -0.005673   0.008217 
 330   0.023551  -0.012120 
 331  -0.023542   0.015868 
 332  -0.032928   0.063640 
 333   0.002357  -0.081687 
 334   0.009176  -0.009668 
 335  -0.056149   0.036672 
 336   0.029760  -0.017353 
 337   0.010870   0.036498 
 338   0.018134   0.011666 
 339   0.026935  -0.081836 
 340  -0.065373   0.068754 
 341   0.041010  -0.085161 
 342   0.006899   0.019611 
 343   0.032066  -0.105860 
 344  -0.008726   0.046780 
 345  -0.024250  -0.017961 
 346   0.075084   0.005847 
 347   0.024741   0.056113 
 348   0.007121  -0.066054 
 349   0.012605   0.057011 
 350  -0.063415   0.034230 
 351  -0.051476   0.055243 
 352  -0.005280  -0.016626 
 353   0.030437   0.015637 
 354  -0.026765  -0.020541 
 355   0.013684  -0.017013 
 356   0.009759  -0.056177 
 357  -0.026238  -0.009094 
 358  -0.071498   0.054768 
 359  -0.024297   0.025877 
 360  -0.003750  -0.031817 
 361   0.012302   0.111822 
 362  -0.034798   0.012002 
 363  -0.006253  -0.004404 
 364   0.091209   0.003269 
 365  -0.006330   0.036171 
 366  -0.004239   0.006701 
 367  -0.035423  -0.027825 
 368   0.044880  -0.026184 
 369   0.037762   0.007321 
 370   0.059062  -0.076633 
 371   0.053560  -0.130069 
 372   0.057360  -0.054047 
 373   0.035284  -0.006566 
 374  -0.033814   0.027960 
 375   0.106638  -0.023928 
 376   0.033084  -0.012933 
 377   0.071230  -0.080993 
 378  -0.020000   0.051340 
 379  -0.057453   0.071851 
 380  -0.011292  -0.063999 
 381   0.054013   0.014938 
 382  -0.032652  -0.034928 
 383   0.081295  -0.091149 
 384  -0.007907   0.003761 
 385   0.047019  -0.014344 
 386  -0.134290  -0.004051 
 387   0.076077  -0.032876 
 388  -0.005076   0.026324 
 389   0.029246   0.060451 
 390  -0.131702   0.138928 
 391  -0.095388   0.071871 
 392   0.001119   0.071177 
 393  -0.141386   0.129192 
 394   0.048708  -0.000013 
 395  -0.012906   0.006661 
 396   0.043465  -0.078944 
 397  -0.095654   0.024596 
 398   0.060600  -0.047245 
 399  -0.026403   0.091597 
 400   0.102565  -0.008579 
 401   0.168485  -0.027351 
 402  -0.003197   0.067771 
 403   0.146285  -0.088135 
 404   0.190141  -0.013366 
 405  -0.022262   0.024815 
 406  -0.021235   0.019857 
 407  -0.053878   0.057022 
 408  -0.075886   0.018130 
 409   0.072204  -0.117084 
 410   0.010199  -0.121069 
 411   0.081593  -0.094441 
 412   0.023588   0.059280 
 413  -0.154164   0.033291 
 414   0.040066  -0.073614 
 415  -0.030708   0.058733 
 416  -0.037447   0.022236 
 417   0.050801   0.029977 
 418   0.024100   0.060763 
 419   0.027619  -0.134959 
 420  -0.099847  -0.048891 
 421  -0.030737  -0.057917 
 422  -0.017439   0.009206 
 423  -0.287440  -0.087042 
 424  -0.011565   0.115566 
 425  -0.010807  -0.024092 
 426   0.081427   0.012064 
 427  -0.111433   0.023476 
 428   0.124652   0.011965 
 429  -0.092478  -0.084699 
 430   0.057780  -0.018184 
 431   0.036052   0.022164 
 432  -0.141610  -0.116554 
 433   0.008669  -0.073015 
 434   0.335851   0.165129 
 435  -0.175583  -0.060132 
 436  -0.182634  -0.120238 
 437   0.144844   0.072150 
 438  -0.117118   0.050688 
 439  -0.099391  -0.060852 
 440  -0.040753  -0.132636 
 441   0.034166   0.066839 
 442  -0.159483  -0.022466 
 443  -0.143281  -0.040491 
 444   0.010090  -0.028188 
 445  -0.005389  -0.010443 
 446   0.000583  -0.065088 
 447   0.000488  -0.055167 
 448   0.087958  -0.038547 
 449  -0.050913  -0.100364 
 450   0.145603   0.077230 
 451   0.095679   0.092121 
 452   0.028515   0.064263 
 453   0.007659   0.043492 
 454   0.068190   0.019667 
 455  -0.029178   0.069771 
 456  -0.034603   0.127485 
 457   0.058846   0.120450 
 458  -0.055233   0.039707 
 459   0.087367   0.063576 
 460  -0.024854   0.012313 
 461  -0.063275   0.104674 
 462  -0.012370  -0.058945 
 463  -0.036871  -0.031223 
 464   0.059425  -0.009822 
 465   0.066683   0.012733 
 466   0.047155  -0.063144 
 467  -0.019770  -0.045922 
 468   0.029959   0.015012 
 469   0.019044  -0.017760 
 470   0.043990  -0.018166 
 471   0.096543  -0.011939 
 472   0.001822  -0.200366 
 473  -0.008282  -0.067917 
 474  -0.083241   0.045468 
 475  -0.038310  -0.083674 
 476   0.044231   0.068225 
 477  -0.090092   0.018161 
 478   0.007284  -0.014282 
 479   0.028305   0.080128 
 480  -0.005120  -0.109451 
 481   0.067164   0.014149 
 482   0.006421   0.078899 
 483  -0.005045  -0.009848 
 484  -0.041133  -0.031804 
 485   0.112698   0.031499 
 486  -0.018865   0.019144 
 487   0.050842  -0.066201 
 488  -0.098533   0.010806 
 489  -0.010472  -0.013165 
 490  -0.108899  -0.024018 
 491  -0.034123   0.027011 
 492  -0.028597   0.015859 

