   1.494    2.963   -1.292    1.436   -2.204  
  -3.005    1.042    0.183   -3.075   -2.153  
   1.055   -2.879    3.090    2.112   -1.239  
  -2.275   -1.390    1.031   -2.820   -2.573  
  -2.428   -1.180   -2.915   -2.851    1.000  
  -2.834    2.839    0.326   -1.745   -2.675  
  -1.612    1.291   -2.424   -2.396   -1.972  
   1.625   -3.048   -1.616    1.024   -3.023  
  -2.702    3.087    0.532    2.665   -2.287  
   1.278   -2.909   -2.541   -1.957    2.450  
  -3.001   -2.112    0.972   -3.040   -2.384  
  -1.776    1.516   -2.968   -1.319    1.256  
  -2.804   -2.486   -2.654    2.082   -3.098  
  -1.152    1.269    3.001    2.671    0.559  
   1.475    3.105   -1.529    0.856   -3.062  
  -2.585   -0.779   -0.997   -2.370   -1.667  
   1.160   -2.568   -2.388   -2.596   -2.676  
  -2.655   -1.595    1.206   -2.698    3.002  
   1.153   -1.500   -2.619   -1.273    1.404  
  -2.234   -2.934    1.525   -0.316   -2.505  
  -1.269    1.203   -3.136    3.111   -0.819  
  -1.998   -2.782   -2.284    0.925   -2.804  
  -3.101    1.762    0.082   -2.532   -1.243  
   1.007   -3.031   -2.621   -2.756   -0.199  
  -3.040   -2.349    0.953   -2.106   -3.089  
   0.798   -1.439   -2.184   -2.169    0.871  
   0.143   -2.646   -1.880    1.569    3.041  
  -2.470    0.986    0.300    2.728    1.798  
  -3.020   -2.866   -1.807    0.607    0.163  
   2.407   -0.236    2.719   -3.053   -2.140  
   0.949    0.794    2.046    0.978    1.468  
   3.042   -1.955    1.264    0.322    3.125  
  -1.402   -2.430   -2.841   -2.412    1.327  
   0.544    2.808    2.680   -3.057   -2.901  
  -1.693    1.027   -2.963   -2.598   -1.996  
  -0.529   -2.531   -1.526    1.339    2.157  
   2.704    1.105   -2.843   -2.538   -1.370  
   0.882   -2.520   -2.251   -1.866   -2.039  
  -2.358   -1.197   -2.604   -2.728   -2.535  
   3.123    1.888    2.824   -1.717   -0.940  
   2.735    3.117   -0.473    2.726   -2.924  
  -1.140   -0.874   -3.000   -2.860    2.259  
   0.348    2.237    2.941   -1.638    2.935  
   3.048    1.092    0.134   -2.845   -1.261  
  -0.834   -3.026    2.967    1.955   -1.823  
  -3.058   -3.078    0.914    2.634   -2.740  
   2.935    0.924    2.769   -1.614    0.978  
  -2.931   -2.963    2.712    0.305   -2.924  
  -1.568    0.895    3.105    2.918    1.066  
   1.362    3.134   -1.633    1.206   -3.028  
  -2.371   -1.941   -1.789   -2.468   -1.358  
  -0.607   -2.563   -2.359   -2.414   -0.681  
   3.070    3.075   -0.818   -2.922   -2.675  
  -0.000   -0.064   -3.139   -2.884   -1.055  
   2.964    2.993    0.400    0.228   -2.744  
  -1.372   -0.882   -2.838   -2.515   -1.343  
  -1.316   -2.579   -1.944   -1.241    3.071  
  -2.709   -1.831   -0.622   -2.885   -2.445  
  -1.357   -2.970   -2.523   -2.043   -0.143  
  -2.709   -1.506   -0.769    3.126   -2.601  
  -2.146    1.273    3.031   -1.158   -0.631  
  -2.696    2.951    0.885   -2.284   -2.647  
  -1.957   -0.733   -3.087   -2.665   -1.896  
   0.065    3.121   -1.555    1.032    2.982  
  -3.101   -0.389   -2.688    2.700   -3.127  
   0.740    2.459   -2.905   -1.732   -0.658  
  -2.260   -1.057    1.279   -3.078   -2.689  
  -1.987    0.141   -2.978   -1.640    0.923  
  -2.846   -2.881   -0.091   -0.327   -2.462  
  -1.546    1.235    2.964    3.080   -0.131  
  -1.326   -2.536   -1.788    1.091   -2.482  
  -2.876    2.067   -0.413   -2.701   -1.904  
   0.957   -2.798   -2.808   -0.720    1.362  
  -3.116   -1.189    1.207   -2.989   -2.882  
  -0.233   -0.526    3.055   -2.931    0.987  
  -2.994   -2.827    2.427   -1.456   -2.819  
  -2.079    1.355   -2.578   -3.008   -0.364  
   2.262    2.900   -2.233    1.176    2.688  
  -2.604   -2.499    1.116    2.404   -2.676  
   0.758   -2.533   -2.811    2.042    0.260  
  -2.978   -1.655    1.518   -2.870   -2.558  
  -2.410    0.429   -3.103   -1.189    1.254  
  -2.554   -3.112    0.762   -0.604   -2.492  
  -1.333    1.359   -2.717   -2.407   -2.659  
  -0.146   -2.908   -2.187    0.845   -2.544  
  -2.142   -2.157   -1.567   -2.834   -2.547  
  -1.163   -2.427   -2.368   -2.235    0.978  
   2.701   -3.004   -1.050   -2.657   -2.548  
   2.732   -1.526    3.099   -2.284   -1.156  
  -2.935   -2.982   -0.667   -2.206   -2.970  
  -2.253   -1.015   -2.308   -2.644   -2.877  
  -0.173    3.129   -2.419   -1.225   -2.708  
   3.106    2.110    2.873   -2.802   -1.288  
  -0.876   -2.698   -3.127    1.734    1.228  
   3.085   -1.068   -0.679   -2.295   -2.739  
   2.744   -1.346   -2.420   -1.834   -0.781  
   1.498    2.370    1.572   -0.008   -2.768  
  -1.439   -0.421    2.959   -3.140   -0.135  
  -1.461   -2.153   -1.256   -0.455   -3.133  
   2.915    1.369   -0.006   -2.859   -1.557  
  -0.754    2.990    2.747    2.035    0.300  
   3.088   -2.294   -0.937    3.090   -2.637  
  -2.490    1.463    2.909   -1.522   -0.591  
   2.660    2.923   -0.276   -0.413   -2.956  
  -2.552   -1.210    2.996    2.922    1.490  
  -2.470    3.072   -3.116    1.112    2.552  
   2.914    0.639    2.808   -2.786   -1.580  
   1.106    2.481    3.025   -1.333    1.955  
   3.032   -1.569    1.133   -2.791   -2.712  
  -2.459    1.130    2.931   -1.662    1.203  
  -1.936   -1.947   -2.079   -0.602   -2.975  
  -3.030    0.640    2.879    2.896    1.762  
  -0.552   -2.894   -1.869    1.181   -2.599  
  -2.500   -1.300    2.205   -3.064   -1.838  
  -1.043    2.813    3.038    1.296    1.390  
   2.805   -2.087   -0.986    2.878    2.890  
   0.396   -0.281   -2.625   -1.802   -0.824  
   0.501    2.673   -0.542    0.073   -3.114  
  -1.579   -0.718   -2.753   -2.965    1.501  
   1.574    2.716   -1.909   -0.966   -3.072  
   2.757    1.075   -1.653   -2.463   -2.097  
  -0.988   -2.797   -2.540   -1.671    1.613  
  -2.885   -1.339   -0.656   -3.052    2.667  
   0.647   -0.095   -2.871   -1.328   -0.914  
   3.089    3.022   -0.109    0.873    2.867  
  -1.576   -0.978   -2.287   -2.891   -0.131  
  -1.805   -2.596   -1.525   -0.935   -2.877  
  -2.775    1.904    0.203    3.071   -2.457  
  -0.773    2.953   -2.767   -1.453    1.551  
   3.006   -1.692   -0.890   -2.135   -2.970  
   1.249    0.277   -2.859   -1.405   -0.614  
   2.995   -2.837   -2.969   -0.121   -2.740  
  -1.429   -2.608   -2.817    2.682    0.113  
   1.607    2.998   -1.506   -0.894   -2.197  
   3.061    1.302   -1.831   -2.870   -2.815  
  -1.125    3.125   -2.671   -0.848   -2.067  
  -2.412   -1.257   -0.809   -2.181   -2.976  
   1.997   -0.257   -2.659   -1.300   -0.918  
  -2.686   -2.285   -2.414    0.286   -2.846  
  -1.607   -1.073    2.204   -2.848   -1.756  
  -1.212   -2.349   -1.434   -0.996   -2.907  
  -3.077    1.640    1.490   -3.135   -1.253  
  -0.841   -2.595   -2.268   -2.125   -2.879  
  -2.607   -1.662   -0.873    3.100   -2.536  
  -2.599    1.375    2.565   -2.939    0.629  
   2.826    2.971    1.336   -2.300   -2.902  
  -1.330    1.525   -2.358   -2.961    2.232  
  -0.251   -2.526   -1.681    1.308   -2.912  
  -2.418   -2.642    0.115   -2.950   -1.609  
   0.757   -2.492    2.935    0.607    1.216  
  -3.034   -1.143    1.542   -3.028   -2.699  
  -3.012   -0.746   -2.397   -1.729    1.099  
   3.053   -3.126    1.441   -0.463   -3.079  
  -2.916    0.712   -3.039   -2.908    2.277  
   1.129    2.574   -2.651    1.102   -3.090  
  -2.279   -1.872    1.456    2.753   -1.712  
  -0.898   -2.836   -2.811    2.009    2.136  
  -3.128   -1.294   -0.681   -2.626    2.978  
   0.570   -1.555   -2.487   -1.345   -2.927  
  -2.750   -2.869    2.970   -1.672   -2.800  
  -1.616    3.086   -2.116   -2.757    2.725  
   1.322   -3.094   -1.616   -3.105   -2.896  
  -2.938    0.118   -1.447   -2.326   -1.380  
  -2.836   -2.714   -2.314   -1.978    1.458  
   2.671   -2.690   -2.971   -3.012    2.882  
   1.714   -1.955   -3.075   -3.106    2.960  
  -2.739   -2.785    2.414    0.835    2.625  
  -2.253    2.919   -2.558    3.133    0.252  
  -0.306   -2.939   -2.731   -3.035   -2.980  
   2.888    0.124   -0.964   -2.279   -1.290  
  -2.704   -3.066   -3.109    2.114    1.379  
   2.847   -1.521   -2.553   -2.921   -2.407  
  -0.689   -1.877   -2.427   -1.758   -2.609  
  -2.942    3.044    0.228    2.005    3.061  
  -1.789    3.134    3.106   -2.782   -2.725  
   1.057   -3.105   -1.190   -0.912   -2.643  
  -2.581   -0.703   -0.288   -2.919   -2.740  
  -1.239   -2.765   -2.725    2.321    0.199  
  -2.929   -1.727   -0.774   -2.669   -2.800  
   2.712    0.036   -2.676   -1.306   -1.110  
  -2.823   -2.650   -1.108    0.088    2.986  
  -3.023   -0.995    0.769   -3.040   -2.420  
   0.044   -2.853   -2.019   -0.875    0.627  
   2.662    0.391    0.072   -2.942   -2.682  
  -1.412    0.633    2.936   -1.126   -0.148  
   2.819    3.017    1.268    0.834    2.397  
   0.942    0.418   -2.928   -1.908    0.970  
   0.375   -3.025   -1.865   -0.920   -3.069  
  -3.123    1.133    0.710    2.812   -0.488  
   0.275    2.761   -2.749    0.894    0.320  
   2.700   -0.343    2.239   -2.932   -1.870  
   1.054    0.360    2.882    2.811   -1.627  
  -2.170   -1.648    1.158    0.185    2.415  
   0.738   -1.286   -2.129   -1.599    1.878  
   0.417    2.464    1.115    0.903   -3.113  
  -1.450    1.511    0.233    2.717   -0.285  
   0.285   -2.976   -1.479    1.192    0.184  
   2.526    1.503   -0.158   -2.862   -2.610  
   1.123    0.505    2.934   -0.447   -0.336  
  -3.050   -2.742    1.257    2.926   -3.082  
   1.345   -1.462   -2.788   -1.715   -0.913  
  -2.248   -2.351   -1.261    1.317    2.972  
  -1.931   -0.815   -3.068    2.881    0.749  
   2.150   -2.987   -1.394   -0.621   -2.936  
  -2.494   -2.194   -0.401   -2.790   -1.308  
  -0.508   -2.302   -1.971   -2.056   -1.297  
  -2.349   -1.430   -2.660   -2.784    2.996  
   0.929    0.060    2.940   -2.723   -2.955  
  -2.775   -2.843    2.193   -0.441   -2.828  
  -1.637    3.010   -2.550    3.114    1.010  
   0.097    2.641    2.941   -1.662    3.048  
  -2.470   -2.723    0.377    2.730   -2.841  
   1.053   -2.438   -2.817   -0.591    0.063  
  -2.647   -1.757    1.035    3.068   -3.123  
   1.950   -0.105    3.138   -2.630    0.980  
  -2.268   -3.107    0.312    0.087    2.844  
  -2.815    1.134   -2.508   -2.181   -2.249  
  -0.229   -3.125   -2.740    0.923    2.677  
   2.882    1.596   -0.321   -2.801   -1.316  
   0.979   -2.447   -2.342   -1.400   -1.987  
   3.108   -2.749    0.855   -2.900   -2.459  
  -2.531    1.674    3.083   -1.615    0.922  
   2.998   -2.896   -0.860    0.106   -2.642  
  -1.407    1.301    2.995    2.953   -0.514  
   2.251   -2.752   -1.527    1.710   -3.025  
   2.980   -0.107    2.299   -2.997   -1.688  
  -3.015   -2.964    2.982   -0.533    1.265  
   2.897   -1.173   -2.863   -2.443    2.994  
   0.965   -2.286   -2.903   -2.257   -3.069  
  -2.591   -3.019    1.577    1.900    3.029  
  -1.843   -2.987   -3.039   -2.689   -1.765  
   0.977    2.222    2.979    3.060   -2.883  
  -2.644   -0.808   -1.803   -2.801   -2.626  
   2.632   -2.649    2.843    1.390    0.782  
   2.523   -2.948    2.676   -3.107   -2.824  
  -0.826   -0.160    2.963   -3.069    2.771  
   2.979   -2.427   -1.854    0.060   -3.029  
  -1.229   -0.667    3.114    3.135   -0.342  
  -1.695   -2.445   -1.481   -0.927   -2.896  
  -2.323   -1.742    0.260   -3.050   -1.437  
  -0.642    3.128   -2.993    2.364   -1.584  
  -2.744   -2.720   -1.213    2.997   -2.180  
  -1.610   -0.232    2.849   -2.394   -1.010  
  -2.734   -3.129    1.134    0.317   -3.021  
  -1.785   -1.140   -2.645   -2.510   -2.200  
   0.117    3.093   -1.259   -0.806   -2.439  
  -2.766   -1.099    0.600    2.419   -2.886  
  -1.388   -2.782   -2.430   -3.068   -1.093  
  -2.727   -2.897   -1.447    2.834    2.852  
   1.365   -1.196   -2.320   -1.441   -0.538  
  -2.746    2.827    1.225   -1.041   -2.523  
  -1.204   -0.821    3.008    3.095    0.926  
   1.472    2.500   -2.332   -0.934   -1.916  
  -2.236   -2.426    2.221   -2.981   -1.520  
  -0.944   -3.123   -2.834   -3.081   -0.887  
  -2.128   -1.361   -0.615   -2.782    2.899  
   0.472   -2.105   -2.747   -1.777   -0.702  
  -3.064    2.816    1.132    0.427    3.028  
  -1.658   -1.099    2.712   -3.067   -2.777  
   2.886   -3.002   -1.289   -0.991   -3.095  
   2.887    1.388   -1.319   -2.749   -2.579  
  -1.086   -2.953   -2.440   -1.327   -1.848  
  -2.832   -1.959   -0.608   -2.981    2.961  
   1.648    2.807    2.714   -3.008   -0.856  
  -2.992    3.075    1.256    0.868    2.575  
  -2.860   -1.232   -2.762   -2.530   -2.644  
   2.713   -2.936   -1.583   -0.811   -3.046  
   2.886    0.948   -2.681   -2.725   -1.394  
  -0.942   -2.441   -2.770   -0.390   -2.304  
  -2.677   -1.558   -0.966   -2.750   -2.191  
  -1.823    1.906    2.445   -3.077   -1.087  
  -3.060   -2.650   -2.620   -1.932   -2.449  
  -1.499   -2.972    2.877   -2.999   -0.767  
   0.403   -2.955   -1.425   -0.835    2.367  
  -3.014   -2.468    0.219   -2.948   -1.362  
  -0.560   -2.722   -2.426   -2.345    1.714  
   3.110   -1.511   -0.544   -2.649   -2.689  
  -0.745    0.584    2.897   -1.835   -0.892  
  -2.733   -2.825    0.003    1.554    2.942  
  -1.503   -1.109   -3.050    3.127    0.228  
   1.863    2.838   -1.822    0.154   -3.041  
  -2.715   -1.587   -0.374   -2.700   -1.390  
  -0.702   -2.874   -2.698   -2.179    0.512  
   2.980   -1.774   -0.842    3.064   -2.585  
  -2.380    1.368    3.107   -1.129   -0.441  
   3.040   -3.036   -0.221    2.692    3.113  
  -1.424   -0.937   -2.654   -2.636   -1.599  
   1.969    3.120   -1.236   -0.965    3.091  
  -2.808   -1.617   -0.177   -2.634   -3.049  
  -0.705    2.954   -3.122    1.351   -2.159  
  -2.554   -1.309   -1.111   -2.652    3.000  
   0.767    1.374   -3.065   -1.073   -0.744  
  -3.132   -2.789   -2.771    1.473    2.942  
  -1.576   -0.857   -2.970    3.055    0.917  
   0.607   -2.548   -1.316   -0.980   -2.794  
  -2.624    2.739    0.309    2.784   -2.221  
  -0.877   -2.359   -2.437   -1.903   -0.785  
  -2.394   -1.332   -0.794   -2.709   -2.975  
   1.956   -1.458   -2.639   -1.879   -0.680  
  -2.936    2.987    1.559    1.748    2.702  
  -2.424   -1.100   -2.746   -2.263   -1.439  
  -1.192   -2.507   -1.721   -0.985   -3.043  
   3.126    1.570   -0.163    2.956   -3.020  
  -1.116    2.961   -2.616   -2.641    2.084  
  -2.920   -1.191   -0.707    2.625    3.060  
  -0.895    0.153   -2.755   -1.458   -0.937  
  -2.729   -2.428   -2.221   -1.433   -2.825  
  -2.566    3.108   -2.518    3.121    0.124  
  -0.017   -3.013   -2.098   -2.999   -2.535  
  -2.394   -2.381    0.280   -2.671   -1.151  
  -3.074   -0.196    2.637    0.402   -0.118  
   3.141   -2.697   -0.832    0.691    2.917  
  -0.612   -1.365   -2.720   -2.985    1.067  
   0.418    2.768   -0.492    0.516    2.986  
  -1.867    0.893    0.296    2.345    0.113  
   2.122    2.961   -2.631    1.465    1.010  
   2.359    1.531   -0.604   -2.760   -1.551  
   1.076   -2.966   -2.701   -2.260    1.336  
   2.966   -1.956    0.754    1.086    3.121  
  -2.088    1.112   -3.113   -1.772    1.146  
   0.491    2.393    1.225   -0.418   -2.391  
  -1.607    0.869    0.438    3.009   -2.398  
   1.623   -3.021   -1.708    1.288    0.313  
   2.949    2.686   -0.009   -2.657   -1.841  
   1.310    0.614    2.202    1.468    0.669  
   2.964   -1.581    0.896   -0.115    2.561  
   1.014    2.148   -2.952   -1.283    0.996  
  -0.231    3.072   -0.807   -1.494   -2.481  
  -1.503    1.174    0.243   -3.043   -0.923  
  -1.003   -2.338   -2.051    1.297    0.910  
   3.036   -1.145    0.153   -2.920   -1.336  
   1.513    2.977    3.022   -0.581   -0.542  
  -2.820   -1.369    1.194   -2.646    2.984  
   0.604    2.909   -2.531   -1.221   -2.928  
  -2.798   -2.738   -0.758   -0.145   -3.021  
  -2.254    2.534    3.098    2.990    1.280  
  -2.262   -3.038   -2.774    3.023    2.847  
   2.769    1.083    2.145    2.868   -1.766  
   3.018   -2.531   -2.969    2.800    2.169  
   2.945   -2.812    2.933    1.768    2.933  
   2.298   -1.353   -3.126   -2.965    2.872  
  -2.925   -2.967    2.095   -1.216    3.069  
   2.932    1.021    3.047   -2.682    2.557  
  -2.029    3.099   -2.834    0.808    2.853  
  -2.578   -2.136    0.160    2.932   -2.689  
   1.276   -2.433   -2.069   -2.640   -2.948  
  -3.051   -2.392    0.835   -2.795    3.086  
  -0.014    2.035   -3.045   -1.225    0.925  
   3.133   -2.828   -1.655    0.776    3.022  
  -1.398    0.933   -2.267   -2.182   -2.185  
  -1.946   -2.870   -2.661    1.062   -2.910  
  -2.637   -2.479   -1.979   -2.803   -2.098  
   0.908   -2.652   -2.319   -2.802    1.336  
   2.884   -1.406    1.039   -3.035    3.129  
   1.381   -0.162    3.132   -2.857    0.882  
  -2.781   -2.373   -2.660    1.808   -2.956  
  -1.150    1.546   -2.899    3.049    0.856  
   0.240    3.082   -2.512    0.669   -3.053  
  -3.075    1.645    1.339    2.834   -2.628  
   1.206   -2.478   -2.842    1.619    2.053  
  -3.091   -1.258    1.069    3.080   -3.001  
  -0.440    0.330   -2.929   -1.637    1.156  
  -2.883   -3.028   -0.413   -0.099   -3.096  
   3.088    0.862    2.150   -3.057    3.103  
   1.914    2.694   -2.551    0.926   -2.519  
   3.033    1.427    0.090    3.043   -1.766  
   0.902   -2.902    3.102    1.717    2.258  
   2.675   -2.257    0.699   -2.709   -2.560  
   3.088    0.177    2.600   -3.108   -1.249  
   3.032   -3.039    0.209    0.816    2.248  
   3.113   -1.193    2.870   -2.655   -1.952  
   2.891   -2.981   -1.341   -1.262   -2.372  
   3.063    1.709    0.030    3.119   -2.146  
  -0.626   -3.099    3.047    1.105    0.138  
   2.912   -1.963    3.112   -2.458   -2.739  
  -0.509   -2.430   -2.395   -1.120   -2.682  
  -1.926   -2.145   -2.572    1.494    2.973  
  -1.631   -2.842    3.024   -3.080   -0.534  
  -2.493   -3.006   -2.323    3.078   -2.332  
  -3.128    0.961   -1.717   -2.709   -2.614  
  -3.077    1.541    2.752    0.910   -2.076  
  -2.126   -1.091   -2.713   -2.835   -2.487  
  -1.491   -2.125   -2.529   -1.682   -2.729  
   3.108   -2.943    1.863   -2.101    3.040  
  -2.306    1.313   -2.558   -2.300   -2.767  
  -0.111   -2.530   -1.473    3.064   -2.910  
  -2.486   -2.099   -1.422   -2.389   -1.309  
  -2.858   -2.483   -2.827    2.673    2.601  
  -2.876   -1.307   -3.117   -3.010   -2.737  
  -2.217    0.854    2.721   -2.578    0.996  
   3.116   -2.780    2.461   -1.147   -2.342  
  -1.490    1.624   -2.804   -2.447   -3.026  
  -0.685   -2.384   -1.333    1.230   -2.985  
  -2.684   -2.851   -2.037    3.060   -2.934  
   0.718   -2.926   -2.261    3.045   -2.005  
   3.118    2.921    0.925    1.315    2.555  
   0.265    1.654    2.787   -2.035    0.838  
  -2.251   -2.940    0.087    1.447    2.841  
  -1.950    1.040    2.626   -2.659   -2.502  
   1.792    2.979   -1.496    1.010   -2.658  
  -2.677   -3.069   -1.619   -2.961   -2.799  
   1.131   -2.769   -2.673    2.931   -1.565  
  -2.453   -1.550    1.113   -2.754   -2.841  
  -0.644    1.651   -2.940   -1.341    1.105  
   2.958   -2.894   -3.023   -0.885   -2.348  
  -1.800    0.974    3.001   -3.042    3.003  
   1.508    2.570   -2.581    0.910   -2.514  
  -2.547   -1.166    1.692    2.687    2.934  
   0.569    2.605   -2.838   -0.955   -1.993  
  -2.020   -1.297    1.190   -2.470   -2.413  
  -0.559    0.683   -3.113   -1.374   -0.789  
  -2.638   -2.529   -2.289   -0.920   -2.429  
  -1.508   -0.895   -2.882   -2.596   -1.139  
   1.690   -3.132   -1.778   -1.120   -2.631  
  -2.406   -2.016    1.862   -2.980   -1.344  
  -0.600   -2.994   -3.112   -0.597   -1.873  
  -2.720   -1.414   -3.093   -2.956   -2.598  
   3.045   -1.919   -2.420   -1.454   -3.012  
  -2.444   -2.228   -2.783   -0.275   -2.868  
  -1.804   -2.991   -2.618   -2.715   -0.694  
  -1.645   -2.476   -1.357   -2.799   -2.777  
  -2.558   -0.800    0.086   -3.021   -1.945  
  -3.068   -3.095   -2.869    2.646   -0.452  
  -2.738   -1.578   -2.956   -2.897   -3.109  
  -0.072   -2.805    2.922   -2.794    2.980  
  -2.749    3.073    0.908   -1.432   -2.620  
  -1.600   -2.792   -2.928    2.929    1.178  
  -1.669   -2.432   -1.334   -2.653   -2.647  
  -2.714    2.992   -0.174   -2.952   -1.851  
   3.097   -2.840    3.086   -0.235    1.144  
   2.608    3.105    2.909    2.708    2.973  
   0.501   -1.584   -2.547   -1.098   -2.308  
   3.114   -3.062   -0.237    0.397    2.921  
  -2.269   -3.128   -2.265   -2.791    2.191  
  -0.761   -2.866   -2.708    2.740   -3.094  
  -2.470   -1.808    1.149    3.113   -1.264  
  -2.863   -2.719   -2.967    2.118   -1.009  
  -2.656   -1.230   -3.026   -2.921   -2.669  
  -2.840   -1.694   -3.036   -2.512    3.070  
  -2.623   -2.409   -2.475   -0.135   -3.050  
  -2.325   -2.847   -2.437   -3.023    1.826  
  -1.639   -2.502   -2.626    3.005    3.035  
  -2.522   -2.512   -0.321   -2.668   -1.682  
  -0.984   -2.457    3.065    1.631   -1.213  
  -2.359   -1.464   -0.825   -2.738   -2.668  
   2.872    1.516    2.723    3.129    0.653  
   0.711    2.253    0.771   -0.896    3.071  
   2.789    0.866    2.839    3.001    1.159  
  -0.495   -2.279   -1.335   -2.941   -2.931  
  -2.741    2.433    0.523    2.924   -2.084  
   1.014   -2.717   -2.344   -2.482    0.151  
  -2.926   -1.154    1.283   -2.155   -2.199  
  -1.558   -1.697   -2.411   -1.488    1.097  
  -2.185   -2.514    2.764   -2.215   -2.752  
  -1.231    1.132   -3.060   -2.552   -1.211  
  -1.046   -2.257   -1.604    1.401   -2.834  
  -2.886   -0.393   -0.221   -2.725   -1.789  
   1.289   -3.103   -2.942    2.518    2.387  
  -3.079   -1.221   -0.927   -2.873    3.111  
   1.338    0.082   -2.657   -1.224   -0.903  
   3.111    2.761    1.611    1.317    2.950  
  -1.452   -0.950   -2.629   -2.646   -2.338  
   0.159    2.745    2.879   -1.211    2.930  
  -2.866   -0.678   -1.402   -2.835   -2.809  
  -1.205   -2.889   -3.004    0.144   -1.282  
  -2.917   -2.464   -0.975   -3.011   -2.880  
  -1.007    0.146    2.770   -3.075   -1.054  
   2.980    3.097    1.762    2.063    2.714  
  -2.310    1.256   -2.310   -2.514   -1.136  
   1.320    3.045   -1.400    0.965   -3.007  
   2.744    0.985    0.738    3.039   -1.555  
  -3.014   -3.077    2.884    1.304   -0.435  
   3.122   -2.499   -3.114   -2.595   -2.391  
  -2.185    1.352   -3.093   -1.191   -2.577  
  -2.949   -3.050    0.105   -0.094    2.915  
  -2.623    3.121   -2.254   -2.232   -1.613  
   1.771    2.714   -2.581    3.110   -2.793  
   3.132    0.206   -0.675   -2.259   -1.359  
  -2.577   -2.572   -2.477   -1.047    1.748  
   2.961   -2.084    3.058   -3.099    2.893  
   0.182   -1.003   -2.797   -2.091    3.008  
  -2.478   -3.077    1.938   -1.905   -2.307  
  -1.490   -0.806   -2.836   -3.013    1.794  
   2.148   -3.111   -1.442   -0.999   -2.093  
  -2.538   -1.314   -1.754   -2.339   -1.535  
  -0.528   -2.785    3.137    1.153   -0.297  
  -3.008   -2.714   -1.211   -3.042   -2.765  
  -0.402    2.334    3.080   -2.169   -1.233  
  -2.798   -2.763    2.917   -0.337   -2.911  
  -1.726   -0.887   -2.356   -3.125   -0.027  
  -0.377   -2.874   -1.135   -0.684   -2.616  
   3.098    0.641   -0.298   -2.938   -2.402  
  -1.327   -2.698   -2.498   -2.936   -2.062  
  -2.932   -3.056   -1.239    2.908   -2.592  
  -2.678    0.168   -2.611   -1.291   -0.974  
  -2.249   -2.518    2.886   -0.150   -3.037  
  -2.474   -1.223    2.904    2.996    1.382  
   0.660   -3.041   -1.563   -1.083   -2.485  
  -2.631   -0.372   -1.876   -2.619   -1.121  
  -0.790   -3.000    2.819    1.356   -1.850  
  -2.264   -1.425   -0.868   -2.904    2.887  
   0.855   -1.633   -2.202   -1.370   -1.025  
  -2.475   -2.484   -0.876    1.311    2.464  
  -2.382   -0.917   -2.250   -2.650   -0.181  
  -0.794   -2.366   -1.974   -0.784    0.433  
   2.548    1.821    1.678    3.120   -1.564  
  -0.817    0.255    2.424    2.183   -0.713  
  -2.154   -1.255   -0.697    0.236    2.740  
   2.234    0.953    2.806   -2.762   -1.275  
   0.614    2.773    0.877    1.971   -3.136  
  -1.959   -1.150    3.038   -3.004    1.741  
   1.837    2.626   -2.843   -1.184    2.883  
   2.951    1.194   -1.692   -2.722   -2.282  
  -0.709   -2.852   -2.766    1.946   -1.794  
  -2.716   -1.975   -1.059   -2.929   -2.207  
  -2.185    1.795    3.089   -1.684   -0.857  
  -2.494   -2.991    0.881    0.329    2.687  
  -2.752   -1.255   -3.024   -3.128    1.044  
   1.431    2.604   -3.017   -0.993    0.873  
   2.271    1.482   -1.686   -2.708   -2.848  
  -0.883    0.879    2.274    1.225    1.080  
   2.539   -3.047   -1.010    0.867    1.929  
   1.160   -0.865   -2.779   -2.758   -0.815  
   0.901    2.758   -0.526   -2.110   -2.555  
  -2.576   -1.297    0.343    2.369    1.003  
  -0.164   -2.816   -2.241   -0.872    0.309  
  -2.952   -2.851    1.542   -2.918   -1.567  
  -0.970    0.228    2.803    0.934    1.858  
   2.994   -2.117   -0.828    0.330    2.410  
   0.682   -2.079   -2.439   -2.077   -0.777  
   0.975    2.769   -0.938    0.186   -2.925  
  -2.019   -0.731    1.071    2.986    3.076  
   1.662   -3.025   -1.315   -0.668   -0.053  
   2.502    0.484   -0.404    3.048    2.930  
  -1.100    1.409    2.555    1.217   -0.955  
  -2.801   -2.859   -0.794    0.043    2.619  
   2.071    2.781    2.989   -2.444   -1.374  
   0.001    2.728    1.333   -0.072    3.134  
  -2.366   -0.798    1.185    2.325    0.564  
  -1.571   -2.239   -1.435   -0.637    0.183  
   2.757    2.773    1.934   -3.018   -1.312  
  -0.830    0.018   -3.135   -1.808    1.340  
   2.429    3.048   -1.056    0.519    2.414  
   1.297    1.729    2.748   -1.863    1.024  
   0.242    2.474    0.518    2.859   -3.019  
  -1.831    1.714    0.426    2.378    0.755  
   2.157   -2.904   -1.384    1.330    0.309  
  -2.733   -1.743    0.644    2.590   -2.814  
   0.758    0.319    2.995   -2.407   -2.828  
  -2.647   -1.926    0.849   -0.219    2.640  
   1.186   -0.429   -2.538   -1.643    1.369  
   0.015   -3.044   -2.509    0.193    2.709  
  -2.831    1.204    0.253   -2.956   -1.762  
   2.710    3.051   -2.508   -2.614    0.624  
   2.938   -2.586    0.335   -3.087   -1.967  
   1.194    0.323   -3.116   -1.863    2.200  
   3.055   -1.876    1.121   -2.767   -2.848  
  -1.397    1.403    2.790   -1.928    0.961  
  -2.871   -2.356   -1.997   -0.752   -2.876  
   3.091    0.721    2.810   -3.066   -0.125  
   1.579    2.884   -1.591    0.926   -2.145  
  -2.465   -2.726    0.312    2.721    2.933  
   0.917    3.072   -2.978   -0.575   -0.377  
  -2.878   -1.989   -0.888   -2.802   -2.317  
  -1.802    1.181   -3.059   -1.764   -0.947  
  -3.077    2.899    0.436    0.639    2.797  
  -2.357   -0.582   -2.330   -2.442   -1.000  
  -1.870   -3.115   -2.636   -1.669   -2.852  
  -3.085    2.751   -0.295   -2.777   -1.360  
  -0.437    2.892   -3.039   -1.081    2.798  
  -3.030   -1.408   -1.120   -3.008   -2.989  
   2.620    1.979    3.022   -2.460   -0.943  
   2.787    2.596    1.709    0.033   -3.074  
  -2.604   -1.008    1.183    2.966   -0.474  
   0.347   -2.799   -1.879   -0.643    1.221  
  -3.029   -2.295   -2.308   -2.548   -1.242  
  -0.641    0.043   -3.018   -1.070    3.002  
  -2.883   -1.478   -0.327    0.278    2.490  
   0.365    0.060    2.883   -2.443   -0.506  
   0.441   -3.002   -1.127    0.087   -3.106  
  -2.587   -1.431    0.172    2.873    2.508  
   3.021   -3.081   -2.137   -0.832    0.507  
   2.791   -0.244    0.041   -2.855   -1.547  
  -0.738   -2.959    3.024    1.687   -1.959  
   2.972    2.947   -1.250    3.097   -2.951  
  -0.372    0.012   -2.984   -1.803   -1.084  
  -2.862   -2.360   -1.486    0.088   -2.809  
  -1.436   -0.739   -3.048    2.898    1.098  
   1.096   -3.131   -1.692   -0.943   -2.574  
  -2.544   -2.694   -0.394    2.861   -2.772  
  -1.216   -2.749    2.882    1.037   -0.348  
   3.039   -2.261   -1.002   -2.275   -2.761  
  -0.328   -2.217   -2.795   -1.728    1.182  
   3.095    2.765    1.577    1.579    2.885  
  -2.202    0.905    2.845   -2.460   -2.407  
  -0.003   -2.729   -1.482    1.073    3.012  
   2.863    0.356   -2.812    2.981   -2.749  
   0.583   -2.948   -3.107    0.361    2.852  
   2.894   -2.756    0.686   -2.702   -2.460  
  -1.740    2.091    2.540   -3.035    1.190  
  -2.871   -2.549   -0.702   -2.079    3.028  
  -2.873    0.634    0.710    2.974   -0.966  
   1.131    2.547   -3.139    0.966    0.481  
  -2.866   -1.896   -2.983   -2.887   -1.707  
   1.177    0.751    2.483    0.985   -1.705  
  -2.356   -1.858    0.971    0.235   -2.936  
  -1.894    2.640    3.080   -1.658    1.158  
  -0.035    3.041   -0.836   -0.395   -3.048  
  -2.079    1.144    0.272    2.331    1.194  
   1.483   -3.040   -1.639    1.420    0.680  
   2.313    1.310    0.064   -2.827   -1.716  
   1.221    0.765    2.475    0.743   -2.139  
   3.136   -2.645    1.089    0.071    2.579  
  -0.376    1.672    3.013   -1.800    1.121  
   0.057    2.368    0.931    0.362   -2.901  
  -1.564    1.277    0.444    2.431    1.206  
  -1.059   -2.378   -1.888    1.341    0.014  
   2.955   -0.344    1.356    2.534    3.001  
   0.886    0.669    2.822   -3.027   -0.107  
  -2.714   -2.488    1.161    0.685   -2.989  
  -2.145    1.367    2.862   -1.690    0.977  
  -0.318    3.106   -0.209    1.170    2.806  
  -2.086   -0.797    0.773    2.381    0.995  
  -2.016   -2.460   -1.243   -2.899   -2.892  
   2.916    1.072    0.993   -2.863   -1.209  
  -2.642   -2.505   -2.854    2.110   -0.695  
   3.005   -3.074   -3.033   -2.649   -2.961  
   0.368    1.872   -3.002   -1.621    3.093  
  -3.129   -2.671   -3.079   -1.156   -2.589  
  -1.759   -2.673   -2.975   -3.058    0.911  
   2.283   -2.920   -1.207   -2.878   -2.805  
   3.004    0.895    0.631   -3.087   -1.560  
  -3.137   -2.634   -3.033    1.775    0.401  
   2.592   -3.134    3.116    3.104   -2.721  
  -2.356    0.306    3.119   -1.453   -3.102  
  -2.323   -3.052    0.289    2.163    3.097  
  -1.799   -2.685   -2.998   -2.793    2.884  
  -1.339   -2.568   -2.390    0.712   -2.915  
  -2.992    1.800   -0.077   -2.999   -1.602  
   0.757   -2.086   -2.308   -0.717   -0.232  
   2.820    2.835    0.915    3.124   -2.854  
  -0.230   -2.417   -2.406   -1.163    1.426  
  -2.657   -2.832    2.296    1.650   -2.951  
  -1.422    0.995   -2.846   -2.644   -3.127  
   1.105    2.834   -1.778    1.221   -3.080  
   2.918    0.715    0.384   -3.119   -1.480  
  -2.747   -3.045   -2.593   -2.622    0.529  
  -3.100   -1.522   -2.748   -2.697   -2.461  
  -2.037   -1.139   -2.841   -1.938    3.007  
  -2.493   -2.595   -1.305    2.018   -3.050  
  -1.207   -2.865   -2.574    2.937    1.372  
   1.559    2.918   -1.568   -2.776   -2.672  
   2.894    1.350   -0.877   -3.024   -3.062  
  -3.026    2.733   -3.085   -0.698   -0.903  
  -2.726    3.127    3.042    2.247   -2.775  
  -2.462    1.688    3.105   -1.408   -2.797  
  -2.833   -2.255   -1.961    1.324    3.089  
  -1.433   -2.980   -2.563   -2.965    2.233  
   1.473    2.487   -2.639    2.860   -2.716  
  -2.750    2.813   -1.346   -2.476   -1.436  
  -2.845   -2.985   -2.449   -2.045    2.852  
  -3.014   -1.512   -2.531   -2.810   -2.610  
  -2.777   -1.949   -2.298   -1.384   -2.908  
   2.954    2.816    1.461   -1.856   -2.240  
  -1.312   -2.792    3.028    2.813    0.059  
   0.188   -2.860   -1.399   -0.751   -2.763  
  -2.926    1.459    2.966   -2.973   -1.305  
  -0.726   -2.805   -3.067   -0.397    1.722  
   2.900   -2.420   -1.136   -2.619   -2.597  
  -1.167    0.931    2.449   -2.869    2.732  
  -2.632   -2.927    1.907    1.921   -3.030  
  -1.506   -2.907    3.063   -2.717    2.849  
   0.400    2.800   -3.061    3.024    3.130  
   3.034    1.261    1.273    2.882   -1.944  
  -0.853   -2.372   -2.726   -0.661    1.423  
   2.400   -2.845   -1.343   -2.953   -2.662  
   2.730   -1.097   -2.753   -2.854   -1.280  
   2.795    2.916    1.089    2.308    2.742  
  -2.477   -0.816   -2.953   -2.338   -2.115  
   3.077    2.818   -2.460   -1.279   -3.129  
  -2.621   -2.906   -1.610   -2.781   -2.941  
  -0.877    2.701   -2.603   -2.099   -1.521  
  -2.593   -2.364   -1.060   -2.930    2.818  
   0.538    3.058   -3.121   -1.755   -2.617  
  -2.265   -2.929    0.217   -1.897   -2.924  
  -2.798   -2.780   -3.141    3.136    0.985  
   0.144    2.595   -3.051    0.778    3.126  
  -2.913   -0.362   -0.014    3.058   -2.474  
  -1.194    0.426    2.550    2.035    0.678  
   2.618   -3.012   -1.319    0.060    2.344  
   1.066   -2.270   -2.536   -1.742   -0.889  
   0.537   -3.065   -2.359   -1.646   -2.415  
  -1.984   -0.902    0.290    2.514    0.369  
  -1.636    3.006    2.761   -1.215    0.475  
   2.452    1.068    1.069    2.441    3.126  
  -1.076    0.399    3.119   -2.897   -0.326  
  -2.956   -2.937   -1.312    0.618    2.827  
  -0.217    0.632   -2.893   -1.463   -0.628  
   0.210    3.104    3.075   -0.148    2.926  
  -3.020   -1.166    0.561    2.744   -0.060  
   1.695    2.995   -1.751   -0.817    0.023  
   3.049    2.621   -0.029   -2.682   -1.936  
  -0.970    0.226    3.006   -0.926   -0.532  
  -2.634   -1.721   -0.909    0.291    2.560  
   0.874   -1.050   -2.702   -2.956   -0.589  
   0.917    2.603   -0.380    0.642   -3.007  
  -1.669   -0.956    0.181    3.045   -2.726  
  -1.515   -2.704   -2.682   -1.129    0.226  
   2.457    1.131    1.392    3.072   -2.026  
  -1.029    0.559    3.104   -1.368    2.169  
   3.117   -1.594   -1.204    0.090   -2.927  
  -2.022   -1.745   -2.474   -1.948   -0.818  
   0.920    2.380    1.494    1.070    2.181  
   3.129   -1.379    0.145    2.275   -0.156  
   0.806    2.712   -2.343   -0.935    0.560  
   2.674   -0.771   -2.748   -3.023   -2.567  
  -1.009   -0.401   -2.844   -2.277   -0.381  
  -2.602   -1.846   -0.658    0.750    2.553  
   1.979    1.332    2.202    2.926   -1.267  
   0.545   -3.081   -2.160    1.029    3.139  
  -1.860   -1.046    1.597    2.577    1.253  
  -1.218   -2.282   -1.672   -0.772    0.438  
   2.545    1.698    1.545    3.057   -1.854  
  -0.604    0.568    3.083    2.962   -0.695  
  -2.529   -1.955   -0.471    0.594    2.825  
  -0.501   -1.028   -2.620   -1.653   -0.728  
   0.167    2.665   -1.136   -0.166   -2.756  
  -1.895    1.237    0.261    2.941    2.713  
   0.620    2.850   -2.435    1.024    0.613  
   2.636    1.171    0.228    3.013   -2.922  
   0.749    0.580    2.659   -0.079    0.391  
  -2.986   -1.532    0.946    0.021    2.429  
   1.207    2.611    2.969   -2.858    0.868  
   1.394    2.951   -1.732    1.805    2.899  
  -1.483    1.047   -2.529   -2.925    2.534  
  -0.640   -2.748   -2.816    0.793   -2.840  
  -2.721   -3.122    0.029   -2.809   -1.467  
   1.248   -2.806   -2.595   -2.662   -2.192  
  -2.636   -1.478   -3.045   -2.861    3.112  
   1.825    0.163   -2.929   -1.412   -2.714  
  -2.353   -3.129    0.718   -1.193   -2.550  
  -1.725   -2.899   -2.518   -3.097    2.542  
  -0.256   -2.703   -1.685    2.989   -3.119  
  -2.217   -1.949   -0.280   -2.571   -1.403  
   1.639    2.939    3.050    0.872    3.020  
   2.652   -2.823    1.184    2.987   -2.785  
  -0.831   -0.756   -2.921   -2.341    0.840  
   3.030    2.889    0.568    1.093    2.411  
  -3.045    0.765   -3.074   -2.184   -2.628  
   0.349    2.423    2.916    0.604    0.971  
   2.497    1.633   -1.091   -2.329   -2.519  
   1.159    0.603    2.913    3.088    1.357  
   2.939   -2.092    1.226    0.861    2.340  
   1.534    1.724   -3.118   -1.122    1.308  
  -0.046   -3.099   -0.718    1.213   -3.014  
  -1.738    1.314    1.103    3.137   -2.681  
   2.129    3.126   -2.266    3.085    0.406  
   2.781   -0.239    2.096    2.467   -2.511  
   2.793   -0.479    2.715    2.077    1.318  
   2.972   -1.914    3.132    0.221    2.697  
  -0.470   -1.644   -2.722   -1.954   -2.769  
   0.597   -3.118   -2.208   -0.863   -2.429  
  -1.658   -2.910    0.640    2.703    0.056  
   2.109    2.855   -2.197   -2.991    0.471  
   2.470    1.270    2.008    2.962   -2.004  
  -2.870    0.400    2.708    2.054    2.205  
  -3.106   -1.953   -3.020    0.724    2.391  
   1.701    0.872   -3.013   -1.419   -2.596  
   0.161    2.884    1.917   -1.263   -2.765  
  -1.973   -3.096    0.471    2.428    1.524  
   0.470   -3.139   -2.007   -2.953    0.854  
   2.672    2.208    1.200    2.696   -2.748  
   2.697    0.530    2.486   -0.451   -0.064  
  -2.844   -1.857   -0.880   -0.128   -2.856  
  -2.911   -0.259   -2.968   -2.321    0.995  
   0.670   -3.069   -3.073   -1.123   -2.779  
  -2.717    0.883    0.637    2.744    0.077  
  -1.295   -2.706   -2.799    0.831    0.473  
   2.252    1.730   -0.936   -1.947   -1.481  
   1.348    0.149    2.881    2.970   -1.694  
  -2.559   -2.092    1.100    0.617    2.996  
  -2.998   -1.086   -2.549   -1.529    0.926  
   0.363    3.139   -0.940   -1.283   -2.177  
  -1.923    1.058    0.641    2.909   -0.401  
  -0.150   -2.666   -1.343    1.292    0.124  
  -2.861   -2.605    1.196    3.056   -1.835  
   1.117    0.584    2.369    1.850    0.011  
  -2.939   -2.594    0.876    0.416    3.110  
  -3.086   -1.799   -2.459   -1.801    1.335  
   0.597    2.947   -1.026    2.269   -2.999  
  -1.850    1.193    0.526    2.480    1.095  
  -0.546   -2.951   -2.646    1.120    0.451  
   2.678   -0.528    1.499   -3.046   -1.368  
   1.195   -0.115    2.723    2.450    0.214  
  -3.045   -1.694    0.941    0.013    2.963  
  -0.877    0.251   -2.915   -1.863    1.005  
   0.533    2.439    1.571   -0.036   -2.826  
  -2.046    0.981    0.505    2.208    0.690  
   2.116   -3.050   -2.117    0.854    1.139  
   2.669    2.524   -0.204   -3.014   -2.561  
   0.994    0.589    2.736   -1.013   -0.109  
  -2.938   -1.961    1.115    0.590    2.211  
   1.047   -0.356   -2.408   -1.952    1.217  
   0.570    3.042   -1.265    1.396    2.841  
  -2.386   -2.884   -0.085   -2.702   -2.043  
   0.453   -3.045   -1.954   -2.626    0.604  
   2.622   -0.708   -0.006    3.081    3.113  
  -3.117    1.009    2.712   -0.591    1.260  
   2.938   -1.803   -2.897   -2.475   -2.869  
   1.624    1.426    2.877   -1.908    2.581  
   2.995   -2.540   -0.779   -1.306   -3.001  
  -2.611    3.141   -2.918    3.133    0.455  
   0.565   -2.860   -1.556   -2.393    0.569  
   2.860   -0.672    2.120   -3.114   -2.482  
   3.050    0.639    3.072   -2.920   -3.045  
  -2.893   -2.236   -2.935   -0.257    2.921  
   2.608   -0.775   -2.364   -1.701   -3.114  
   0.527    2.832   -0.525    1.565    2.974  
  -2.225    2.970    0.711    2.834   -1.011  
   0.062   -2.719   -1.971    2.895    0.603  
   2.212    1.212   -1.728   -2.468   -1.580  
  -3.032    0.049    2.611    0.611   -2.004  
  -2.892   -2.875   -3.068    0.373    2.961  
  -2.508    2.458    2.994   -1.784   -3.036  
   0.325   -2.927   -1.541    1.351    2.655  
  -2.587    3.033    0.674    2.743   -0.768  
  -0.741   -2.319   -1.546   -2.950    0.164  
   3.059   -3.020    0.153   -2.820   -1.611  
  -2.791    0.390   -3.115   -1.425    2.521  
  -2.888   -1.757    2.915    0.209    2.897  
  -0.485   -1.883   -2.593   -2.069    2.982  
   0.529    3.123   -1.582   -1.403   -2.587  
  -2.956    3.111    1.163    2.377    0.614  
  -0.533   -2.688   -2.472    3.140    0.992  
  -3.106   -1.954   -0.030   -2.691   -1.417  
  -2.666   -2.814   -2.733    2.938   -1.481  
  -2.448   -1.987    3.042   -3.019    3.084  
   2.456    0.955    2.211   -2.856    2.857  
  -2.914   -3.066   -0.448    1.377    3.056  
  -1.235   -2.899    2.989   -2.919   -3.113  
   1.654    3.058   -1.428    3.029   -2.971  
  -2.483   -1.714   -0.082    2.906   -2.671  
   2.985   -3.019   -2.777    3.037   -1.989  
  -2.520   -1.520   -2.648   -2.536    3.139  
  -0.344    1.990    2.526   -2.971    1.196  
  -2.852   -2.363   -2.367    1.101   -2.824  
  -1.461    0.832    0.614    2.603    0.186  
  -0.895   -2.516   -1.567    1.178    0.373  
   2.681    0.460   -1.554   -2.584   -1.812  
   0.859    0.658    2.299    1.697   -1.313  
  -2.162   -1.653    1.295    0.086    2.626  
   1.500   -0.009    2.858   -2.698    0.938  
   0.086    3.102   -0.966    2.447    2.708  
   2.732    1.079    0.162    3.074   -2.781  
   1.778    2.997   -2.052    1.127    0.547  
   2.500    0.095   -1.970   -2.179   -1.725  
   1.238    0.503    2.066    0.676   -2.283  
  -2.979   -2.720    0.919    0.970    2.364  
   0.507   -0.340   -2.648   -1.676    1.356  
   0.442    2.933    2.809   -2.666   -2.747  
  -1.821    1.124    0.539    2.449    1.075  
  -0.155   -2.547   -1.409    1.168    0.117  
   2.378    1.032    1.548    2.951   -1.628  
   1.200    0.333    2.683   -0.289   -2.182  
  -2.616   -1.545    0.886   -2.936    2.925  
   0.918   -1.434   -2.405   -1.317    1.318  
  -2.212    3.140    2.213   -0.378   -2.831  
  -1.698    0.663    2.835    2.893    0.782  
   0.315   -2.986   -1.495    1.047   -2.560  
  -2.643   -2.427   -2.829   -3.044   -1.918  
  -0.976   -2.582   -2.850    2.716   -1.394  
  -2.979   -2.865   -1.115    2.666    2.663  
   1.138   -1.334   -2.528   -1.850   -0.997  
  -2.955   -2.912   -0.280   -1.721   -2.352  
  -1.519   -1.073    3.116   -2.543   -2.323  
   1.409   -3.103   -1.335   -1.077   -2.890  
   2.849    1.334    0.137    2.825   -2.551  
  -1.341   -2.474   -2.453   -2.120    1.513  
   3.058   -1.306   -3.021    2.952   -2.812  
  -2.380   -0.891   -2.406   -1.361    0.875  
  -2.449   -2.117   -2.249   -0.038   -3.125  
  -2.447    0.976   -2.553    2.921    1.309  
   2.160    2.955   -1.959    1.165   -2.994  
   3.009   -0.526    0.591    2.390   -2.337  
   1.219   -2.580   -2.365   -2.738    1.281  
   2.406   -3.035    0.859   -2.993    3.103  
   1.220   -0.105   -2.541   -1.781    1.070  
  -3.127    2.848    1.134    1.500    3.033  
  -1.539    1.082   -2.645   -2.467   -2.872  
  -1.398   -2.810   -2.910    0.901    1.656  
   2.942   -0.662    0.052   -2.791   -2.221  
   1.121    2.263   -2.875   -1.698   -0.937  
  -2.197   -2.124    1.271    0.728   -3.073  
  -2.277   -0.337    3.088   -3.102    1.106  
   0.476    2.392    1.183   -0.399   -2.587  
  -1.709    1.375    0.831    2.222    0.606  
  -1.249   -2.165   -1.318   -0.960    2.936  
  -2.787   -1.347    1.734    2.679   -2.203  
  -3.058   -2.667   -2.921    0.127    1.943  
   2.855   -2.111    2.850   -2.405   -3.011  
   0.238   -0.601   -2.335   -1.206   -2.661  
  -2.449   -2.843    2.242    1.358    2.835  
  -1.996    2.932    3.124   -2.741   -2.600  
  -1.010   -3.043   -2.643    3.076   -2.948  
  -2.889   -0.384   -1.064   -2.784   -2.811  
   3.063    3.123   -3.096    1.455   -1.792  
  -2.579   -1.817   -0.645   -2.693   -2.549  
  -2.375   -0.043   -2.618   -1.092   -0.814  
  -2.662   -3.086    0.758    1.202    2.704  
  -2.980   -1.234    2.907   -2.932    2.880  
   1.831    2.495   -3.080   -1.333    3.047  
   2.991    1.290   -1.692   -2.662   -2.449  
  -1.111   -3.117   -2.502   -2.707   -1.309  
  -2.762   -2.920   -1.029   -2.723    3.073  
   1.827   -2.293   -2.554   -1.363   -0.797  
  -3.075   -2.560   -2.072    1.861    2.924  
  -2.166   -1.185   -2.469   -3.062    1.293  
   0.238    3.008   -2.458   -2.423    2.613  
  -2.471   -1.903   -0.004    2.804   -2.634  
   2.941   -2.976   -2.569   -2.550   -2.110  
  -3.067   -2.996    2.544    2.783   -3.092  
  -0.356    1.969    2.895   -1.601   -3.122  
  -2.096   -2.476   -1.057    2.843    2.799  
  -2.393    2.644   -2.481   -2.756    2.181  
  -0.055   -2.974   -1.819   -2.795   -3.070  
   3.118    1.591    3.003   -2.981   -1.619  
  -1.109   -2.708   -2.868   -0.673   -0.019  
  -3.044   -2.151   -0.937   -3.046    2.900  
   0.565   -0.473   -2.685   -1.510   -0.802  
  -2.853    3.109    0.191   -0.024    2.624  
   2.853   -1.170   -2.830   -2.997    1.321  
  -2.184    2.985   -2.219   -0.978   -2.457  
  -2.705   -2.542   -0.681   -2.483   -1.406  
  -1.332   -2.520   -2.319   -2.231   -0.393  
  -2.818   -1.976   -0.985   -2.692   -2.591  
  -3.131   -2.522   -2.545   -1.317   -0.776  
  -2.926   -2.654    3.003   -1.533   -2.402  
  -1.449   -0.857   -2.731    2.965    0.582  
   0.278   -3.040   -1.599   -0.684    3.084  
   2.828    0.315    0.323    2.437   -3.063  
  -1.183    3.005    3.128    0.486   -0.952  
  -2.332   -1.411   -0.823   -2.855   -2.333  
  -1.901    1.791    2.594   -2.669   -1.156  
   3.070    3.049    1.540    0.966    3.095  
  -1.500   -1.051   -2.576   -2.752   -0.433  
   0.477    2.980   -1.930   -0.836   -3.020  
  -2.594   -1.942   -0.126    3.041   -2.345  
  -0.902   -2.294   -2.321   -1.418   -0.896  
  -2.926   -2.625   -0.515   -2.412    3.076  
   0.055    1.449    2.700   -2.496   -0.849  
  -2.813   -2.427   -2.415    2.017    2.439  
   3.138   -1.232    3.053    2.745    0.773  
   0.236   -2.984   -1.405    2.446   -2.949  
  -2.648   -2.343   -2.322   -2.677   -1.802  
   1.027    2.624   -2.845   -2.140    1.325  
   2.486   -2.834    0.996   -2.913   -2.604  
  -1.506    0.371   -2.925   -1.127    1.419  
  -2.438   -2.747   -2.661    0.320    3.126  
  -1.197    1.359   -2.496   -2.833   -0.634  
  -1.462   -2.289   -1.469   -0.970   -2.640  
  -2.536   -2.776    0.775    3.034   -2.114  
  -1.082   -2.330   -2.240   -2.430    0.821  
  -3.111   -1.625   -0.723   -2.585   -2.377  
  -1.819    0.286    2.751   -2.605   -1.106  
   3.032   -2.646   -2.816   -0.952   -2.907  
  -3.001   -1.293   -2.817    3.105    0.891  
   0.130    2.972   -2.790   -1.216    3.092  
  -2.774   -2.682   -1.655   -2.551   -1.449  
  -0.731   -2.950    3.105    1.976    1.547  
   3.070   -1.313   -0.661   -3.059   -3.077  
  -0.716    0.166   -2.992   -1.574   -0.706  
   3.006   -2.407   -1.629   -0.209   -2.554  
  -1.115   -2.396   -2.720   -3.136    0.984  
  -0.417   -2.723   -1.326   -2.756   -2.743  
  -2.793   -0.650    2.383   -3.025   -1.416  
   2.763    2.978   -2.650   -1.947   -1.709  
  -2.741   -2.424    3.074    3.081   -2.660  
  -1.448    0.065    2.556    2.940   -3.131  
   2.869   -2.726   -2.654   -1.891   -2.292  
  -1.382   -2.873    3.027   -3.017    0.222  
   1.220    2.748   -2.110    3.050    3.069  
   2.840    1.426   -1.782   -2.482   -1.368  
  -3.034   -2.879   -2.879    1.685   -0.265  
  -3.032   -1.725   -2.764   -2.746   -2.403  
  -1.823   -1.187   -3.002   -2.573   -3.011  
  -2.916   -3.116    1.578    1.644    2.801  
  -2.250   -0.888   -2.884    2.918    0.937  
   0.138   -2.640   -1.324   -0.978   -2.695  
  -2.927   -1.034    0.182    2.856   -2.738  
  -0.937   -2.937    3.135    1.044    1.711  
  -3.138   -1.216   -1.000   -2.853   -3.114  
  -0.025    2.937   -2.978   -1.441   -2.427  
  -3.051    2.822    1.293   -1.805   -2.508  
  -1.346    2.987   -2.510    2.991    1.239  
  -0.917   -2.493   -1.867    2.988   -2.366  
  -2.326   -0.916   -1.809   -2.880   -2.429  
  -1.066   -2.647   -2.456   -2.707    2.547  
  -2.655   -1.289   -1.009   -2.905   -2.536  
  -2.509    2.121    2.898   -1.562   -0.811  
  -3.003   -2.834   -0.970    2.042    2.751  
  -2.240   -0.847   -2.263   -3.073    1.752  
   0.305    3.119   -2.541   -0.820    1.242  
   2.367    1.464   -0.670   -2.387   -1.967  
  -1.038   -0.006   -2.992   -2.317   -0.528  
  -2.796   -2.569   -1.140    0.191    2.970  
  -0.499   -1.748   -3.003   -3.104   -1.337  
   0.748    2.778    2.475    2.490    2.717  
  -3.127   -0.940    0.733    2.829   -2.840  
   1.428    3.029   -2.017   -0.565    0.803  
  -3.004   -2.168    2.662    2.906   -2.889  
  -0.987   -0.151    2.887   -0.111    1.163  
   2.425    3.069   -1.123    0.554    2.469  
   1.888   -2.147   -2.551   -1.578   -0.824  
   0.455   -3.042   -1.177   -1.333   -2.074  
  -1.631   -0.850    0.543    2.797   -1.908  
  -1.461   -2.515   -2.425   -1.195    0.526  
   2.633   -0.560   -0.070   -2.427   -1.365  
  -0.516    0.373    2.991   -2.879    2.904  
  -2.689   -2.310   -0.727    0.323    2.349  
   0.713    2.228    2.888   -2.647   -1.122  
   0.568    2.723   -0.066    1.677    3.089  
  -1.659   -1.299    0.163    2.938   -0.735  
   0.257   -3.062   -2.785   -0.740    0.841  
   2.206    1.735    2.995   -2.656   -1.472  
  -0.560    0.523    2.846   -0.481    0.339  
  -2.999   -2.290   -0.847    0.640    2.944  
  -1.006   -0.011   -3.113   -2.134   -0.920  
   0.593    2.266    1.407    1.591   -3.062  
  -1.440   -0.647    0.269    2.672   -0.587  
   1.763    3.049   -1.865   -1.016    0.248  
   2.271    1.168    1.061    2.952   -1.757  
  -0.974    0.631    2.185    1.094   -1.420  
  -2.847   -2.840   -0.910    0.851    2.219  
   1.500    0.255   -2.970   -1.781   -1.022  
   0.228    2.575    1.665    1.878   -3.074  
  -1.317   -0.660   -0.022   -2.726   -1.303  
   2.425   -2.909   -1.923    0.957    1.004  
   3.020   -0.919    1.899   -3.123   -1.893  
   1.005    0.490    3.081   -1.851    2.133  
   3.061   -2.040    1.148    1.076    2.489  
   0.163   -0.548   -2.399   -1.646    1.420  
   0.278    2.778   -0.621    1.279    2.671  
  -2.660    0.901    0.487    2.689   -0.470  
   1.446    3.050   -1.586    1.204    0.638  
   2.984    2.531    0.821    2.992   -1.627  
   1.150   -0.074    2.477    1.378   -0.121  
   2.773   -2.915    0.745    0.104   -2.780  
  -2.414   -0.564   -2.428   -1.772   -2.833  
   0.490    2.371    1.150   -1.598   -2.333  
  -1.769   -2.891    0.316    3.056   -0.926  
   1.854   -2.854   -1.891   -2.568    0.749  
  -3.065   -1.464   -1.841   -2.744   -1.790  
   3.097    0.055    2.759    1.888   -0.423  
  -2.477   -1.405   -2.629    0.271    2.357  
   0.886    1.064   -2.974   -1.377   -1.968  
   0.438    3.130    3.025   -2.178   -2.657  
  -1.596    2.941   -2.790   -2.606   -2.145  
  -1.562   -2.472   -1.459   -2.546   -2.860  
  -3.026    0.093   -1.945   -2.165   -1.270  
   2.891   -2.912   -2.659   -2.096   -1.235  
  -2.458   -1.369   -3.119   -2.875   -2.652  
  -0.963    0.617   -3.107   -1.233   -2.724  
   2.923   -2.998   -0.479   -0.516   -2.567  
  -1.639    0.784   -3.028    2.827    1.143  
  -1.631   -2.152   -1.669    0.869   -2.749  
   2.991    0.711    0.098    2.721   -2.806  
   0.624    3.023    2.971   -0.329    1.419  
   2.674   -1.869    1.148    3.081    3.088  
   2.149   -0.147   -2.650   -1.591    1.154  
  -3.092    3.103    1.709   -1.301   -2.500  
  -2.132    3.141   -2.935    3.066    0.156  
  -0.702   -2.460   -1.832    2.982   -3.106  
  -3.041   -0.355    1.243    2.752   -2.133  
  -3.132    2.870   -3.020    2.218    0.498  
  -3.005   -1.443   -2.991   -2.954   -3.036  
   2.317    0.051    2.874   -2.989    0.679  
  -2.604   -2.972    1.261   -1.561   -2.968  
  -3.038    1.129   -3.100    3.087    1.232  
   1.453    2.308    3.067    0.850   -2.926  
  -2.642   -1.428   -1.220   -2.529   -1.602  
   1.290   -3.005    3.089   -0.080    0.210  
  -3.117   -1.671    1.036   -2.520   -2.492  
  -1.598    3.005   -2.742   -1.290   -0.648  
  -3.108   -2.900   -0.731    1.396    2.771  
  -1.411   -0.839   -2.866    3.084    2.157  
   1.561    2.939   -1.614   -0.867    0.066  
  -2.870   -2.761   -1.462   -2.531   -1.757  
  -0.751    0.560   -3.126   -2.947    2.064  
  -2.992   -1.734   -0.766    0.101   -2.883  
  -2.504   -0.809   -2.606   -2.082   -0.977  
   0.433    2.939   -2.029    1.287    2.776  
  -2.975   -1.275   -0.213    2.711   -0.250  
  -1.306   -2.284   -1.332   -2.669    0.187  
  -3.084   -2.843   -1.956   -2.312   -1.443  
   3.111   -0.098    2.668    1.367    2.321  
   2.833   -3.017   -3.075    0.394    2.216  
   0.919   -0.396    3.067    2.835    2.800  
   0.719    3.117   -1.747   -0.526   -2.490  
  -1.566   -2.983    0.117    2.410    0.268  
  -0.158   -2.684   -1.553   -3.028   -2.577  
  -2.604   -1.379    2.393   -2.758   -1.371  
  -3.056    2.950    2.984   -0.262   -1.897  
  -2.769   -2.832    3.022    2.698   -3.136  
   2.425   -1.117   -2.828   -2.759    2.802  
  -2.587   -2.248   -1.852    0.658   -2.809  
  -2.256    3.089    2.673   -2.754   -1.563  
  -0.211    3.085   -2.974    2.576    3.026  
   2.613    0.492    2.240    2.811   -2.860  
   2.877   -3.032    3.046    0.034    1.990  
   2.592   -2.987   -3.013    2.435   -3.017  
  -0.988   -2.065   -2.395   -1.288    2.919  
  -2.883   -2.442   -2.424    0.119   -3.019  
  -2.069    2.956    1.947   -3.073   -1.943  
  -0.465   -2.833   -1.400   -3.125   -2.361  
  -2.489   -1.636    2.360    2.832   -2.593  
  -2.590   -2.371   -2.481   -0.684   -1.259  
  -2.863   -2.478   -3.094   -2.835   -2.252  
  -2.303    1.405    3.063   -1.093   -2.475  
   3.108   -3.017   -1.130    0.655    2.868  
  -2.685   -3.100    0.175   -3.138   -0.812  
  -0.222   -2.478   -1.741   -2.768   -0.065  
  -2.690   -2.226    0.102   -2.807   -1.770  
  -2.930    0.596    2.992   -2.578    2.701  
  -2.988   -1.782   -2.933    0.390    2.982  
  -1.031   -1.610   -2.344   -1.616   -2.983  
   0.224    2.716   -0.282   -0.860   -2.463  
  -1.945   -2.766    1.464   -3.103   -1.685  
   1.394    3.074   -1.185   -2.798   -0.205  
  -2.915    3.010    1.386   -2.896   -1.333  
  -2.685    0.119    2.785   -0.583   -1.820  
  -2.542   -1.757   -2.622    0.623    3.099  
  -2.813   -0.494   -2.780   -1.775   -2.948  
   0.023    2.472    1.423    1.535    3.102  
  -1.671   -2.758    0.245   -2.731   -2.331  
   1.424    2.985   -2.338   -2.764    1.044  
   2.973    2.994    0.883    2.727   -2.528  
  -3.035    0.662    2.768   -0.639    0.391  
   2.947   -3.062    2.854    0.684   -3.109  
  -2.767    1.362    2.536    3.123   -2.883  
   0.411   -3.054   -2.453   -0.041    3.082  
  -2.266   -2.783    0.610    2.075    1.141  
   2.106   -3.038   -1.796   -2.929    0.636  
   3.046   -1.017   -0.544   -2.433   -1.452  
   2.960    0.233    2.450    2.029    1.235  
   2.995   -2.090    3.141    1.248    2.440  
   0.083    1.540    2.831   -2.636   -2.891  
   1.458    2.670    2.194    2.601    2.930  
  -2.218    2.510   -2.850   -2.438   -0.986  
  -1.082   -2.449   -1.570   -2.918   -2.641  
  -2.706   -2.505    1.515    3.123   -1.694  
  -3.020   -2.887   -2.409   -2.342    1.653  
   3.035   -2.071   -3.133   -2.980   -2.606  
  -1.431    1.933    2.615   -2.942    3.119  
   2.919    2.980    1.682   -0.472   -2.873  
  -1.903   -3.035   -2.686   -2.924    1.807  
  -0.693   -2.540   -2.548    2.933   -2.839  
  -2.857    2.459   -1.569   -2.370   -2.106  
   3.121    1.411    2.831   -2.660    1.954  
   2.906   -2.304    2.868    0.207    3.137  
  -2.298   -0.131   -2.998   -1.498   -2.968  
  -0.114    3.111   -0.423    1.873   -3.035  
  -1.513   -2.646    0.318    2.532    1.162  
   2.553    2.844   -2.654   -2.868    0.653  
   2.258   -0.474    0.088   -2.796   -1.839  
  -2.781    0.629    2.988   -0.848    1.462  
   2.753   -2.463   -1.407    0.865   -2.938  
  -2.738    1.397   -2.930   -1.501   -0.551  
   0.575    3.104   -0.794   -0.524   -2.719  
  -2.066   -1.387    0.303   -3.119   -2.917  
  -1.410   -2.596   -2.178   -0.635   -0.010  
   2.448    0.949    0.134   -3.135   -2.166  
   1.028    0.712    2.541    0.809    1.759  
  -3.050   -1.781    1.079    0.491    2.328  
   0.648    0.031    3.061   -3.009    1.232  
   0.636   -3.053   -2.888   -0.105   -2.697  
  -1.979   -3.019    0.471    3.139   -2.513  
   0.349   -2.783   -2.012   -2.841    0.680  
   3.093   -1.455    0.792    3.004   -1.851  
  -2.915    0.534    2.581   -0.275   -1.521  
  -2.484   -1.727   -2.956   -0.088    2.948  
  -0.365   -0.311   -2.995   -1.723   -2.841  
   0.135    2.399    1.072   -2.126   -2.692  
  -2.443   -3.090    0.926    2.685   -0.692  
  -0.640   -2.842   -2.451   -1.043    0.574  
  -3.078   -1.506   -0.494   -2.593   -1.820  
  -0.832    0.644   -3.111   -1.598    1.583  
  -3.114   -1.672   -0.932    0.098   -2.890  
  -2.117   -2.661   -2.756   -2.393   -1.261  
   0.862   -2.910   -2.832    1.845    2.843  
  -2.092   -0.611    0.950    2.893    2.754  
  -1.817   -2.839   -2.944    3.099    0.823  
   3.140   -2.856    1.040    3.019   -1.651  
  -0.922   -0.003   -2.868   -1.835   -1.413  
  -2.534   -1.874   -0.957    0.257    2.938  
   3.058    0.806   -3.138   -1.417   -0.579  
   0.354    3.013    2.479   -0.668   -2.799  
  -2.136   -0.758    0.590   -3.005   -2.179  
   0.279   -2.721   -1.472    1.322    0.514  
  -2.958   -2.222   -0.299   -2.939   -2.521  
   1.085    0.076    2.402   -0.057   -1.856  
  -2.347   -1.910    1.056    0.803    2.395  
   1.278   -0.054    2.919   -2.984    1.031  
   0.423    2.187   -0.002   -1.475   -2.854  
  -2.765    0.686   -0.163   -2.613   -2.810  
   1.951    2.542   -2.988    1.056    0.640  
   2.752    2.547    1.220    2.615   -2.764  
   0.690    0.487   -2.510   -1.950    1.807  
  -2.900   -1.648    1.550    0.388   -3.140  
  -1.278   -0.941   -2.392   -1.874    1.149  
   0.527    2.825    2.875    1.454    3.019  
  -1.866    1.040    0.629    3.063   -2.892  
   0.254   -3.095   -1.903    1.394    0.447  
   2.413    0.252   -1.622   -2.104   -1.887  
   1.006    0.727    2.865   -0.766    1.184  
   2.703   -2.260   -2.797    0.328    2.607  
  -0.042    2.193    3.060   -2.938   -3.068  
   0.706    2.906    2.681    1.184    3.128  
  -1.686   -2.736    0.261    2.941   -0.792  
  -2.127   -2.846    3.123   -1.115    0.659  
   2.104    0.791    0.714    2.714    2.999  
  -1.034    1.022    3.029   -2.717    0.548  
   2.979   -1.772   -0.618    0.395   -2.903  
  -2.172    1.124   -3.089   -1.765   -0.944  
   1.469    2.871   -0.927   -0.039   -2.841  
  -1.821   -0.877    0.702    2.940   -2.726  
   0.359   -2.933   -1.517   -0.524    0.708  
   2.371    0.857    1.538    2.940   -1.467  
  -0.655    0.301    3.066   -1.851   -2.066  
  -2.627   -2.142   -0.608    1.283    2.236  
   0.751   -2.322   -2.720   -1.925   -1.136  
   0.092    2.519    1.320   -1.962   -2.439  
  -1.906   -0.687    0.410   -3.042   -1.703  
  -0.957   -2.350   -1.954    0.702    0.340  
   3.123   -0.829    0.051   -2.798   -1.365  
   1.415    0.212   -2.985   -1.705   -2.343  
  -2.583   -2.126    0.965    0.039   -2.793  
  -1.373   -0.126    3.013   -2.848    0.967  
   0.844    2.938   -0.874   -1.877   -2.508  
  -2.115    1.195    0.225   -3.135   -0.771  
  -1.424   -2.375   -1.630    1.227   -0.016  
   2.926   -0.916   -0.435   -2.597   -1.697  
   1.074    0.897    2.541   -0.364   -0.099  
   3.040   -3.011   -1.617   -0.485   -2.744  
  -1.369    1.772    2.847   -2.765   -1.027  
   0.673    2.865    2.688   -2.343   -2.688  
  -2.178   -1.071    0.509    3.068   -2.840  
   2.515   -3.031   -1.687   -0.945    0.505  
   2.744    1.898    1.465    3.080   -1.319  
  -0.804   -0.025    2.815    2.383    2.242  
   2.772   -2.950   -1.032    0.284    2.466  
   0.029   -0.970   -2.041   -1.773   -0.743  
   0.482    2.509    0.308    0.416   -3.004  
  -1.541   -1.157   -0.237    3.134   -0.464  
   1.115    3.012   -1.062   -0.272   -0.161  
   2.731    1.080    2.548   -3.059   -2.023  
  -1.038    1.397    2.730    3.011   -1.871  
  -2.891   -2.421   -1.170    0.622    2.747  
  -0.937    0.493    2.833   -2.591   -0.957  
   0.430    2.297    1.142   -1.217   -2.530  
  -2.961   -1.260    0.228    2.383    1.606  
   0.571   -2.985   -2.213   -0.902    0.574  
   2.835   -0.161    2.259    3.003   -2.268  
  -0.767    0.816    2.359    0.955   -1.754  
  -2.598   -1.568   -0.734   -0.063   -2.869  
  -1.597    0.276   -2.888   -1.527   -0.833  
   0.200    2.764    2.301   -1.260   -2.121  
  -1.558   -0.918    0.252   -3.052   -2.071  
   0.289    3.006   -2.428    0.865    0.380  
   2.262    0.736   -1.795   -2.421   -1.705  
   0.887    1.095   -3.061   -2.899   -1.693  
  -2.508   -1.864   -2.839    0.133    3.067  
   2.005   -0.411    2.993   -3.008   -3.083  
   0.092    2.393    1.005   -1.459   -2.611  
  -2.615    3.065    0.377    2.761   -0.284  
  -2.092   -2.533   -1.710   -2.768    0.394  
   2.982    1.952   -1.302   -2.559   -2.324  
   2.931    0.856    2.623    1.267    0.843  
  -3.081   -1.458   -2.480    0.545    2.484  
   0.701   -0.397   -2.887   -2.145   -1.167  
   0.181   -2.937   -3.071    2.099   -3.005  
  -1.402   -0.561    0.181   -2.835   -2.746  
  -1.142   -2.668   -2.524   -1.398    0.572  
  -2.758   -1.994   -0.272   -2.776   -2.105  
  -0.720    0.966    2.553   -0.041   -1.003  
  -2.396   -2.366   -2.814    0.785    2.852  
  -2.735    1.708   -3.105   -1.259    3.037  
  -0.147   -2.885   -2.015    0.239    2.953  
  -2.569   -1.019    0.829    2.316    0.857  
   0.047    3.107   -1.701   -0.843    0.030  
   2.939   -0.765   -1.486   -2.620   -2.157  
  -0.918    1.032   -3.137   -2.434    0.751  
  -2.952   -1.786   -0.725    0.646    2.279  
   1.867   -1.919   -2.622   -1.358   -0.643  
   0.098    2.891    2.779    1.866    2.538  
  -2.399   -0.825   -3.116   -2.949   -0.928  
   1.100    2.375   -2.705   -0.919   -2.472  
  -3.140    1.152    1.363    3.018   -1.910  
  -0.779    0.661    2.990   -1.271   -2.419  
  -2.755   -2.004   -1.013    0.669    2.702  
   2.045    1.271    2.715   -2.922   -1.034  
  -0.492    2.522    1.409   -1.325   -2.604  
  -1.636   -0.855    0.128   -3.093   -1.352  
   2.853    2.484    2.929   -0.925    0.514  
   3.044   -1.260   -0.410   -2.812   -2.043  
  -0.799    0.679    2.177    1.381   -1.433  
  -2.749   -1.855   -0.930    0.281   -2.960  
  -0.995   -1.442   -2.633   -1.796   -0.580  
   0.381    2.356    1.042    1.803    2.843  
  -2.379   -0.718    0.583    2.821    2.919  
  -0.894   -2.862   -2.760   -3.114    0.224  
   2.658    1.969    2.334   -3.002   -1.397  
  -0.630    0.115    2.669    0.067    0.496  
   3.013   -1.584    1.304    0.187    2.535  
   1.344    1.962    3.036   -2.109    0.809  
   0.387    2.995   -2.259    1.106    2.879  
  -2.456    0.988    0.632    2.617    1.301  
  -0.748   -2.895   -2.741    1.142    0.435  
   2.538    0.195    0.966    2.660   -2.684  
   1.440    0.487    2.276    1.619   -1.715  
  -2.424   -1.388    1.687    0.181   -2.703  
  -2.369   -1.386   -2.392   -1.519    0.986  
   0.354    2.911   -0.729    1.402    2.196  
   3.138    0.947   -0.130   -3.058   -1.759  
   0.259    3.010   -1.905    0.915    0.178  
   2.378    1.616   -1.656   -2.772   -2.866  
   0.942   -0.885    2.620    0.438   -1.994  
  -2.396   -2.035    0.879    0.255    2.706  
   0.127   -1.226   -2.445   -2.035    2.885  
   0.229    2.812   -0.474    1.603    2.960  
  -1.996    3.016    0.559    3.110   -1.432  
  -3.005   -2.689   -2.158   -2.603    0.858  
   2.840    2.772    1.007    2.686   -1.981  
   1.036   -0.444   -3.097   -0.421   -0.039  
  -2.491   -1.429    0.687    0.352    2.589  
  -0.201    1.669    3.047   -1.160    1.263  
   0.247   -3.106   -1.010   -1.610   -2.244  
  -1.538    1.053    0.307    2.505    0.720  
  -1.289   -2.355   -1.243    1.546    0.207  
  -2.917   -2.665    3.137    2.766    2.878  
   1.175    3.064   -2.906   -0.984   -2.142  
  -2.568   -1.224    1.178   -2.513   -2.282  
  -1.941    1.858   -2.926   -1.409    1.173  
  -3.008   -2.983   -0.247   -2.920    2.904  
  -2.715    1.174   -2.981   -2.861    2.860  
  -0.978   -2.731   -3.023    0.809   -3.008  
  -2.134   -2.805    0.031    2.941   -2.625  
  -2.877   -3.024   -2.357   -2.016    2.149  
   3.082   -1.299   -3.019   -2.732    3.097  
   1.022    1.054    3.018   -1.305    2.151  
  -2.024   -2.655    0.040    0.104    2.721  
  -3.030    0.568   -3.023   -2.661    2.824  
   0.207    3.093   -2.017    1.028   -2.922  
   3.140    1.503   -2.310   -2.680   -1.230  
   1.571   -2.801    2.977    0.823    3.011  
  -2.942   -1.815    0.914   -2.733   -2.920  
  -0.493    0.551    2.748   -2.866    0.985  
   2.706    3.017    0.078    1.660   -3.087  
  -2.026    0.822    0.723    2.955   -2.965  
  -1.633   -2.732   -2.418    1.108    0.205  
   2.743   -0.504   -2.126   -2.798   -2.712  
   0.728    0.790    2.850   -2.920   -0.313  
  -2.234   -1.394    1.082    0.197   -3.015  
  -0.828    2.432   -2.890   -1.450    0.971  
   0.052    2.494    0.983   -2.838   -2.915  
  -2.398    1.180   -0.025   -2.961   -2.625  
  -1.476   -2.234   -1.733    1.072    0.638  
   3.029   -2.777    0.763    2.592   -2.850  
   1.017    0.782    2.453    0.365   -0.723  
  -3.016   -2.503    1.155    0.116    2.970  
  -2.550    2.084   -2.837   -1.790    1.297  
   0.345    2.869   -0.783    1.696   -3.044  
  -1.980    1.121    1.277    2.830   -0.613  
  -2.830   -2.946   -2.502    1.234    0.580  
   2.409    0.198    2.735    3.116   -2.518  
  -1.097   -2.721   -2.663    2.627    1.265  
   2.433   -2.378   -1.144    2.725    2.668  
   1.057   -2.068   -2.311   -1.367   -0.706  
  -2.702   -2.600   -2.114   -0.061   -2.722  
  -1.606   -1.021   -2.747   -2.863    2.714  
   1.128    2.588   -2.631    0.968   -2.953  
  -3.021   -0.724    0.339    3.133   -1.694  
  -3.115   -2.874   -2.351   -1.452   -1.350  
  -3.029   -2.847   -3.134   -2.487    3.086  
   0.988    1.185    2.496    3.040    2.657  
   2.798    2.989    1.342   -1.896   -2.377  
  -1.619   -3.104   -2.780   -2.656   -1.110  
  -1.183   -2.326   -1.296   -2.727   -2.805  
   3.052    1.146   -3.009   -3.111   -1.845  
   3.061   -2.720   -2.682   -0.700   -0.320  
   3.082   -2.897   -2.737   -2.829   -2.928  
   1.778   -0.144    3.057   -3.091    0.775  
   2.854   -2.777   -2.106   -0.471   -2.897  
  -3.132    0.611    2.852   -2.866   -2.549  
  -0.430    3.022   -2.840    0.963   -2.548  
  -2.501   -2.457    1.891    2.929   -1.459  
   1.294   -2.547   -2.592   -2.940   -2.956  
  -2.824   -1.531    1.131    0.112    2.900  
   2.643   -2.334   -3.087   -2.993    0.904  
   0.835    2.955   -0.418   -0.196   -2.752  
  -2.223    0.627    0.336    2.752    2.613  
   1.747    2.823   -2.657    1.055    0.349  
  -3.138   -2.637  
