The variance-covarucance matrix = 
   0.393   -0.018   -0.001    0.003   -0.019    0.015    0.016    0.005   -0.002    0.005    0.003   -0.001    0.006    0.003 
  -0.018    0.546   -0.035    0.206    0.011   -0.004    0.024   -0.003    0.016    0.008   -0.001    0.006    0.007   -0.013 
  -0.001   -0.035    0.012   -0.018    0.007   -0.002   -0.002    0.002    0.003   -0.000    0.000   -0.000   -0.002   -0.002 
   0.003    0.206   -0.018    0.146   -0.086    0.065    0.011   -0.003   -0.026   -0.002    0.001   -0.005    0.007    0.004 
  -0.019    0.011    0.007   -0.086    0.209   -0.127   -0.005   -0.008   -0.045   -0.059   -0.004   -0.025   -0.002   -0.014 
   0.015   -0.004   -0.002    0.065   -0.127    0.112    0.005    0.002   -0.003    0.031    0.001    0.008    0.003    0.012 
   0.016    0.024   -0.002    0.011   -0.005    0.005    0.466   -0.004    0.047    0.023    0.006    0.017   -0.000   -0.002 
   0.005   -0.003    0.002   -0.003   -0.008    0.002   -0.004    0.518    0.046    0.015    0.004    0.009    0.014   -0.022 
  -0.002    0.016    0.003   -0.026   -0.045   -0.003    0.047    0.046    0.761    0.234    0.008    0.223    0.039   -0.007 
   0.005    0.008   -0.000   -0.002   -0.059    0.031    0.023    0.015    0.234    0.203   -0.002    0.115    0.020    0.005 
   0.003   -0.001    0.000    0.001   -0.004    0.001    0.006    0.004    0.008   -0.002    0.014   -0.002   -0.005   -0.004 
  -0.001    0.006   -0.000   -0.005   -0.025    0.008    0.017    0.009    0.223    0.115   -0.002    0.182    0.128    0.175 
   0.006    0.007   -0.002    0.007   -0.002    0.003   -0.000    0.014    0.039    0.020   -0.005    0.128    0.480    0.039 
   0.003   -0.013   -0.002    0.004   -0.014    0.012   -0.002   -0.022   -0.007    0.005   -0.004    0.175    0.039    0.517 
The presicion matrix =
   2.577    0.090    0.407    0.046    0.043   -0.269   -0.084   -0.022   -0.057   -0.181   -0.497    0.461   -0.134   -0.152 
   0.090    9.092    2.773  -18.260   -5.813    5.009    0.025   -0.067   -0.369   -2.635    0.537    0.096    0.213    0.072 
   0.407    2.773  109.798   11.353   -6.409  -12.229    0.240   -0.231   -0.911    1.319   -1.512   -0.298    0.399    0.463 
   0.046  -18.260   11.353   49.108   13.400  -15.472   -0.271    0.165    0.839    7.071   -1.220   -0.894   -0.424    0.204 
   0.043   -5.813   -6.409   13.400   21.048   14.882   -0.287    0.122    1.091    3.607    2.738   -0.981   -0.152    0.284 
  -0.269    5.009  -12.229  -15.472   14.882   35.701   -0.197   -0.013    0.955   -3.663    2.464    2.235   -0.508   -0.901 
  -0.084    0.025    0.240   -0.271   -0.287   -0.197    2.186    0.031   -0.070   -0.160   -0.867   -0.139    0.042    0.047 
  -0.022   -0.067   -0.231    0.165    0.122   -0.013    0.031    1.953   -0.088    0.022   -0.465   -0.047   -0.052    0.098 
  -0.057   -0.369   -0.911    0.839    1.091    0.955   -0.070   -0.088    3.862    0.728   -1.553   -9.230    1.834    2.994 
  -0.181   -2.635    1.319    7.071    3.607   -3.663   -0.160    0.022    0.728   15.267    2.646  -17.366    3.468    5.552 
  -0.497    0.537   -1.512   -1.220    2.738    2.464   -0.867   -0.465   -1.553    2.646   74.319    0.420    0.652    0.334 
   0.461    0.096   -0.298   -0.894   -0.981    2.235   -0.139   -0.047   -9.230  -17.366    0.420   50.882  -10.705  -16.394 
  -0.134    0.213    0.399   -0.424   -0.152   -0.508    0.042   -0.052    1.834    3.468    0.652  -10.705    4.379    3.294 
  -0.152    0.072    0.463    0.204    0.284   -0.901    0.047    0.098    2.994    5.552    0.334  -16.394    3.294    7.243 
The inverse matrix of the presicion matrix =
   0.393   -0.018   -0.001    0.003   -0.019    0.015    0.016    0.005   -0.002    0.005    0.003   -0.001    0.006    0.003 
  -0.018    0.546   -0.035    0.206    0.011   -0.004    0.024   -0.003    0.016    0.008   -0.001    0.006    0.007   -0.013 
  -0.001   -0.035    0.012   -0.018    0.007   -0.002   -0.002    0.002    0.003   -0.000    0.000   -0.000   -0.002   -0.002 
   0.003    0.206   -0.018    0.146   -0.086    0.065    0.011   -0.003   -0.026   -0.002    0.001   -0.005    0.007    0.004 
  -0.019    0.011    0.007   -0.086    0.209   -0.127   -0.005   -0.008   -0.045   -0.059   -0.004   -0.025   -0.002   -0.014 
   0.015   -0.004   -0.002    0.065   -0.127    0.112    0.005    0.002   -0.003    0.031    0.001    0.008    0.003    0.012 
   0.016    0.024   -0.002    0.011   -0.005    0.005    0.466   -0.004    0.047    0.023    0.006    0.017   -0.000   -0.002 
   0.005   -0.003    0.002   -0.003   -0.008    0.002   -0.004    0.518    0.046    0.015    0.004    0.009    0.014   -0.022 
  -0.002    0.016    0.003   -0.026   -0.045   -0.003    0.047    0.046    0.761    0.234    0.008    0.223    0.039   -0.007 
   0.005    0.008   -0.000   -0.002   -0.059    0.031    0.023    0.015    0.234    0.203   -0.002    0.115    0.020    0.005 
   0.003   -0.001    0.000    0.001   -0.004    0.001    0.006    0.004    0.008   -0.002    0.014   -0.002   -0.005   -0.004 
  -0.001    0.006   -0.000   -0.005   -0.025    0.008    0.017    0.009    0.223    0.115   -0.002    0.182    0.128    0.175 
   0.006    0.007   -0.002    0.007   -0.002    0.003   -0.000    0.014    0.039    0.020   -0.005    0.128    0.480    0.039 
   0.003   -0.013   -0.002    0.004   -0.014    0.012   -0.002   -0.022   -0.007    0.005   -0.004    0.175    0.039    0.517 
The Sparse structure of the time series is (the non-zero value of the matrix)
  1 -   2
  1 -   3
  1 -   4
  1 -   5
  1 -   6
  1 -   7
  1 -   8
  1 -   9
  1 -  10
  1 -  11
  1 -  12
  1 -  13
  1 -  14
  2 -   3
  2 -   4
  2 -   5
  2 -   6
  2 -   7
  2 -   8
  2 -   9
  2 -  10
  2 -  11
  2 -  12
  2 -  13
  2 -  14
  3 -   4
  3 -   5
  3 -   6
  3 -   7
  3 -   8
  3 -   9
  3 -  10
  3 -  11
  3 -  12
  3 -  13
  3 -  14
  4 -   5
  4 -   6
  4 -   7
  4 -   8
  4 -   9
  4 -  10
  4 -  11
  4 -  12
  4 -  13
  4 -  14
  5 -   6
  5 -   7
  5 -   8
  5 -   9
  5 -  10
  5 -  11
  5 -  12
  5 -  13
  5 -  14
  6 -   7
  6 -   8
  6 -   9
  6 -  10
  6 -  11
  6 -  12
  6 -  13
  6 -  14
  7 -   8
  7 -   9
  7 -  10
  7 -  11
  7 -  12
  7 -  13
  7 -  14
  8 -   9
  8 -  10
  8 -  11
  8 -  12
  8 -  13
  8 -  14
  9 -  10
  9 -  11
  9 -  12
  9 -  13
  9 -  14
 10 -  11
 10 -  12
 10 -  13
 10 -  14
 11 -  12
 11 -  13
 11 -  14
 12 -  13
 12 -  14
 13 -  14
