The variance-covarucance matrix = 
   0.393   -0.018   -0.001    0.003   -0.019    0.015    0.016    0.005   -0.002    0.005    0.003   -0.001    0.006    0.003 
  -0.018    0.546   -0.035    0.206    0.011   -0.004    0.024   -0.003    0.016    0.008   -0.001    0.006    0.007   -0.013 
  -0.001   -0.035    0.012   -0.018    0.007   -0.002   -0.002    0.002    0.003   -0.000    0.000   -0.000   -0.002   -0.002 
   0.003    0.206   -0.018    0.146   -0.086    0.065    0.011   -0.003   -0.026   -0.002    0.001   -0.005    0.007    0.004 
  -0.019    0.011    0.007   -0.086    0.209   -0.127   -0.005   -0.008   -0.045   -0.059   -0.004   -0.025   -0.002   -0.014 
   0.015   -0.004   -0.002    0.065   -0.127    0.112    0.005    0.002   -0.003    0.031    0.001    0.008    0.003    0.012 
   0.016    0.024   -0.002    0.011   -0.005    0.005    0.466   -0.004    0.047    0.023    0.006    0.017   -0.000   -0.002 
   0.005   -0.003    0.002   -0.003   -0.008    0.002   -0.004    0.518    0.046    0.015    0.004    0.009    0.014   -0.022 
  -0.002    0.016    0.003   -0.026   -0.045   -0.003    0.047    0.046    0.761    0.234    0.008    0.223    0.039   -0.007 
   0.005    0.008   -0.000   -0.002   -0.059    0.031    0.023    0.015    0.234    0.203   -0.002    0.115    0.020    0.005 
   0.003   -0.001    0.000    0.001   -0.004    0.001    0.006    0.004    0.008   -0.002    0.014   -0.002   -0.005   -0.004 
  -0.001    0.006   -0.000   -0.005   -0.025    0.008    0.017    0.009    0.223    0.115   -0.002    0.182    0.128    0.175 
   0.006    0.007   -0.002    0.007   -0.002    0.003   -0.000    0.014    0.039    0.020   -0.005    0.128    0.480    0.039 
   0.003   -0.013   -0.002    0.004   -0.014    0.012   -0.002   -0.022   -0.007    0.005   -0.004    0.175    0.039    0.517 
The presicion matrix =
   2.577    0.091    0.403    0.044    0.043   -0.268   -0.084   -0.022   -0.057   -0.180   -0.495    0.458   -0.133   -0.151 
   0.091    9.087    2.772  -18.248   -5.809    5.005    0.025   -0.067   -0.368   -2.633    0.536    0.095    0.213    0.072 
   0.403    2.772  109.674   11.334   -6.400  -12.208    0.240   -0.231   -0.910    1.317   -1.508   -0.297    0.398    0.462 
   0.044  -18.248   11.334   49.075   13.392  -15.458   -0.271    0.165    0.838    7.064   -1.219   -0.892   -0.425    0.203 
   0.043   -5.809   -6.400   13.392   21.038   14.874   -0.287    0.122    1.090    3.605    2.735   -0.980   -0.152    0.284 
  -0.268    5.005  -12.208  -15.458   14.874   35.681   -0.197   -0.013    0.955   -3.660    2.461    2.233   -0.507   -0.900 
  -0.084    0.025    0.240   -0.271   -0.287   -0.197    2.185    0.031   -0.070   -0.160   -0.866   -0.139    0.042    0.047 
  -0.022   -0.067   -0.231    0.165    0.122   -0.013    0.031    1.953   -0.088    0.022   -0.465   -0.047   -0.052    0.098 
  -0.057   -0.368   -0.910    0.838    1.090    0.955   -0.070   -0.088    3.860    0.726   -1.552   -9.224    1.833    2.992 
  -0.180   -2.633    1.317    7.064    3.605   -3.660   -0.160    0.022    0.726   15.260    2.644  -17.352    3.465    5.548 
  -0.495    0.536   -1.508   -1.219    2.735    2.461   -0.866   -0.465   -1.552    2.644   74.262    0.420    0.651    0.333 
   0.458    0.095   -0.297   -0.892   -0.980    2.233   -0.139   -0.047   -9.224  -17.352    0.420   50.849  -10.697  -16.383 
  -0.133    0.213    0.398   -0.425   -0.152   -0.507    0.042   -0.052    1.833    3.465    0.651  -10.697    4.377    3.291 
  -0.151    0.072    0.462    0.203    0.284   -0.900    0.047    0.098    2.992    5.548    0.333  -16.383    3.291    7.239 
The inverse matrix of the presicion matrix =
   0.393   -0.018   -0.001    0.003   -0.019    0.015    0.016    0.005   -0.002    0.005    0.003   -0.001    0.006    0.003 
  -0.018    0.546   -0.035    0.206    0.011   -0.004    0.024   -0.003    0.016    0.008   -0.001    0.006    0.007   -0.013 
  -0.001   -0.035    0.012   -0.018    0.007   -0.002   -0.002    0.002    0.003   -0.000    0.000   -0.000   -0.002   -0.002 
   0.003    0.206   -0.018    0.146   -0.086    0.065    0.011   -0.003   -0.026   -0.002    0.001   -0.005    0.007    0.004 
  -0.019    0.011    0.007   -0.086    0.209   -0.127   -0.005   -0.008   -0.045   -0.059   -0.004   -0.025   -0.002   -0.014 
   0.015   -0.004   -0.002    0.065   -0.127    0.112    0.005    0.002   -0.003    0.031    0.001    0.008    0.003    0.012 
   0.016    0.024   -0.002    0.011   -0.005    0.005    0.466   -0.004    0.047    0.023    0.006    0.017   -0.000   -0.002 
   0.005   -0.003    0.002   -0.003   -0.008    0.002   -0.004    0.518    0.046    0.015    0.004    0.009    0.014   -0.022 
  -0.002    0.016    0.003   -0.026   -0.045   -0.003    0.047    0.046    0.761    0.234    0.008    0.223    0.039   -0.007 
   0.005    0.008   -0.000   -0.002   -0.059    0.031    0.023    0.015    0.234    0.203   -0.002    0.115    0.020    0.005 
   0.003   -0.001    0.000    0.001   -0.004    0.001    0.006    0.004    0.008   -0.002    0.014   -0.002   -0.005   -0.004 
  -0.001    0.006   -0.000   -0.005   -0.025    0.008    0.017    0.009    0.223    0.115   -0.002    0.182    0.128    0.175 
   0.006    0.007   -0.002    0.007   -0.002    0.003   -0.000    0.014    0.039    0.020   -0.005    0.128    0.480    0.039 
   0.003   -0.013   -0.002    0.004   -0.014    0.012   -0.002   -0.022   -0.007    0.005   -0.004    0.175    0.039    0.517 
The Sparse structure of the time series is (the non-zero value of the matrix)
  1 -   2
  1 -   3
  1 -   4
  1 -   5
  1 -   6
  1 -   7
  1 -   8
  1 -   9
  1 -  10
  1 -  11
  1 -  12
  1 -  13
  1 -  14
  2 -   3
  2 -   4
  2 -   5
  2 -   6
  2 -   7
  2 -   8
  2 -   9
  2 -  10
  2 -  11
  2 -  12
  2 -  13
  2 -  14
  3 -   4
  3 -   5
  3 -   6
  3 -   7
  3 -   8
  3 -   9
  3 -  10
  3 -  11
  3 -  12
  3 -  13
  3 -  14
  4 -   5
  4 -   6
  4 -   7
  4 -   8
  4 -   9
  4 -  10
  4 -  11
  4 -  12
  4 -  13
  4 -  14
  5 -   6
  5 -   7
  5 -   8
  5 -   9
  5 -  10
  5 -  11
  5 -  12
  5 -  13
  5 -  14
  6 -   7
  6 -   8
  6 -   9
  6 -  10
  6 -  11
  6 -  12
  6 -  13
  6 -  14
  7 -   8
  7 -   9
  7 -  10
  7 -  11
  7 -  12
  7 -  13
  7 -  14
  8 -   9
  8 -  10
  8 -  11
  8 -  12
  8 -  13
  8 -  14
  9 -  10
  9 -  11
  9 -  12
  9 -  13
  9 -  14
 10 -  11
 10 -  12
 10 -  13
 10 -  14
 11 -  12
 11 -  13
 11 -  14
 12 -  13
 12 -  14
 13 -  14
