The variance-covarucance matrix = 
   0.393   -0.018   -0.001    0.003   -0.019    0.015    0.016    0.005   -0.002    0.005    0.003   -0.001    0.006    0.003 
  -0.018    0.546   -0.035    0.206    0.011   -0.004    0.024   -0.003    0.016    0.008   -0.001    0.006    0.007   -0.013 
  -0.001   -0.035    0.012   -0.018    0.007   -0.002   -0.002    0.002    0.003   -0.000    0.000   -0.000   -0.002   -0.002 
   0.003    0.206   -0.018    0.146   -0.086    0.065    0.011   -0.003   -0.026   -0.002    0.001   -0.005    0.007    0.004 
  -0.019    0.011    0.007   -0.086    0.209   -0.127   -0.005   -0.008   -0.045   -0.059   -0.004   -0.025   -0.002   -0.014 
   0.015   -0.004   -0.002    0.065   -0.127    0.112    0.005    0.002   -0.003    0.031    0.001    0.008    0.003    0.012 
   0.016    0.024   -0.002    0.011   -0.005    0.005    0.466   -0.004    0.047    0.023    0.006    0.017   -0.000   -0.002 
   0.005   -0.003    0.002   -0.003   -0.008    0.002   -0.004    0.518    0.046    0.015    0.004    0.009    0.014   -0.022 
  -0.002    0.016    0.003   -0.026   -0.045   -0.003    0.047    0.046    0.761    0.234    0.008    0.223    0.039   -0.007 
   0.005    0.008   -0.000   -0.002   -0.059    0.031    0.023    0.015    0.234    0.203   -0.002    0.115    0.020    0.005 
   0.003   -0.001    0.000    0.001   -0.004    0.001    0.006    0.004    0.008   -0.002    0.014   -0.002   -0.005   -0.004 
  -0.001    0.006   -0.000   -0.005   -0.025    0.008    0.017    0.009    0.223    0.115   -0.002    0.182    0.128    0.175 
   0.006    0.007   -0.002    0.007   -0.002    0.003   -0.000    0.014    0.039    0.020   -0.005    0.128    0.480    0.039 
   0.003   -0.013   -0.002    0.004   -0.014    0.012   -0.002   -0.022   -0.007    0.005   -0.004    0.175    0.039    0.517 
The presicion matrix =
   2.486    0.035   -0.000   -0.000    0.103   -0.000   -0.031   -0.000   -0.000   -0.000   -0.000   -0.000   -0.000   -0.000 
   0.035    6.075    1.896  -10.916   -3.465    2.722   -0.014   -0.033   -0.227   -1.332    0.269   -0.214    0.171    0.149 
  -0.000    1.896   51.786    3.706   -2.375   -3.641    0.106   -0.113   -0.398    0.322   -0.312    0.009    0.167    0.166 
  -0.000  -10.916    3.706   29.368    8.298   -8.057   -0.181    0.101    0.541    3.528   -0.494    0.179   -0.407   -0.126 
   0.103   -3.465   -2.375    8.298   14.592   10.040   -0.174    0.087    0.659    2.323    1.196   -0.351   -0.158    0.117 
  -0.000    2.722   -3.641   -8.057   10.040   23.383   -0.123   -0.011    0.745   -1.995    0.836    0.883   -0.224   -0.411 
  -0.031   -0.014    0.106   -0.181   -0.174   -0.123    2.130    0.028   -0.077   -0.131   -0.480   -0.102    0.034    0.035 
  -0.000   -0.033   -0.113    0.101    0.087   -0.011    0.028    1.913   -0.094    0.010   -0.264   -0.027   -0.051    0.090 
  -0.000   -0.227   -0.398    0.541    0.659    0.745   -0.077   -0.094    3.106   -0.379   -0.872   -5.696    1.087    1.829 
  -0.000   -1.332    0.322    3.528    2.323   -1.995   -0.131    0.010   -0.379   11.146    1.376   -9.715    1.865    3.030 
  -0.000    0.269   -0.312   -0.494    1.196    0.836   -0.480   -0.264   -0.872    1.376   42.521    0.302    0.358    0.173 
  -0.000   -0.214    0.009    0.179   -0.351    0.883   -0.102   -0.027   -5.696   -9.715    0.302   30.723   -6.368   -9.720 
  -0.000    0.171    0.167   -0.407   -0.158   -0.224    0.034   -0.051    1.087    1.865    0.358   -6.368    3.394    1.862 
  -0.000    0.149    0.166   -0.126    0.117   -0.411    0.035    0.090    1.829    3.030    0.173   -9.720    1.862    4.996 
The inverse matrix of the presicion matrix =
   0.403   -0.008    0.000    0.001   -0.009    0.005    0.006    0.000    0.002    0.003    0.000    0.001   -0.000    0.001 
  -0.008    0.556   -0.035    0.206    0.011   -0.004    0.025   -0.003    0.016    0.008   -0.001    0.006    0.007   -0.013 
   0.000   -0.035    0.022   -0.018    0.007   -0.002   -0.002    0.002    0.003   -0.000    0.000   -0.000   -0.002   -0.002 
   0.001    0.206   -0.018    0.156   -0.086    0.065    0.011   -0.003   -0.026   -0.002    0.001   -0.005    0.007    0.004 
  -0.009    0.011    0.007   -0.086    0.219   -0.127   -0.004   -0.008   -0.046   -0.059   -0.004   -0.025   -0.001   -0.014 
   0.005   -0.004   -0.002    0.065   -0.127    0.122    0.004    0.002   -0.003    0.031    0.001    0.008    0.003    0.012 
   0.006    0.025   -0.002    0.011   -0.004    0.004    0.476   -0.004    0.047    0.023    0.005    0.017   -0.000   -0.002 
   0.000   -0.003    0.002   -0.003   -0.008    0.002   -0.004    0.528    0.046    0.015    0.004    0.009    0.014   -0.022 
   0.002    0.016    0.003   -0.026   -0.046   -0.003    0.047    0.046    0.771    0.234    0.008    0.223    0.039   -0.007 
   0.003    0.008   -0.000   -0.002   -0.059    0.031    0.023    0.015    0.234    0.213   -0.002    0.115    0.020    0.005 
   0.000   -0.001    0.000    0.001   -0.004    0.001    0.005    0.004    0.008   -0.002    0.024   -0.002   -0.005   -0.004 
   0.001    0.006   -0.000   -0.005   -0.025    0.008    0.017    0.009    0.223    0.115   -0.002    0.192    0.128    0.175 
  -0.000    0.007   -0.002    0.007   -0.001    0.003   -0.000    0.014    0.039    0.020   -0.005    0.128    0.490    0.039 
   0.001   -0.013   -0.002    0.004   -0.014    0.012   -0.002   -0.022   -0.007    0.005   -0.004    0.175    0.039    0.527 
The Sparse structure of the time series is (the non-zero value of the matrix)
  1 -   2
  1 -   5
  1 -   7
  2 -   3
  2 -   4
  2 -   5
  2 -   6
  2 -   7
  2 -   8
  2 -   9
  2 -  10
  2 -  11
  2 -  12
  2 -  13
  2 -  14
  3 -   4
  3 -   5
  3 -   6
  3 -   7
  3 -   8
  3 -   9
  3 -  10
  3 -  11
  3 -  12
  3 -  13
  3 -  14
  4 -   5
  4 -   6
  4 -   7
  4 -   8
  4 -   9
  4 -  10
  4 -  11
  4 -  12
  4 -  13
  4 -  14
  5 -   6
  5 -   7
  5 -   8
  5 -   9
  5 -  10
  5 -  11
  5 -  12
  5 -  13
  5 -  14
  6 -   7
  6 -   8
  6 -   9
  6 -  10
  6 -  11
  6 -  12
  6 -  13
  6 -  14
  7 -   8
  7 -   9
  7 -  10
  7 -  11
  7 -  12
  7 -  13
  7 -  14
  8 -   9
  8 -  10
  8 -  11
  8 -  12
  8 -  13
  8 -  14
  9 -  10
  9 -  11
  9 -  12
  9 -  13
  9 -  14
 10 -  11
 10 -  12
 10 -  13
 10 -  14
 11 -  12
 11 -  13
 11 -  14
 12 -  13
 12 -  14
 13 -  14
