The variance-covarucance matrix = 
   0.393   -0.018   -0.001    0.003   -0.019    0.015    0.016    0.005   -0.002    0.005    0.003   -0.001    0.006    0.003 
  -0.018    0.546   -0.035    0.206    0.011   -0.004    0.024   -0.003    0.016    0.008   -0.001    0.006    0.007   -0.013 
  -0.001   -0.035    0.012   -0.018    0.007   -0.002   -0.002    0.002    0.003   -0.000    0.000   -0.000   -0.002   -0.002 
   0.003    0.206   -0.018    0.146   -0.086    0.065    0.011   -0.003   -0.026   -0.002    0.001   -0.005    0.007    0.004 
  -0.019    0.011    0.007   -0.086    0.209   -0.127   -0.005   -0.008   -0.045   -0.059   -0.004   -0.025   -0.002   -0.014 
   0.015   -0.004   -0.002    0.065   -0.127    0.112    0.005    0.002   -0.003    0.031    0.001    0.008    0.003    0.012 
   0.016    0.024   -0.002    0.011   -0.005    0.005    0.466   -0.004    0.047    0.023    0.006    0.017   -0.000   -0.002 
   0.005   -0.003    0.002   -0.003   -0.008    0.002   -0.004    0.518    0.046    0.015    0.004    0.009    0.014   -0.022 
  -0.002    0.016    0.003   -0.026   -0.045   -0.003    0.047    0.046    0.761    0.234    0.008    0.223    0.039   -0.007 
   0.005    0.008   -0.000   -0.002   -0.059    0.031    0.023    0.015    0.234    0.203   -0.002    0.115    0.020    0.005 
   0.003   -0.001    0.000    0.001   -0.004    0.001    0.006    0.004    0.008   -0.002    0.014   -0.002   -0.005   -0.004 
  -0.001    0.006   -0.000   -0.005   -0.025    0.008    0.017    0.009    0.223    0.115   -0.002    0.182    0.128    0.175 
   0.006    0.007   -0.002    0.007   -0.002    0.003   -0.000    0.014    0.039    0.020   -0.005    0.128    0.480    0.039 
   0.003   -0.013   -0.002    0.004   -0.014    0.012   -0.002   -0.022   -0.007    0.005   -0.004    0.175    0.039    0.517 
The presicion matrix =
   2.029   -0.000   -0.000   -0.000   -0.000   -0.000   -0.000   -0.000   -0.000   -0.000   -0.000   -0.000   -0.000   -0.000 
  -0.000    2.290    0.396   -2.202   -0.582    0.389   -0.047    0.002   -0.080   -0.134    0.036   -0.075    0.020    0.062 
  -0.000    0.396    9.104    0.305   -0.185   -0.116    0.017   -0.018   -0.049    0.011   -0.006    0.007    0.026    0.023 
  -0.000   -2.202    0.305    6.832    1.557   -1.233   -0.050    0.019    0.199    0.344   -0.048    0.125   -0.095   -0.059 
  -0.000   -0.582   -0.185    1.557    4.759    2.268   -0.028    0.032    0.144    0.603    0.110    0.045   -0.055    0.027 
  -0.000    0.389   -0.116   -1.233    2.268    6.512   -0.031   -0.007    0.203   -0.399    0.020    0.039   -0.023   -0.068 
  -0.000   -0.047    0.017   -0.050   -0.028   -0.031    1.781    0.018   -0.072   -0.067   -0.082   -0.041    0.016    0.014 
  -0.000    0.002   -0.018    0.019    0.032   -0.007    0.018    1.629   -0.077   -0.010   -0.048   -0.009   -0.036    0.062 
  -0.000   -0.080   -0.049    0.199    0.144    0.203   -0.072   -0.077    1.762   -0.843   -0.131   -1.354    0.180    0.391 
  -0.000   -0.134    0.011    0.344    0.603   -0.399   -0.067   -0.010   -0.843    4.662    0.153   -1.484    0.200    0.378 
  -0.000    0.036   -0.006   -0.048    0.110    0.020   -0.082   -0.048   -0.131    0.153    8.798    0.054    0.066    0.035 
  -0.000   -0.075    0.007    0.125    0.045    0.039   -0.041   -0.009   -1.354   -1.484    0.054    6.994   -1.266   -1.903 
  -0.000    0.020    0.026   -0.095   -0.055   -0.023    0.016   -0.036    0.180    0.200    0.066   -1.266    1.969    0.233 
  -0.000    0.062    0.023   -0.059    0.027   -0.068    0.014    0.062    0.391    0.378    0.035   -1.903    0.233    2.151 
The inverse matrix of the presicion matrix =
   0.493    0.000   -0.000    0.000   -0.000    0.000    0.000    0.000    0.000    0.000    0.000    0.000    0.000    0.000 
   0.000    0.646   -0.035    0.206    0.011   -0.004    0.024   -0.003    0.016    0.008   -0.001    0.006    0.007   -0.013 
  -0.000   -0.035    0.112   -0.018    0.007   -0.002   -0.002    0.002    0.003   -0.000    0.000   -0.000   -0.002   -0.002 
   0.000    0.206   -0.018    0.246   -0.086    0.065    0.011   -0.003   -0.026   -0.002    0.001   -0.005    0.007    0.004 
  -0.000    0.011    0.007   -0.086    0.309   -0.127   -0.004   -0.008   -0.045   -0.059   -0.004   -0.025   -0.001   -0.014 
   0.000   -0.004   -0.002    0.065   -0.127    0.212    0.004    0.002   -0.003    0.031    0.001    0.008    0.003    0.012 
   0.000    0.024   -0.002    0.011   -0.004    0.004    0.566   -0.004    0.047    0.023    0.005    0.017   -0.000   -0.002 
   0.000   -0.003    0.002   -0.003   -0.008    0.002   -0.004    0.618    0.046    0.015    0.004    0.009    0.014   -0.022 
   0.000    0.016    0.003   -0.026   -0.045   -0.003    0.047    0.046    0.861    0.234    0.008    0.223    0.039   -0.007 
   0.000    0.008   -0.000   -0.002   -0.059    0.031    0.023    0.015    0.234    0.303   -0.002    0.115    0.020    0.005 
   0.000   -0.001    0.000    0.001   -0.004    0.001    0.005    0.004    0.008   -0.002    0.114   -0.002   -0.005   -0.004 
   0.000    0.006   -0.000   -0.005   -0.025    0.008    0.017    0.009    0.223    0.115   -0.002    0.282    0.128    0.175 
   0.000    0.007   -0.002    0.007   -0.001    0.003   -0.000    0.014    0.039    0.020   -0.005    0.128    0.580    0.039 
   0.000   -0.013   -0.002    0.004   -0.014    0.012   -0.002   -0.022   -0.007    0.005   -0.004    0.175    0.039    0.617 
The Sparse structure of the time series is (the non-zero value of the matrix)
  2 -   3
  2 -   4
  2 -   5
  2 -   6
  2 -   7
  2 -   8
  2 -   9
  2 -  10
  2 -  11
  2 -  12
  2 -  13
  2 -  14
  3 -   4
  3 -   5
  3 -   6
  3 -   7
  3 -   8
  3 -   9
  3 -  10
  3 -  11
  3 -  12
  3 -  13
  3 -  14
  4 -   5
  4 -   6
  4 -   7
  4 -   8
  4 -   9
  4 -  10
  4 -  11
  4 -  12
  4 -  13
  4 -  14
  5 -   6
  5 -   7
  5 -   8
  5 -   9
  5 -  10
  5 -  11
  5 -  12
  5 -  13
  5 -  14
  6 -   7
  6 -   8
  6 -   9
  6 -  10
  6 -  11
  6 -  12
  6 -  13
  6 -  14
  7 -   8
  7 -   9
  7 -  10
  7 -  11
  7 -  12
  7 -  13
  7 -  14
  8 -   9
  8 -  10
  8 -  11
  8 -  12
  8 -  13
  8 -  14
  9 -  10
  9 -  11
  9 -  12
  9 -  13
  9 -  14
 10 -  11
 10 -  12
 10 -  13
 10 -  14
 11 -  12
 11 -  13
 11 -  14
 12 -  13
 12 -  14
 13 -  14
