The variance-covarucance matrix = 
   0.393   -0.018   -0.001    0.003   -0.019    0.015    0.016    0.005   -0.002    0.005    0.003   -0.001    0.006    0.003 
  -0.018    0.546   -0.035    0.206    0.011   -0.004    0.024   -0.003    0.016    0.008   -0.001    0.006    0.007   -0.013 
  -0.001   -0.035    0.012   -0.018    0.007   -0.002   -0.002    0.002    0.003   -0.000    0.000   -0.000   -0.002   -0.002 
   0.003    0.206   -0.018    0.146   -0.086    0.065    0.011   -0.003   -0.026   -0.002    0.001   -0.005    0.007    0.004 
  -0.019    0.011    0.007   -0.086    0.209   -0.127   -0.005   -0.008   -0.045   -0.059   -0.004   -0.025   -0.002   -0.014 
   0.015   -0.004   -0.002    0.065   -0.127    0.112    0.005    0.002   -0.003    0.031    0.001    0.008    0.003    0.012 
   0.016    0.024   -0.002    0.011   -0.005    0.005    0.466   -0.004    0.047    0.023    0.006    0.017   -0.000   -0.002 
   0.005   -0.003    0.002   -0.003   -0.008    0.002   -0.004    0.518    0.046    0.015    0.004    0.009    0.014   -0.022 
  -0.002    0.016    0.003   -0.026   -0.045   -0.003    0.047    0.046    0.761    0.234    0.008    0.223    0.039   -0.007 
   0.005    0.008   -0.000   -0.002   -0.059    0.031    0.023    0.015    0.234    0.203   -0.002    0.115    0.020    0.005 
   0.003   -0.001    0.000    0.001   -0.004    0.001    0.006    0.004    0.008   -0.002    0.014   -0.002   -0.005   -0.004 
  -0.001    0.006   -0.000   -0.005   -0.025    0.008    0.017    0.009    0.223    0.115   -0.002    0.182    0.128    0.175 
   0.006    0.007   -0.002    0.007   -0.002    0.003   -0.000    0.014    0.039    0.020   -0.005    0.128    0.480    0.039 
   0.003   -0.013   -0.002    0.004   -0.014    0.012   -0.002   -0.022   -0.007    0.005   -0.004    0.175    0.039    0.517 
The presicion matrix =
   2.561    0.084    0.092   -0.000    0.082   -0.199   -0.081   -0.017   -0.009   -0.077   -0.283    0.191   -0.071   -0.061 
   0.084    8.625    2.676  -17.113   -5.455    4.634    0.019   -0.062   -0.343   -2.419    0.489    0.020    0.213    0.094 
   0.092    2.676   98.648    9.702   -5.596  -10.384    0.214   -0.209   -0.814    1.088   -1.220   -0.208    0.350    0.396 
  -0.000  -17.113    9.702   45.947   12.656  -14.188   -0.258    0.156    0.787    6.471   -1.075   -0.648   -0.440    0.125 
   0.082   -5.455   -5.596   12.656   20.099   14.175   -0.270    0.117    1.024    3.410    2.458   -0.868   -0.157    0.253 
  -0.199    4.634  -10.384  -14.188   14.175   33.781   -0.185   -0.013    0.931   -3.373    2.145    1.982   -0.455   -0.809 
  -0.081    0.019    0.214   -0.258   -0.270   -0.185    2.179    0.031   -0.071   -0.155   -0.803   -0.134    0.041    0.045 
  -0.017   -0.062   -0.209    0.156    0.117   -0.013    0.031    1.948   -0.089    0.021   -0.432   -0.044   -0.052    0.097 
  -0.009   -0.343   -0.814    0.787    1.024    0.931   -0.071   -0.089    3.749    0.542   -1.444   -8.678    1.718    2.812 
  -0.077   -2.419    1.088    6.471    3.410   -3.373   -0.155    0.021    0.542   14.630    2.437  -16.140    3.210    5.147 
  -0.283    0.489   -1.220   -1.075    2.458    2.145   -0.803   -0.432   -1.444    2.437   69.093    0.408    0.602    0.305 
   0.191    0.020   -0.208   -0.648   -0.868    1.982   -0.134   -0.044   -8.678  -16.140    0.408   47.712  -10.023  -15.344 
  -0.071    0.213    0.350   -0.440   -0.157   -0.455    0.041   -0.052    1.718    3.210    0.602  -10.023    4.226    3.068 
  -0.061    0.094    0.396    0.125    0.253   -0.809    0.045    0.097    2.812    5.147    0.305  -15.344    3.068    6.891 
The inverse matrix of the presicion matrix =
   0.394   -0.017    0.000    0.003   -0.018    0.014    0.015    0.004   -0.003    0.004    0.002    0.000    0.005    0.002 
  -0.017    0.547   -0.035    0.206    0.011   -0.004    0.025   -0.003    0.016    0.008   -0.001    0.006    0.007   -0.013 
   0.000   -0.035    0.013   -0.018    0.007   -0.002   -0.002    0.002    0.003   -0.000    0.000   -0.000   -0.002   -0.002 
   0.003    0.206   -0.018    0.147   -0.086    0.065    0.011   -0.003   -0.026   -0.002    0.001   -0.005    0.007    0.004 
  -0.018    0.011    0.007   -0.086    0.210   -0.127   -0.005   -0.008   -0.045   -0.059   -0.004   -0.025   -0.002   -0.014 
   0.014   -0.004   -0.002    0.065   -0.127    0.113    0.005    0.002   -0.003    0.031    0.001    0.008    0.003    0.012 
   0.015    0.025   -0.002    0.011   -0.005    0.005    0.467   -0.004    0.047    0.023    0.006    0.017   -0.000   -0.002 
   0.004   -0.003    0.002   -0.003   -0.008    0.002   -0.004    0.519    0.046    0.015    0.004    0.009    0.014   -0.022 
  -0.003    0.016    0.003   -0.026   -0.045   -0.003    0.047    0.046    0.762    0.234    0.008    0.223    0.039   -0.007 
   0.004    0.008   -0.000   -0.002   -0.059    0.031    0.023    0.015    0.234    0.204   -0.002    0.115    0.020    0.005 
   0.002   -0.001    0.000    0.001   -0.004    0.001    0.006    0.004    0.008   -0.002    0.015   -0.002   -0.005   -0.004 
   0.000    0.006   -0.000   -0.005   -0.025    0.008    0.017    0.009    0.223    0.115   -0.002    0.183    0.128    0.175 
   0.005    0.007   -0.002    0.007   -0.002    0.003   -0.000    0.014    0.039    0.020   -0.005    0.128    0.481    0.039 
   0.002   -0.013   -0.002    0.004   -0.014    0.012   -0.002   -0.022   -0.007    0.005   -0.004    0.175    0.039    0.518 
The Sparse structure of the time series is (the non-zero value of the matrix)
  1 -   2
  1 -   3
  1 -   5
  1 -   6
  1 -   7
  1 -   8
  1 -   9
  1 -  10
  1 -  11
  1 -  12
  1 -  13
  1 -  14
  2 -   3
  2 -   4
  2 -   5
  2 -   6
  2 -   7
  2 -   8
  2 -   9
  2 -  10
  2 -  11
  2 -  12
  2 -  13
  2 -  14
  3 -   4
  3 -   5
  3 -   6
  3 -   7
  3 -   8
  3 -   9
  3 -  10
  3 -  11
  3 -  12
  3 -  13
  3 -  14
  4 -   5
  4 -   6
  4 -   7
  4 -   8
  4 -   9
  4 -  10
  4 -  11
  4 -  12
  4 -  13
  4 -  14
  5 -   6
  5 -   7
  5 -   8
  5 -   9
  5 -  10
  5 -  11
  5 -  12
  5 -  13
  5 -  14
  6 -   7
  6 -   8
  6 -   9
  6 -  10
  6 -  11
  6 -  12
  6 -  13
  6 -  14
  7 -   8
  7 -   9
  7 -  10
  7 -  11
  7 -  12
  7 -  13
  7 -  14
  8 -   9
  8 -  10
  8 -  11
  8 -  12
  8 -  13
  8 -  14
  9 -  10
  9 -  11
  9 -  12
  9 -  13
  9 -  14
 10 -  11
 10 -  12
 10 -  13
 10 -  14
 11 -  12
 11 -  13
 11 -  14
 12 -  13
 12 -  14
 13 -  14
