The begining of iteration of block coordinate descent method... 
  2-th max diff:  0.000000
A*iA=
   1.000    0.000   -0.000    0.000   -0.000    0.000    0.000    0.000    0.000    0.000    0.000    0.000    0.000   -0.000 

   0.000    1.000    0.000   -0.000    0.000   -0.000   -0.000   -0.000    0.000   -0.000   -0.000    0.000    0.000    0.000 

   0.000    0.000    1.000    0.000   -0.000    0.000    0.000    0.000    0.000    0.000    0.000    0.000    0.000   -0.000 

   0.000   -0.000   -0.000    1.000   -0.000    0.000    0.000    0.000    0.000    0.000    0.000   -0.000   -0.000   -0.000 

  -0.000    0.000    0.000   -0.000    1.000   -0.000    0.000    0.000    0.000    0.000   -0.000   -0.000   -0.000   -0.000 

  -0.000    0.000   -0.000    0.000   -0.000    1.000    0.000    0.000    0.000    0.000    0.000    0.000   -0.000   -0.000 

   0.000    0.000   -0.000    0.000   -0.000    0.000    1.000    0.000    0.000    0.000   -0.000    0.000    0.000    0.000 

  -0.000   -0.000    0.000   -0.000    0.000   -0.000    0.000    1.000    0.000    0.000    0.000   -0.000   -0.000   -0.000 

   0.000    0.000   -0.000    0.000    0.000    0.000    0.000   -0.000    1.000   -0.000    0.000    0.000   -0.000    0.000 

   0.000    0.000   -0.000    0.000    0.000    0.000   -0.000   -0.000   -0.000    1.000   -0.000    0.000   -0.000    0.000 

  -0.000    0.000   -0.000    0.000    0.000    0.000    0.000    0.000    0.000    0.000    1.000    0.000   -0.000    0.000 

   0.000   -0.000    0.000   -0.000    0.000   -0.000    0.000    0.000    0.000    0.000    0.000    1.000   -0.000   -0.000 

   0.000    0.000   -0.000    0.000   -0.000    0.000   -0.000   -0.000   -0.000   -0.000   -0.000    0.000    1.000    0.000 

  -0.000    0.000    0.000    0.000   -0.000    0.000    0.000    0.000   -0.000    0.000    0.000    0.000   -0.000    1.000 

The block coordinate descent method is converged.
   0 .9710992E+00  21.299973
   1 .6436696E+00  35.418145
   2 .6077317E+00  48.748058
   3 .5142213E+00  60.026928
   4 .4595834E+00  70.107376
   5 .4463428E+00  79.897406
   6 .3984386E+00  88.636710
   7 .3255845E+00  95.778041
   8 .1155980E+00  98.313553
   9 .2416641E-01  98.843617
  10 .1641515E-01  99.203665
  11 .1426299E-01  99.516507
  12 .1338142E-01  99.810014
  13 .8661770E-02 100.000000
