    2-th max diff:  0.000000
    2-th max diff:  0.000000
    2-th max diff:  0.000000
    2-th max diff:  0.000000
    2-th max diff:  0.000000
    2-th max diff:  0.000000
    2-th max diff:  0.000000
    2-th max diff:  0.000000
    2-th max diff:  0.000000
    2-th max diff:  0.000000
    2-th max diff:  0.000000
    2-th max diff:  0.000000
    2-th max diff:  0.000000
The begining of iteration of block coordinate descent method... 
    2-th max diff:  0.000000
  2-th max diff:  0.000463
  3-th max diff:  0.000000
A*iA=
   1.000   -0.000   -0.000    0.000   -0.000    0.000   -0.000   -0.000   -0.000   -0.000   -0.000    0.000    0.000    0.000 

   0.000    1.000    0.000   -0.000   -0.000    0.000   -0.000   -0.000   -0.000   -0.000    0.000    0.000    0.000    0.000 

  -0.000    0.000    1.000    0.000   -0.000    0.000    0.000    0.000   -0.000   -0.000    0.000   -0.000   -0.000   -0.000 

  -0.000   -0.000    0.000    1.000    0.000   -0.000    0.000    0.000    0.000    0.000    0.000   -0.000   -0.000   -0.000 

  -0.000    0.000    0.000   -0.000    1.000   -0.000    0.000   -0.000    0.000   -0.000    0.000   -0.000   -0.000   -0.000 

   0.000    0.000   -0.000    0.000   -0.000    1.000   -0.000   -0.000   -0.000   -0.000   -0.000    0.000    0.000    0.000 

  -0.000    0.000   -0.000    0.000   -0.000    0.000    1.000   -0.000   -0.000   -0.000    0.000   -0.000   -0.000   -0.000 

   0.000   -0.000   -0.000   -0.000   -0.000    0.000   -0.000    1.000   -0.000   -0.000   -0.000    0.000    0.000    0.000 

  -0.000    0.000   -0.000    0.000   -0.000    0.000    0.000    0.000    1.000    0.000    0.000   -0.000   -0.000   -0.000 

  -0.000    0.000   -0.000    0.000   -0.000    0.000    0.000    0.000    0.000    1.000    0.000   -0.000   -0.000   -0.000 

   0.000   -0.000    0.000   -0.000   -0.000   -0.000    0.000    0.000    0.000    0.000    1.000   -0.000   -0.000   -0.000 

   0.000    0.000   -0.000    0.000   -0.000    0.000    0.000   -0.000    0.000    0.000   -0.000    1.000    0.000    0.000 

  -0.000   -0.000    0.000   -0.000    0.000   -0.000   -0.000    0.000    0.000   -0.000    0.000   -0.000    1.000   -0.000 

   0.000    0.000    0.000    0.000    0.000   -0.000   -0.000    0.000   -0.000   -0.000   -0.000    0.000    0.000    1.000 

The block coordinate descent method is converged.
   0 .9720422E+00  21.255386
   1 .6446261E+00  35.351253
   2 .6087366E+00  48.662333
   3 .5151996E+00  59.928065
   4 .4598849E+00  69.984245
   5 .4473537E+00  79.766409
   6 .3991260E+00  88.493991
   7 .3275666E+00  95.656802
   8 .1166161E+00  98.206816
   9 .2524289E-01  98.758795
  10 .1742606E-01  99.139846
  11 .1527414E-01  99.473842
  12 .1439469E-01  99.788606
  13 .9667363E-02 100.000000
