    2-th max diff:  0.000000
    2-th max diff:  0.000000
    2-th max diff:  0.000000
    2-th max diff:  0.000000
    2-th max diff:  0.000000
    2-th max diff:  0.000000
    2-th max diff:  0.000000
    2-th max diff:  0.000000
    2-th max diff:  0.000000
    2-th max diff:  0.000000
    2-th max diff:  0.000000
    2-th max diff:  0.000000
    2-th max diff:  0.000000
The begining of iteration of block coordinate descent method... 
  2-th max diff:  0.000000
A*iA=
   1.000    0.000   -0.000    0.000   -0.000    0.000    0.000    0.000    0.000    0.000    0.000    0.000    0.000    0.000 

   0.000    1.000    0.000   -0.000    0.000   -0.000   -0.000    0.000   -0.000   -0.000    0.000   -0.000   -0.000    0.000 

   0.000    0.000    1.000    0.000   -0.000    0.000    0.000    0.000    0.000    0.000    0.000   -0.000   -0.000   -0.000 

   0.000   -0.000   -0.000    1.000   -0.000    0.000   -0.000   -0.000   -0.000   -0.000   -0.000    0.000    0.000    0.000 

  -0.000   -0.000    0.000   -0.000    1.000   -0.000   -0.000    0.000   -0.000   -0.000   -0.000   -0.000   -0.000   -0.000 

  -0.000    0.000   -0.000    0.000   -0.000    1.000    0.000    0.000    0.000   -0.000    0.000   -0.000   -0.000   -0.000 

  -0.000   -0.000    0.000   -0.000    0.000   -0.000    1.000   -0.000   -0.000   -0.000   -0.000   -0.000    0.000    0.000 

  -0.000   -0.000    0.000   -0.000    0.000   -0.000   -0.000    1.000    0.000    0.000   -0.000   -0.000   -0.000   -0.000 

   0.000   -0.000    0.000   -0.000    0.000   -0.000   -0.000   -0.000    1.000   -0.000   -0.000   -0.000   -0.000   -0.000 

   0.000   -0.000    0.000   -0.000    0.000   -0.000   -0.000   -0.000   -0.000    1.000   -0.000   -0.000   -0.000   -0.000 

  -0.000   -0.000    0.000   -0.000    0.000   -0.000   -0.000    0.000    0.000    0.000    1.000   -0.000   -0.000   -0.000 

   0.000    0.000   -0.000    0.000   -0.000    0.000    0.000   -0.000   -0.000    0.000   -0.000    1.000   -0.000    0.000 

   0.000   -0.000    0.000   -0.000    0.000   -0.000   -0.000    0.000    0.000    0.000    0.000   -0.000    1.000   -0.000 

   0.000    0.000    0.000    0.000   -0.000    0.000   -0.000   -0.000    0.000    0.000    0.000   -0.000   -0.000    1.000 

The block coordinate descent method is converged.
   0 .9711085E+00  21.299524
   1 .6436786E+00  35.417460
   2 .6077418E+00  48.747185
   3 .5142311E+00  60.025922
   4 .4595862E+00  70.106121
   5 .4463529E+00  79.896071
   6 .3984478E+00  88.635309
   7 .3256029E+00  95.776825
   8 .1156082E+00  98.312483
   9 .2417720E-01  98.842766
  10 .1642521E-01  99.203024
  11 .1427309E-01  99.516078
  12 .1339158E-01  99.809799
  13 .8671845E-02 100.000000
