 -1.0484  -0.4808 
 -0.9489   0.3073 
 -0.9856   0.6781 
 -0.8891  -1.0338 
 -1.0802   0.2756 
 -0.9393   0.6623 
 -0.9548  -0.0499 
 -0.9045  -0.1678 
 -1.0083   0.6281 
 -0.7690  -0.8634 
 -0.8279  -0.9730 
 -1.0730   0.7736 
 -0.9482  -0.3182 
 -1.0588   0.1061 
 -0.8334  -0.6002 
 -0.9252   0.0413 
 -0.9358   0.7564 
 -1.0840  -0.7257 
 -0.9536   0.2870 
 -0.9154   0.0428 
 -0.7775  -0.9740 
 -0.7379  -0.6463 
 -0.9131  -0.3230 
 -0.8635   0.7466 
 -0.9308   0.1098 
 -0.6086  -0.3473 
 -1.0328   0.1227 
  0.7182   1.1790 
  0.7080  -1.2094 
  0.4498   0.3569 
  1.0706  -0.7816 
  0.4345   0.2228 
 -0.7511   0.4325 
 -0.9464   0.5199 
 -0.7907  -0.5496 
 -0.9313   0.0319 
  0.0609   0.5067 
  0.4335  -1.3512 
  0.7468  -1.1485 
  0.4193  -0.4110 
  0.7926   0.0662 
  0.7760   0.1507 
  0.3825   0.2378 
  0.1972  -0.7899 
  0.3499   0.0035 
 -0.7717  -1.0776 
 -0.6353  -0.5049 
 -0.8974   0.4111 
 -0.8815  -1.0701 
 -0.7621  -0.8533 
 -1.0541   0.4723 
 -0.9167  -0.8034 
 -0.8658  -1.0458 
 -0.9238   0.3287 
 -0.9546  -0.8918 
 -0.7926   0.2819 
 -0.9830  -0.0033 
 -0.9223   0.5475 
 -0.9854  -0.6875 
 -1.0125   0.8099 
 -1.0407   0.2085 
  0.4942   0.2978 
  0.4600   0.3779 
  0.7112  -1.0266 
  0.3516   0.6180 
  0.6398   0.2765 
  0.3917   0.0453 
  0.0545   0.5900 
  0.6449  -0.0416 
  0.1843  -1.1148 
  0.1512  -0.1378 
  0.4352   0.2483 
  0.5257   0.3013 
  0.4158  -1.2679 
  0.8232  -0.2572 
 -0.6692  -1.0914 
 -0.6946  -0.4123 
 -1.0064   0.4267 
 -1.2244   0.1839 
 -0.6715  -0.1479 
 -1.0185  -0.4103 
  0.7576  -0.4801 
  0.7180  -1.1812 
  0.4980  -0.8186 
  0.2699  -0.2817 
  0.5981  -0.7288 
  0.4919  -0.0715 
  0.3287  -0.8622 
  0.6042  -1.0622 
  0.3990  -1.1333 
  0.4858   0.2019 
  0.4598  -0.5722 
  0.2714  -0.4581 
  0.2640   0.6075 
  0.8321  -0.5994 
  0.2896  -0.3880 
  0.7366  -0.9425 
  0.1912   0.4312 
  0.3631   0.4937 
  0.8451  -0.1194 
  0.5584   0.1116 
  0.2755   0.1352 
  0.4770   0.5267 
 -0.6379  -0.6962 
 -1.0217   0.5953 
 -0.9681   0.7493 
 -0.9308  -0.8172 
 -0.8731   0.7860 
 -0.8151  -0.0622 
 -0.8286   0.2353 
 -0.9160  -0.2572 
  0.4271   0.0426 
  0.2345  -0.9569 
  0.5181   1.1993 
  0.1337   1.1031 
  0.4909  -0.7477 
  0.5795   0.6237 
  0.5939   0.1226 
  0.1820   0.6870 
  0.1644  -0.8215 
  0.5776  -0.7525 
  0.7915   0.8598 
  0.8587  -0.7747 
  0.8771  -0.5631 
  0.4440   0.8236 
  0.4159  -0.9510 
  0.6480   0.4108 
  0.2433   0.6171 
  0.6125  -0.5239 
  0.6312   0.2538 
  0.5853  -0.9354 
  0.9312  -0.5465 
 -0.7419  -0.7889 
 -0.9118   0.1057 
 -0.7715  -1.0471 
 -0.8501  -1.1479 
 -0.9384   0.7750 
 -0.9059  -0.3819 
 -0.6062   0.0461 
 -0.8393  -0.8289 
 -0.9435   0.0040 
 -0.8293  -0.9271 
 -0.7805  -0.4155 
  0.2979  -0.4776 
  0.4752  -0.9424 
  0.1795   0.1661 
 -0.1088   0.1529 
  0.7895  -0.1238 
  0.5121   0.5371 
  0.2378  -0.1611 
  0.9616   0.3605 
 -1.0324  -1.1061 
 -0.8435   0.2947 
 -1.0468  -1.0328 
 -1.0981   0.1475 
 -0.7126  -0.2742 
 -1.0564  -0.3057 
 -0.9352   0.2835 
 -0.7785  -0.9139 
 -0.7733  -0.7819 
 -0.6992  -0.8192 
  0.5826  -0.6250 
  0.5489  -0.3264 
  0.4106   0.2043 
  0.5656   0.1476 
  0.3537  -0.8281 
 -0.1016   0.0599 
  0.0608  -0.7911 
  0.1536   0.0616 
  0.3717  -1.1157 
  0.4643  -0.0137 
  0.2768   0.3736 
  0.7879  -0.3217 
  0.5334  -0.6743 
  0.5333   0.2856 
  0.2600  -0.6823 
  0.7144   0.4459 
  1.0123  -0.2950 
  0.1232  -0.2549 
  0.5426  -0.6038 
  0.1899   0.2444 
  0.5162   0.6243 
  0.2247  -0.6971 
  0.3745  -0.5266 
  0.7551   0.5035 
  0.6198  -0.3294 
  0.6227  -0.5168 
  0.2405  -0.1263 
  0.4760  -0.7286 
  0.6167   0.3219 
  0.4677  -0.7039 
  0.4127  -0.9572 
  0.4481  -0.0196 
  0.6050   0.2103 
  0.7377  -0.4098 
  0.6074   0.3807 
  0.0524   0.3187 
  0.0865  -1.0039 
  0.4471  -1.2185 
  0.7181  -1.1339 
 -0.4711  -0.4956 
  0.2433   0.3007 
  0.4551   0.2197 
  0.1770  -1.2286 
  0.4116  -0.3056 
  0.5859  -0.3095 
  0.4211  -0.4263 
  0.6111  -0.6115 
  0.3399   0.5158 
  0.4802  -0.8148 
  0.4497   0.7687 
  0.2570  -0.1262 
  0.3109   0.3592 
  0.2971  -0.1171 
  0.5570  -0.6060 
  0.5920  -0.0263 
  0.6971   0.2968 
  0.5121  -0.8666 
  0.3972   0.3433 
  0.3337  -0.6839 
  0.3834   0.7278 
  0.3899  -0.3457 
  0.5500  -1.0606 
 -0.8465  -0.9064 
 -0.8505  -1.0330 
 -0.6812  -0.1987 
 -0.9449   0.4152 
 -0.6808   0.0601 
 -0.8480  -0.3384 
 -0.8814   0.6990 
 -0.9462   0.7824 
 -0.8112   0.0421 
 -0.9798  -0.5410 
 -1.0339  -0.6678 
 -0.9093  -0.4831 
 -0.7306  -0.3255 
 -0.7182  -0.8028 
 -0.9537  -0.7152 
  0.5931  -0.3963 
 -0.0443  -0.1308 
  0.4989  -0.3581 
  0.1667   0.9290 
  0.4906   0.5343 
  0.1683   0.4760 
 -0.8652   0.3161 
 -0.7630  -0.0439 
 -1.1217   0.4435 
 -0.8625  -1.1617 
 -0.8505  -0.2112 
 -1.1335   0.2303 
 -0.9648   0.4135 
 -1.0239   0.5985 
 -0.8684  -0.3878 
 -0.9926   0.3896 
 -0.8184  -0.5586 
 -0.7783  -0.2485 
 -1.0499  -0.1961 
 -0.8041  -1.0413 
 -0.8998  -0.9358 
 -0.6735   0.4607 
 -1.0004  -0.4195 
 -0.8972  -0.0718 
 -0.9418   0.4364 
  0.8660  -1.3202 
  0.7939  -0.2669 
  0.5990   0.0874 
  0.3017  -0.6996 
  0.2993  -0.7203 
  0.4727   1.0651 
  0.7934  -0.7593 
  0.2490  -0.3111 
  0.7909  -0.3862 
  0.7235   0.2469 
  0.8195   0.5151 
 -1.0631   0.5317 
  0.3140   0.6866 
  0.5004   1.1884 
  0.4380   0.6529 
 -0.8813   0.2900 
 -0.8987   1.0085 
 -0.9482   0.8844 
 -0.8897   0.3910 
 -0.6093  -1.2448 
 -1.0187  -1.1671 
 -0.7762   0.2805 
 -1.0419   0.6267 
 -1.0107   0.6161 
 -0.9339  -0.7223 
 -0.8597   0.6975 
 -0.8456   0.8701 
 -1.0158  -0.8107 
 -0.5667  -1.1679 
 -1.0166  -0.6146 
  0.2426   0.2821 
  0.4623  -0.4900 
  0.5186   0.0845 
  0.2505  -1.0138 
  0.4381   1.0722 
  0.3506   1.1239 
  0.4897  -0.5144 
  0.6806  -0.3807 
  0.4998   0.9087 
  0.6202  -0.6386 
  0.2727  -0.5317 
  0.7394  -0.0252 
  0.6721   1.1882 
  0.4066  -0.6786 
  0.4254  -0.9107 
  1.0638  -0.6877 
  0.2328   0.6373 
  0.0744   0.1972 
  0.5722   0.6337 
  0.4796   1.0713 
  0.2319   0.7098 
  0.5206   0.4140 
  0.3508   0.8351 
  0.4166   0.0708 
  0.3123   0.8228 
 -0.6664  -1.0224 
 -0.7183  -0.7581 
  0.5648   1.0743 
 -1.0314   0.3452 
 -1.1451  -0.1129 
 -1.1570   0.9027 
 -0.8730  -0.5034 
 -0.8750  -0.6912 
 -0.8937   0.6906 
  0.5004  -0.3912 
  0.5514   0.0021 
  0.3809   0.2890 
  0.8462  -1.2102 
  0.7425  -1.0954 
  0.5764  -0.7969 
  0.6962  -0.2467 
 -1.0848  -0.7061 
 -0.8508  -0.6568 
  0.5990  -0.0775 
  0.3110   0.5050 
  0.8811  -0.7772 
  0.1967  -0.0098 
  0.4042  -0.8863 
  0.7399  -0.1281 
  0.4489  -0.8124 
  0.1791   0.6064 
  0.3717   0.2167 
  0.3284  -0.4607 
  0.1284  -0.3694 
  0.7725  -1.1228 
  0.6413   0.5957 
  0.3478  -1.0113 
  0.2339  -0.8361 
  0.6600   0.6627 
  0.8043   0.4052 
  0.2953   0.8374 
  0.8591  -0.3799 
  0.5209  -1.0222 
  0.4274  -0.2484 
  0.4860  -0.5189 
  0.4675  -0.5544 
  0.3341  -1.2848 
  0.4097   0.3035 
  0.3651   0.3912 
  0.2579   0.7271 
  0.8697  -0.8265 
  0.7561  -0.0920 
  0.8440  -0.7348 
  0.2746   0.1150 
  0.5595   0.2429 
  0.3440  -0.7785 
  0.7928  -0.7904 
  0.7060  -0.4497 
  0.6378  -0.4539 
  0.7252  -0.7288 
  0.5942  -1.0199 
  0.8143  -0.4224 
  0.3994   0.6861 
  0.5399  -0.5696 
  0.4546  -0.8969 
  0.5715  -0.6533 
  0.4740   0.6424 
  0.2044  -0.8634 
  0.9020  -0.6618 
  0.2915   0.3276 
  0.7478  -0.3222 
  0.6405  -1.0360 
  0.1741   0.9404 
  0.3090   0.0363 
  0.6723  -0.5984 
 -0.8881  -0.9438 
 -0.6920  -0.5667 
 -0.9249   0.0644 
 -0.8891   0.2566 
 -0.9912  -0.2614 
 -1.0201   0.8478 
 -0.9577  -0.1681 
  0.8643   0.7524 
 -0.9385   0.1140 
 -0.9707  -0.4331 
 -0.9635  -0.0563 
 -0.6487  -1.2537 
 -1.1627   0.5400 
 -0.7934  -1.2583 
  0.3920  -0.1034 
  0.5955  -1.0080 
  0.0192  -0.9377 
  0.8863   0.6550 
  0.1881  -0.7022 
  0.6394   0.5702 
  0.6617  -0.1972 
  0.8111  -1.1196 
  0.4250   0.3093 
  0.1876  -0.5065 
 -0.0144  -0.9668 
  0.1588  -0.8137 
  0.7693   0.6414 
  0.5192  -1.1172 
  0.3417  -0.0289 
  0.8496  -1.2845 
  0.5808  -0.3678 
  0.3931  -0.5216 
  0.3490   0.5261 
  0.6933  -0.7217 
  0.4123  -1.1197 
 -0.8246  -0.0443 
 -0.8073   0.1815 
 -0.7753  -0.8801 
 -0.7175  -1.2589 
 -0.9128  -0.3681 
 -0.9210  -1.1693 
 -0.6593  -0.9404 
 -0.8890  -0.1907 
 -0.7554  -0.5283 
 -0.9415   0.2992 
 -0.9885  -0.7296 
 -0.9050  -0.3427 
 -0.7640  -0.2015 
 -0.7525  -0.6326 
 -0.9396  -1.0029 
 -0.9604  -0.5783 
 -0.8505  -0.2439 
 -0.9393  -0.6494 
 -0.8387   0.4468 
 -0.8514   0.3539 
 -1.0378  -1.0278 
  0.5393  -0.7698 
  0.6580  -0.0412 
  0.6545   0.7152 
  0.4819  -0.8242 
  0.3902   0.9807 
  0.8341  -0.2743 
  0.6438  -0.3134 
  0.3441   0.4062 
  0.4273   0.4342 
  0.3396  -0.6356 
  0.7477   0.8926 
 -0.8339   0.0854 
 -1.0569  -0.8843 
 -0.7981  -1.3658 
 -0.9775   0.7329 
 -0.9885   0.7066 
 -0.8352  -0.8765 
  0.7137   0.8086 
  0.6240   0.4526 
  0.1870  -0.0851 
  0.5693   0.0755 
  0.6592  -0.0461 
  0.7198  -0.7348 
  0.5445   0.6757 
  0.6291   0.3264 
  0.4346   0.7298 
  0.0618   0.7647 
  0.6516   0.6096 
  0.7755   0.8714 
  0.7586   0.3042 
  0.8538  -0.5055 
  0.3026  -0.2341 
  0.3262  -1.0757 
  0.5662  -0.7372 
 -0.0499   0.2464 
  0.6562   0.9378 
  0.4035  -0.2996 
  0.2973  -1.0435 
  0.7517   0.3820 
  0.9384  -0.5800 
  0.3611  -0.0990 
  0.7651   0.4295 
  0.5900   0.0207 
  0.6529  -0.8370 
  0.6813  -0.7389 
  0.8097  -0.4231 
 -0.7604  -1.3623 
  0.7201   0.2507 
  0.7300  -0.6340 
  0.5005   0.5259 
  0.5236  -0.7687 
  0.7931  -0.6997 
  0.5881   0.4343 
  0.9024  -1.0473 
  0.1528   0.7642 
  0.7935  -1.1927 
  0.2837   0.5790 
  0.5264  -0.5949 
  0.5146  -0.5305 
  0.3939  -1.0873 
  0.4357   0.6842 
  0.6619  -0.3955 
  0.6465  -0.4605 
  0.6153   0.1994 
  0.5864  -0.0846 
  0.8033  -1.1674 
  0.5975  -0.9888 
  0.3367   0.3489 
  0.3713   0.3134 
  0.7766   0.0231 
  0.8789  -0.5054 
  0.4101   0.2318 
  0.2352   0.5840 
  0.2006  -0.8855 
  0.2991  -0.4238 
 -0.9652   0.8667 
 -0.8041  -0.5651 
 -0.7302  -1.2009 
 -0.9613  -0.2873 
 -0.6501  -0.3322 
 -1.0634   0.5279 
 -0.9406   0.6436 
 -1.0038   0.6940 
  0.5006   0.5389 
  0.6331  -0.3904 
  0.4854   1.0949 
  0.3053   0.4412 
 -0.6530  -0.4459 
 -0.7935  -1.1016 
 -0.7382  -0.9647 
 -0.8788   0.1500 
 -0.6080  -0.4107 
 -0.8755   0.9522 
 -0.7607  -0.1786 
 -0.9823  -0.7218 
 -0.7515   0.6445 
  0.4496  -0.7229 
 -0.1118   0.5602 
  0.4307  -0.6312 
  0.7773   0.7133 
  0.7652  -0.4907 
  0.6249  -0.1294 
  0.6639   0.5732 
  0.6511   0.3230 
  0.7731   0.5831 
  0.5345   0.3007 
  0.7132   0.7042 
  0.1111  -0.8014 
  0.2819   0.7635 
 -0.8542   0.6945 
 -0.7450  -1.0415 
 -0.8234   0.0748 
 -0.9794   1.2385 
 -0.8669   0.8595 
 -0.8540  -0.5433 
 -0.7750  -0.7086 
 -1.0085   0.8206 
 -0.8488   0.1564 
 -0.9039   0.7045 
 -0.7934  -0.4019 
 -0.8270  -0.4364 
 -0.8437  -0.9083 
 -1.0684   0.7319 
 -0.9628  -0.6727 
 -0.8397  -0.0141 
 -0.8149  -0.6957 
 -0.7013   0.5022 
 -0.8141  -0.6785 
 -0.8125  -0.4591 
 -0.8362  -0.2082 
  0.4875   0.4205 
  0.9178  -0.5284 
  0.6607  -0.7502 
  0.5002   0.1790 
  0.0206  -0.7406 
  0.4744  -0.6964 
  1.0190  -0.5156 
  0.3938   0.9517 
  0.4161   1.0567 
  0.5573  -0.3588 
  0.4021  -0.4242 
  0.3080   0.0565 
  0.5017  -0.2507 
  0.4766   0.8417 
  0.5181   0.0285 
  0.4590  -0.6656 
  0.5072   1.3521 
  0.7247   0.0938 
  0.2351  -0.5332 
  0.3500   0.2533 
  0.6596  -0.5035 
  0.5825   0.4791 
  0.7026   1.1050 
  0.3466   1.0249 
  0.1968  -0.9320 
  0.6797   0.9369 
  0.3137   0.1268 
  0.2633   0.8406 
  0.7329  -0.5323 
 -0.9973   0.1346 
 -0.7440  -0.9279 
 -0.8488  -0.6611 
 -0.7712   0.1407 
 -0.9508   0.2662 
 -0.9479  -0.8110 
 -1.0095   0.4533 
 -0.8076  -1.0497 
 -0.8135  -0.4447 
 -0.6715  -1.0095 
 -0.8963   0.9459 
 -0.8149  -0.4031 
 -0.9443  -0.2487 
 -0.8705  -0.9819 
 -0.8395  -0.5746 
 -1.1098   0.7501 
 -0.6277  -0.8070 
 -1.0700   0.5062 
  0.4041   0.5801 
  0.8555  -0.6447 
  0.6054  -0.9639 
  0.6436   0.5009 
  0.6214  -0.3358 
  0.6184   0.1088 
  0.5989   0.6534 
 -1.0700   0.4925 
 -0.9955  -0.3781 
 -0.8652  -1.0345 
 -1.0768   0.4279 
 -0.8452  -0.7446 
 -0.8331  -0.3344 
 -1.0589   0.6004 
 -0.5861  -1.0271 
 -0.6916  -0.1450 
 -0.8270   0.6676 
 -0.8510  -0.5139 
 -0.7108  -0.6027 
  0.6440  -0.2519 
  0.4667  -0.8856 
  0.0591  -0.7857 
  0.6310   0.9839 
  0.2543   0.7089 
  0.4146  -0.7947 
  0.4403   0.0480 
  0.1374   0.4322 
  0.3579  -0.6719 
  0.7986   0.4108 
  0.8919  -0.6450 
  0.6457   0.5543 
  0.5176   0.0689 
  0.3968   0.2092 
  0.5812  -0.4524 
  1.0584   0.0839 
  0.2079   0.6306 
  0.0686  -0.9243 
  0.2316  -0.3819 
 -0.1797   0.5107 
  0.7500   0.2009 
  0.6077  -0.9184 
  0.5789  -0.9679 
  0.4134  -0.9750 
  0.6654  -0.6307 
  0.3663   0.3730 
  0.6263   0.5248 
  0.4217   0.7020 
  0.3227   0.7331 
  0.4312  -0.7156 
  0.4018  -1.0830 
  0.8290  -1.2452 
  0.3528   0.1693 
  0.7612  -0.4164 
  0.5222  -1.0490 
  0.4076  -0.0989 
  0.2809  -0.5090 
  0.0231  -1.1379 
  0.3383   0.1529 
  0.8461  -1.0615 
 -0.2605   0.6920 
 -0.7488   0.2504 
 -0.9340  -0.5768 
 -1.0745   0.7669 
 -0.9956  -0.8276 
  0.4022   0.8108 
  0.3916   0.3559 
  0.1804  -0.1219 
  0.6710   0.3698 
  0.7661  -0.7329 
  0.7344   0.3926 
  0.3302   0.2827 
  0.3213  -1.0179 
  0.3725  -0.3348 
  0.8876  -0.1702 
  0.7021  -0.4979 
  0.1556   0.3430 
  0.4436  -0.0554 
  0.5164   0.5553 
  0.7940  -0.5330 
  0.4430  -0.0795 
  0.5173   0.4454 
  0.6386   0.2645 
  0.5480   0.1307 
  0.4809  -0.8495 
  0.4804  -0.5460 
  0.5307  -0.8063 
  0.5753  -1.1103 
  0.9675  -0.0988 
  0.2066   0.1348 
  0.1453  -0.2726 
  0.4766   0.5254 
  0.5064   0.5436 
  0.4322  -0.9169 
  0.2443  -0.1287 
  0.6376  -0.3787 
  0.4598   0.6466 
  0.6632  -0.8853 
  0.8884   0.4938 
  0.5784   0.3915 
  0.2673   0.0981 
  0.4593  -1.1724 
  0.7068  -0.0709 
  0.4682  -0.4548 
  0.4847   0.3818 
  0.8034  -0.7762 
  0.0968   0.8564 
  0.3651  -0.7430 
  0.7664  -1.1958 
  0.7534  -0.7883 
  0.4678  -0.0943 
  0.2691  -0.9180 
  0.5335  -0.7317 
  0.5830  -0.2911 
  0.2662  -0.9219 
  0.5726  -0.4622 
  0.6479  -0.5839 
  0.6412  -0.2443 
  0.5531   0.0577 
  0.1601  -0.4865 
 -0.6981  -0.7638 
 -0.8799   0.0299 
 -0.6766  -1.0867 
 -0.8565  -0.5269 
 -0.8080  -1.1393 
 -0.8574   0.6036 
 -1.0134  -0.1792 
 -0.9505   0.2502 
  0.7565   0.1011 
  0.6661  -0.1502 
  0.9538   0.0116 
  0.3246   0.6591 
  0.8323  -0.0964 
  0.9814   0.9719 
  0.1788   0.6642 
  0.8839  -0.6044 
  0.1706   0.7929 
  0.4526  -0.2420 
  0.8998  -0.7358 
 -0.7989  -0.3775 
 -0.8849  -0.5433 
 -0.6630  -1.3271 
 -0.8599   0.2051 
 -0.8703   0.1393 
  0.4833  -0.5775 
  0.3783  -0.5439 
  0.5468   0.5164 
  0.5352   0.8040 
 -0.8972  -0.6354 
 -0.8447  -0.5272 
 -0.8961  -0.7174 
 -0.8359  -0.8534 
 -1.0528  -0.2173 
  0.3285  -0.9181 
  0.3838   0.1983 
  0.3251   0.5591 
  0.3769   0.7829 
  0.2504   0.5019 
  0.5500   0.3137 
  0.6416  -1.0873 
  0.7113   1.2762 
  0.3182   0.3862 
  0.5395  -0.4681 
  0.2073   0.0930 
  0.5556  -0.3754 
  0.4165   0.0568 
  0.6589  -0.6596 
  0.4733   0.7605 
 -0.0170   0.2795 
  0.5417   0.0459 
  0.0338  -0.7673 
  0.2602  -0.9509 
  0.7743  -0.7238 
  0.1739   0.9295 
  0.5090   0.3360 
  0.2664   0.2522 
  0.6888  -0.7926 
  0.3946   0.6209 
  0.9607  -0.3932 
  0.4450  -0.5756 
  0.5734   0.8851 
  0.6427   0.9927 
  0.6462  -0.2930 
  0.5904  -0.3993 
  0.9688   0.2889 
  0.5081   1.0894 
  0.7493  -0.4662 
  0.8649   1.1029 
  0.5264   0.2796 
  0.6634   0.7014 
  0.8671   0.8922 
  0.6471  -0.7179 
  0.2185   0.7980 
  0.6203   0.5765 
  0.8160  -0.1940 
  0.7139  -0.3445 
  0.2364   0.9167 
  0.6987  -0.8140 
  0.8663   0.4930 
 -0.1753  -0.6063 
  0.4894   1.0170 
  0.4668   0.6383 
  0.4375  -0.1541 
  0.5309   0.0158 
  0.4473   0.4496 
  0.1814   0.9515 
  0.6289   1.0633 
  0.1128   0.6470 
  0.4932  -0.5420 
  0.8249  -0.0866 
  0.7818  -0.7889 
  0.8247  -0.3748 
  0.9300   0.4680 
  0.2534  -0.8547 
  0.7740   0.8621 
  0.1838  -0.5097 
 -0.7646  -0.7520 
 -0.8276  -0.7645 
 -0.8768   0.5853 
  0.5378   0.9861 
  0.7671   0.0856 
  0.7187  -0.7119 
  0.5204  -0.4148 
  0.6508  -0.1005 
  0.6772  -0.5069 
  0.6589  -0.2786 
  0.5005  -0.1046 
  0.4025   0.2420 
  0.8533   0.6511 
  0.3454   0.4387 
  0.4920   0.9349 
  0.3754  -0.0174 
  0.4716   0.8922 
  0.1639   0.5119 
  0.3963   0.2777 
 -0.8843   0.5343 
 -0.9434  -0.9371 
 -0.7491  -0.1426 
 -0.8440  -1.1377 
 -1.0028   0.6059 
 -0.8566   0.3825 
 -0.8121  -0.1951 
 -0.8172  -0.2622 
 -0.8906   0.9772 
 -0.8712   0.6389 
 -0.8071  -0.8681 
 -0.7561  -0.5418 
  0.7488  -0.8184 
  0.5639   0.8408 
  0.7509  -0.4678 
  0.7783  -0.7924 
  0.7150   0.3301 
  0.2066   0.1576 
  0.7841  -0.8441 
  0.5192   0.6559 
  0.2748  -0.7156 
  0.2302  -0.0620 
  0.4883  -0.8115 
  0.6271  -0.1754 
  0.3069   0.0101 
 -0.7887  -0.6051 
 -0.9300   0.1429 
 -0.9774  -0.2562 
 -0.7396  -0.9241 
 -0.9077  -0.6152 
 -0.9784  -0.3839 
 -0.7170  -0.8311 
  0.7016  -0.3546 
  0.6388   0.4621 
  0.6324   0.7307 
  0.5656   0.1570 
  0.2670   0.5276 
  0.6153  -1.2099 
  0.4369  -0.6896 
  0.5559  -0.8475 
 -0.2144  -0.5725 
  0.7952   0.6105 
  0.8010  -0.7181 
  0.5752  -0.6127 
  0.7281   0.0902 
  0.5887  -1.0685 
  0.5271  -0.7980 
  0.2175  -0.0732 
  0.3600   0.5546 
  0.4506   0.5151 
 -0.8287  -0.8367 
 -0.7227   0.7881 
  0.6203   0.7800 
  0.4456  -0.3185 
  0.4288  -0.5746 
  0.7489   0.7017 
  0.4169   0.0584 
  0.9862  -0.4707 
  0.5975   0.7788 
  0.0801   0.5856 
  0.8722   0.2292 
  0.5323  -1.0614 
  0.7810   1.1201 
  0.1764   0.5813 
  0.7427  -0.8428 
  0.3713  -0.8301 
  0.6440   0.4801 
  0.4025   0.1512 
  0.1559   0.8096 
  0.4775  -1.0596 
  0.3811  -0.7333 
  0.4688  -0.5926 
  0.6656   0.3252 
  0.3789  -0.3372 
  0.3913  -0.2664 
  0.5594  -0.8081 
  0.5035  -0.2476 
  0.5138  -0.6355 
  0.2425  -0.4743 
  0.3469   0.5180 
  0.4223   0.6147 
  0.2230  -1.0226 
 -0.9246  -0.2001 
 -0.8788   0.2901 
 -0.8004  -0.4609 
 -0.8371  -0.9632 
 -0.8282  -0.1070 
 -0.8535   0.8025 
 -0.8559  -0.5947 
 -1.0479  -0.2496 
 -0.9270  -0.0516 
 -1.1288  -0.8047 
 -0.8447  -0.8141 
  0.2174  -0.3995 
  0.3847  -0.0724 
  0.9391   1.0296 
 -1.0806  -1.0109 
 -0.7654  -0.8194 
 -0.9158  -0.6078 
 -0.8653  -0.4534 
 -0.9107   0.9883 
 -0.8228  -1.0047 
 -1.0672   0.2451 
 -0.8593  -0.9982 
 -0.9433   0.4917 
 -0.9102   0.4843 
  0.6257   0.2517 
  0.5087  -0.2907 
 -0.6745  -0.8012 
 -0.7907   0.3204 
 -0.9058  -0.2443 
 -0.8229  -0.4949 
 -0.9128  -1.0006 
 -0.6965  -1.3225 
 -0.8023   0.6460 
 -0.9055  -0.8254 
 -0.7430   0.6259 
 -0.9256  -0.4525 
 -0.9439  -0.4638 
 -1.0537   0.6509 
 -0.8584   0.9265 
 -0.7423  -1.1678 
 -1.0143   0.6123 
 -0.8720  -0.6461 
 -0.6570  -0.9507 
 -0.7878  -0.9758 
  0.5291   0.4583 
  0.8613  -0.8200 
  0.2066   0.3636 
  0.4777   0.7268 
 -0.8770  -1.1055 
  0.4170  -0.0892 
  0.3465  -0.3417 
  0.1407  -0.3406 
  0.4340  -0.1139 
  0.7461   0.0603 
  0.3279  -0.6320 
  0.7043   0.2081 
 -0.7599  -0.0493 
 -0.7002   0.3196 
 -1.0661   0.3092 
 -1.0723   0.6589 
 -1.0008   0.8007 
 -0.7051  -1.1631 
 -0.8201   0.6955 
 -0.9521   0.4629 

