  1.1368  -0.5663 
  0.9530   0.5568 
  0.9461   0.9226 
  1.0181  -0.7731 
  1.0625   0.3081 
  0.8787   0.9596 
  0.9299   0.1098 
  0.8876   0.1545 
  0.9417   0.7723 
  0.9036  -0.6148 
  0.8973  -0.6010 
  1.0147   0.9001 
  1.0530  -0.1786 
  1.1263   0.0421 
  0.9319  -0.3540 
  0.9708   0.3247 
  0.8754   1.0622 
  1.1793  -0.6234 
  0.9548   0.4630 
  0.9523   0.2128 
  0.9095  -0.7047 
  0.8485  -0.3382 
  0.9614  -0.2666 
  0.8649   0.8307 
  0.9175   0.3913 
  0.7334  -0.0287 
  1.0074   0.3508 
 -0.7649   0.8296 
 -0.6080  -0.7090 
 -0.4730   0.7692 
 -0.9945  -0.6085 
 -0.4307   0.6534 
  0.7117   0.8935 
  0.9075   0.8134 
  0.8876  -0.1662 
  0.9004   0.2526 
 -0.1304   0.8837 
 -0.3481  -0.9405 
 -0.6436  -0.7304 
 -0.4180  -0.0413 
 -0.8030   0.3880 
 -0.8238   0.3677 
 -0.4336   0.7177 
 -0.1169  -0.3847 
 -0.3693   0.4778 
  0.8927  -0.7232 
  0.6543   0.0391 
  0.8908   0.6105 
  0.9957  -0.7757 
  0.9001  -0.5823 
  1.0676   0.6070 
  1.0025  -0.5345 
  0.9796  -0.8348 
  0.8960   0.6338 
  1.0797  -0.8498 
  0.7512   0.6271 
  0.9695   0.2726 
  0.8756   0.5887 
  1.0939  -0.6058 
  0.9550   0.8855 
  0.9732   0.4563 
 -0.5633   0.4610 
 -0.5513   0.6432 
 -0.6225  -0.7337 
 -0.4289   0.8093 
 -0.6560   0.4851 
 -0.3678   0.3823 
 -0.1333   0.8839 
 -0.5770   0.5240 
 -0.0744  -0.5230 
 -0.0773   0.4085 
 -0.4316   0.7613 
 -0.6006   0.7359 
 -0.3063  -0.6567 
 -0.7745   0.0934 
  0.8072  -0.7007 
  0.7637  -0.0113 
  0.9574   0.6213 
  1.1518   0.1465 
  0.7065   0.3688 
  1.0505  -0.2852 
 -0.6901  -0.0289 
 -0.6076  -0.7213 
 -0.3948  -0.4781 
 -0.2357   0.1159 
 -0.5209  -0.3314 
 -0.5036   0.2515 
 -0.2316  -0.3757 
 -0.4927  -0.6197 
 -0.3132  -0.9337 
 -0.4736   0.5638 
 -0.4563  -0.0574 
 -0.2284  -0.2627 
 -0.3364   1.1555 
 -0.6984  -0.9280 
 -0.2440  -0.1801 
 -0.6743  -0.5851 
 -0.1902   0.6622 
 -0.4480   0.8133 
 -0.8484   0.3847 
 -0.5176   0.4592 
 -0.3536   0.4570 
 -0.5413   0.9808 
  0.7029  -0.1667 
  1.0350   0.5054 
  0.9084   0.8966 
  1.0408  -0.5513 
  0.8180   0.8546 
  0.8948   0.2500 
  0.8080   0.6523 
  0.8805   0.0226 
 -0.4425   0.4069 
 -0.1364  -0.5816 
 -0.5453   0.7895 
 -0.1584   0.5186 
 -0.3635  -1.1381 
 -0.5960   0.2188 
 -0.5491  -0.2283 
 -0.1927   0.2560 
 -0.0345  -1.2966 
 -0.4435  -1.1178 
 -0.7652   0.5678 
 -0.7853  -1.0620 
 -0.7288  -0.8609 
 -0.4844   0.4967 
 -0.3664  -0.6402 
 -0.6956   0.6283 
 -0.3116   0.9779 
 -0.5829  -0.2401 
 -0.6848   0.6043 
 -0.4656  -0.5789 
 -0.8775  -0.4000 
  0.8549  -0.6068 
  0.9146   0.3005 
  0.8978  -0.8360 
  0.9686  -0.9376 
  0.9147   0.9322 
  1.0475  -0.3126 
  0.7381  -0.1494 
  0.9737  -0.9069 
  1.0160   0.0584 
  0.9507  -0.7630 
  0.8584  -0.1465 
 -0.2868  -0.2647 
 -0.3834  -0.4960 
 -0.2430   0.6335 
  0.0272   0.4860 
 -0.6674  -0.4737 
 -0.5195   0.1302 
 -0.1267  -0.6416 
 -1.0496   0.5001 
  1.1098  -0.9668 
  0.8679   0.6305 
  1.1561  -0.9046 
  1.0251   0.2701 
  0.7709   0.1772 
  1.0663  -0.1339 
  0.8792   0.6169 
  0.8584  -0.5184 
  0.8930  -0.5467 
  0.8376  -0.8273 
 -0.4630  -0.9922 
 -0.4476  -0.8038 
 -0.3412  -0.2602 
 -0.5610  -0.1988 
 -0.2825  -1.2258 
  0.1935  -0.3558 
  0.0237  -1.1032 
 -0.1649  -0.2223 
 -0.2715  -0.6057 
 -0.4857   0.3552 
 -0.3093   0.8870 
 -0.8077   0.0273 
 -0.4666  -0.3750 
 -0.6027   0.5128 
 -0.2306  -0.3894 
 -0.8134   0.6031 
 -0.9452  -0.0161 
 -0.0466   0.1831 
 -0.4409  -0.1142 
 -0.2933   0.3795 
 -0.5879   1.0414 
 -0.1105  -0.2668 
 -0.2834  -0.0491 
 -0.8136   0.9490 
 -0.5549   0.0648 
 -0.6127  -0.1918 
 -0.1947   0.3548 
 -0.4166  -0.3127 
 -0.7121   0.5411 
 -0.3753  -0.2613 
 -0.3208  -0.7073 
 -0.4841   0.2996 
 -0.6899   0.5602 
 -0.6150  -0.6774 
 -0.6554   0.9586 
 -0.1316   0.7462 
 -0.0338  -0.5914 
 -0.3553  -0.8784 
 -0.6105  -0.7946 
  0.4691   0.0469 
 -0.2945   0.7324 
 -0.5231   0.6911 
 -0.0779  -0.6560 
 -0.4208  -0.0005 
 -0.5901   0.1152 
 -0.3765   0.1077 
 -0.5029  -0.3711 
 -0.4178   0.9975 
 -0.3976  -0.4045 
 -0.5262   1.0943 
 -0.3138   0.1249 
 -0.3081   0.7241 
 -0.2463   0.3358 
 -0.5796  -0.3375 
 -0.5428   0.3578 
 -0.7781   0.6920 
 -0.4389  -0.2786 
 -0.4694   0.6673 
 -0.1938  -1.1724 
 -0.4395   0.2551 
 -0.2521  -0.9587 
 -0.4579  -0.6747 
  0.9718  -0.7407 
  0.9816  -0.8283 
  0.7576  -0.0651 
  0.9151   0.6768 
  0.6739   0.5065 
  0.9405  -0.1875 
  0.8631   0.9485 
  0.9275   0.8262 
  0.8891   0.1514 
  1.0791  -0.4321 
  1.1244  -0.6210 
  1.0149  -0.4067 
  0.8250  -0.1386 
  0.8376  -0.6606 
  1.0813  -0.5839 
 -0.4977  -0.7940 
  0.1427  -0.3971 
 -0.3742  -0.6348 
 -0.1984   0.4437 
 -0.4700   0.3229 
 -0.1461   0.0966 
  0.8310   0.6620 
  0.7390   0.4217 
  1.0279   0.4851 
  0.9907  -0.8469 
  0.8615   0.1544 
  1.0638   0.3769 
  0.9210   0.6676 
  0.9576   0.8500 
  0.9392  -0.0940 
  0.9098   0.6835 
  0.9325  -0.5226 
  0.8125   0.1855 
  1.0776  -0.1118 
  0.9178  -0.7222 
  1.0088  -0.7284 
  0.6263   0.9800 
  1.0547  -0.2085 
  0.9382   0.2444 
  0.8703   0.7766 
 -0.7649  -0.9936 
 -0.8374   0.1144 
 -0.5721   0.1966 
 -0.2287  -0.1952 
 -0.1974  -1.2238 
 -0.5400   0.5084 
 -0.6790  -1.0366 
 -0.1329  -0.8457 
 -0.6438  -0.6189 
 -0.6906  -0.1029 
 -0.7685   0.2424 
  1.0028   0.5879 
 -0.3381   0.2959 
 -0.5222   0.7218 
 -0.4559   0.2893 
  0.8475   0.6314 
  0.8500   0.9851 
  0.9012   1.0840 
  0.8157   0.7790 
  0.7583  -0.8170 
  1.1251  -0.9883 
  0.7321   0.6921 
  0.9762   0.8394 
  0.9611   0.8060 
  1.0411  -0.5287 
  0.8099   1.0267 
  0.8138   1.2444 
  1.0414  -0.5951 
  0.6220  -0.5873 
  1.1132  -0.5258 
 -0.3186   0.6304 
 -0.4268  -0.1139 
 -0.5818   0.3163 
 -0.1710  -0.5278 
 -0.4695   0.6969 
 -0.4086   0.6272 
 -0.3977  -0.9655 
 -0.5880  -0.7629 
 -0.5242   0.5679 
 -0.4825  -1.0157 
 -0.1511  -0.9611 
 -0.6284  -0.3686 
 -0.7103   0.8056 
 -0.2739  -1.0864 
 -0.2936  -1.1600 
 -0.9269  -0.8375 
 -0.2435   0.0889 
 -0.0744  -0.1276 
 -0.5685   0.2261 
 -0.5179   0.6925 
 -0.2754   0.2472 
 -0.4937  -0.0621 
 -0.3841   0.5222 
 -0.3900   0.3099 
 -0.3750   1.1856 
  0.7678  -0.6301 
  0.8066  -0.3111 
 -0.5765   0.7077 
  0.9592   0.5710 
  1.1319  -0.1404 
  1.1114   0.9636 
  0.9336  -0.2433 
  0.9995  -0.6055 
  0.8765   0.8916 
 -0.4436  -0.0275 
 -0.5139   0.4437 
 -0.4540   0.5832 
 -0.7832  -0.8473 
 -0.6341  -0.8333 
 -0.5211  -0.4171 
 -0.6832   0.1687 
  1.1212  -0.6856 
  0.9508  -0.3397 
 -0.5101  -0.4179 
 -0.3526   0.0382 
 -0.7574  -1.0644 
 -0.2097  -0.5624 
 -0.2756  -1.3052 
 -0.6849  -0.5099 
 -0.3085  -1.1583 
 -0.1431   0.1078 
 -0.3441   0.6100 
 -0.3294  -0.3124 
 -0.0460   0.0805 
 -0.6922  -0.8265 
 -0.7140   0.8241 
 -0.2475  -0.7641 
 -0.1357  -0.4643 
 -0.7515   0.8255 
 -0.8728   0.7610 
 -0.3855   1.0299 
 -0.8022  -0.0167 
 -0.4514  -0.8129 
 -0.3534   0.1894 
 -0.3788  -0.1285 
 -0.4140  -0.3260 
 -0.2610  -1.0727 
 -0.3765   0.6391 
 -0.3765   0.6727 
 -0.2587   1.0377 
 -0.7768  -0.6249 
 -0.7365   0.2747 
 -0.7773  -0.3516 
 -0.2731   0.5400 
 -0.6196   0.5724 
 -0.2708  -0.4869 
 -0.7224  -0.5166 
 -0.6630  -0.0735 
 -0.5555  -0.0385 
 -0.6666  -0.3604 
 -0.4880  -0.5781 
 -0.7147  -0.2987 
 -0.4645   0.9636 
 -0.4501  -0.3450 
 -0.3528  -0.6002 
 -0.4781  -0.1833 
 -0.5229   1.1468 
 -0.0998  -0.6122 
 -0.8259  -0.2186 
 -0.2934   0.5654 
 -0.6795  -0.3133 
 -0.5250  -0.5279 
 -0.2021   1.2531 
 -0.3214   0.2577 
 -0.6164  -0.3329 
  1.0200  -0.8040 
  0.8350  -0.6883 
  0.9396   0.0882 
  0.8514   0.5158 
  1.0900  -0.1553 
  0.9951   0.7833 
  0.9660  -0.1025 
 -0.8852   0.4116 
  0.9477   0.2014 
  1.0026  -0.2394 
  0.9221   0.2294 
  0.7664  -0.7506 
  1.0824   0.6615 
  0.8798  -0.8766 
 -0.4347   0.2553 
 -0.4930  -0.6026 
 -0.0041  -0.6128 
 -0.9267   0.7026 
 -0.1319  -0.1001 
 -0.6803   0.8956 
 -0.6351   0.2941 
 -0.7073  -0.6816 
 -0.4618   0.8665 
 -0.1201  -0.2275 
  0.1416  -0.5763 
 -0.1109  -0.4092 
 -0.8039   0.6646 
 -0.3969  -0.7773 
 -0.3158   0.4141 
 -0.7514  -0.9721 
 -0.5955  -0.0642 
 -0.3172  -0.0578 
 -0.4432   0.8090 
 -0.6177  -0.4992 
 -0.3332  -0.9316 
  0.9063   0.2230 
  0.7513   0.6129 
  0.9112  -0.5487 
  0.8406  -0.8241 
  0.8916  -0.0256 
  0.9917  -0.9796 
  0.7544  -0.5428 
  0.8758   0.0323 
  0.8885  -0.3257 
  0.9580   0.4587 
  1.0901  -0.7109 
  1.0043  -0.2462 
  0.8564  -0.1254 
  0.8866  -0.4461 
  1.0739  -0.9312 
  1.0680  -0.5229 
  0.9499  -0.1626 
  1.0788  -0.7014 
  0.7895   0.7482 
  0.8394   0.5471 
  1.1555  -0.9893 
 -0.4499  -0.3529 
 -0.5358  -0.4116 
 -0.6617   0.2999 
 -0.3590  -1.2715 
 -0.4385   0.6422 
 -0.7139  -0.5803 
 -0.5293  -0.7019 
 -0.3066  -0.0514 
 -0.4684   0.1066 
 -0.2129  -1.1691 
 -0.7907   0.5896 
  0.8673   0.4728 
  1.1102  -0.7140 
  0.9004  -0.9946 
  0.9829   0.7630 
  0.9215   0.9729 
  0.9553  -0.6505 
 -0.7664   0.5023 
 -0.6589   0.0606 
 -0.1374  -0.5802 
 -0.4937  -0.3692 
 -0.5830  -0.4500 
 -0.6087  -0.9835 
 -0.5677   0.4678 
 -0.6641  -0.0411 
 -0.4404   0.2665 
 -0.1068   0.3343 
 -0.6635   0.2702 
 -0.8286   0.5632 
 -0.6585   0.0305 
 -0.6941  -0.7748 
 -0.2679   0.1571 
 -0.2273  -0.6673 
 -0.5548  -0.5148 
  0.0693  -0.1903 
 -0.6952   0.6424 
 -0.3199  -0.6332 
 -0.2438  -0.7812 
 -0.8257   0.6013 
 -0.8513  -0.2213 
 -0.4281   0.3198 
 -0.8356   0.7174 
 -0.6297   0.5475 
 -0.5387  -0.5076 
 -0.5540  -1.2065 
 -0.6938  -0.7141 
  0.8596  -0.9413 
 -0.7148   0.4384 
 -0.6614  -0.5883 
 -0.5253   0.8551 
 -0.3928  -0.5060 
 -0.7045  -0.5084 
 -0.6588   0.6618 
 -0.7905  -0.8607 
 -0.2146   1.0859 
 -0.6796  -0.9597 
 -0.3282   0.8057 
 -0.4584  -0.3714 
 -0.4106  -0.2699 
 -0.2816  -0.5823 
 -0.4967   0.9019 
 -0.5755  -0.2315 
 -0.6169  -0.1747 
 -0.6427   0.3009 
 -0.5131   0.3609 
 -0.7044  -1.1285 
 -0.5166  -0.6696 
 -0.3867   0.4285 
 -0.3514   0.7627 
 -0.8179   0.2102 
 -0.8006  -0.0159 
 -0.3595   0.5721 
 -0.2886   1.0010 
 -0.0896  -0.4361 
 -0.2350  -0.1386 
  0.9487   0.9200 
  0.9008  -0.3320 
  0.8541  -0.8726 
  1.0483  -0.1682 
  0.6763   0.1304 
  1.0302   0.6928 
  0.8720   0.9847 
  0.9463   0.8419 
 -0.4411   0.1440 
 -0.5223  -0.8608 
 -0.4949   0.6305 
 -0.3252   0.1007 
  0.7814  -0.3533 
  0.8832  -0.8128 
  0.8674  -0.5451 
  0.7864   0.5570 
  0.6564   0.0579 
  0.8536   1.1256 
  0.8325   0.0289 
  1.0829  -0.7718 
  0.7254   0.8668 
 -0.3073  -1.2024 
  0.1364  -0.0908 
 -0.3029  -1.1557 
 -0.7665   0.3292 
 -0.6023  -0.8886 
 -0.5236  -0.5797 
 -0.6303   0.1213 
 -0.5828  -0.0666 
 -0.7394   0.1318 
 -0.4393  -0.1588 
 -0.6883   0.3533 
  0.0173  -1.2213 
 -0.3548   0.9375 
  0.8183   0.9537 
  0.8901  -0.7470 
  0.8734   0.3473 
  0.9655   1.2145 
  0.8503   1.0617 
  0.9543  -0.3345 
  0.9193  -0.4829 
  0.9736   0.8162 
  0.8893   0.3432 
  0.8575   0.9461 
  0.9032  -0.3084 
  0.9374  -0.2969 
  0.9652  -0.7568 
  1.0565   0.7177 
  1.0511  -0.5537 
  0.9053   0.2066 
  0.9372  -0.4727 
  0.6955   0.9242 
  0.8986  -0.4396 
  0.9207  -0.2701 
  0.9079  -0.0687 
 -0.5098  -0.1483 
 -0.8064  -0.8778 
 -0.5388  -1.0804 
 -0.4599  -0.2955 
  0.0689  -0.9954 
 -0.3331  -1.0835 
 -0.9090  -0.8034 
 -0.4210   0.5311 
 -0.4238   0.4465 
 -0.4143  -0.8053 
 -0.3047  -0.8257 
 -0.2024  -0.3677 
 -0.3470  -0.8084 
 -0.4863   0.3594 
 -0.4710  -0.4630 
 -0.3461  -1.0780 
 -0.5283   0.8302 
 -0.6715  -0.3470 
 -0.0983  -1.0573 
 -0.2857  -0.1944 
 -0.5082  -0.8033 
 -0.5613   0.1440 
 -0.7522   0.7613 
 -0.3366   0.6604 
 -0.0822  -1.3134 
 -0.7212   0.6577 
 -0.3109  -0.2489 
 -0.3084   0.4771 
 -0.6016  -0.9419 
  0.9315   0.3170 
  0.8789  -0.6200 
  1.0003  -0.5541 
  0.8407   0.4495 
  1.0405   0.2516 
  1.0238  -0.6743 
  0.9595   0.5511 
  0.9475  -0.8765 
  0.9563  -0.3315 
  0.8178  -0.6487 
  0.8835   0.9910 
  0.9395  -0.2306 
  1.0528  -0.1999 
  1.0030  -0.8945 
  0.9613  -0.2439 
  1.1211   0.7199 
  0.7487  -0.2896 
  1.0135   0.6787 
 -0.4565   0.8535 
 -0.7675  -0.1985 
 -0.4991  -0.6052 
 -0.6907   0.8804 
 -0.5683  -0.0223 
 -0.6880   0.2089 
 -0.6270   0.3666 
  1.0080   0.7053 
  1.0631  -0.1783 
  0.9774  -0.8042 
  1.0018   0.5314 
  0.9142  -0.3902 
  0.9300  -0.0326 
  0.9837   0.7800 
  0.7080  -0.5430 
  0.7121   0.2660 
  0.8255   0.8227 
  0.9423  -0.3498 
  0.8540  -0.4696 
 -0.6077   0.2061 
 -0.3419  -1.3303 
  0.0691  -1.2932 
 -0.6359   0.5496 
 -0.2946   0.3798 
 -0.2909  -1.1762 
 -0.3603  -0.2841 
 -0.1971   0.8331 
 -0.2708  -0.3249 
 -0.8701   0.7689 
 -0.8361  -0.3570 
 -0.7174   0.9082 
 -0.5064   0.3587 
 -0.4303   0.6624 
 -0.5352  -0.2872 
 -1.0769  -0.0161 
 -0.2560   0.2586 
  0.0750  -1.1321 
 -0.1820  -0.9683 
  0.1858   0.0507 
 -0.6875  -0.1092 
 -0.5298  -0.6630 
 -0.4765  -0.5664 
 -0.3020  -0.5766 
 -0.6266  -0.3690 
 -0.4296   0.6139 
 -0.6943   0.6404 
 -0.5061   0.9999 
 -0.3850   1.1574 
 -0.3164  -0.3647 
 -0.2902  -0.5708 
 -0.7290  -0.8858 
 -0.3929   0.5617 
 -0.7247  -0.0592 
 -0.4503  -0.8047 
 -0.4519   0.3295 
 -0.3019  -0.2816 
  0.0781  -0.7795 
 -0.4274   0.5270 
 -0.7548  -0.7320 
  0.2301   0.3928 
  0.7497   0.6675 
  0.9366  -0.2950 
  1.0173   0.7449 
  1.0872  -0.8080 
 -0.4757   1.1007 
 -0.4936   0.5275 
 -0.2326   0.2318 
 -0.7531   0.7545 
 -0.6824  -0.5255 
 -0.8126   0.7204 
 -0.3139   0.7254 
 -0.2496  -0.5312 
 -0.3924   0.1881 
 -0.7890  -0.4583 
 -0.6034  -0.8801 
 -0.1516   0.0606 
 -0.3955  -0.3786 
 -0.5643   0.2762 
 -0.6386  -0.8160 
 -0.3611  -0.4000 
 -0.4521   0.0560 
 -0.6520  -0.1186 
 -0.4792  -0.2476 
 -0.4025  -0.4703 
 -0.4398  -0.2452 
 -0.4637  -0.4307 
 -0.4743  -0.7773 
 -0.8746  -0.3162 
 -0.0982  -0.3553 
 -0.0784  -0.7983 
 -0.5567   0.7819 
 -0.5805   0.8863 
 -0.3810  -0.4847 
 -0.2387   0.1097 
 -0.5838   0.1339 
 -0.5027   0.7912 
 -0.5660  -0.7342 
 -0.9026   0.7020 
 -0.6347   0.7526 
 -0.3020   0.5817 
 -0.3547  -1.0397 
 -0.6995   0.1776 
 -0.4026  -0.1258 
 -0.4765   0.7246 
 -0.6927  -0.5639 
 -0.1509   1.2420 
 -0.2598  -0.4186 
 -0.6499  -0.9431 
 -0.6703  -0.7096 
 -0.4477   0.3554 
 -0.1552  -0.5031 
 -0.4715  -0.3631 
 -0.5246   0.0418 
 -0.1751  -0.5905 
 -0.5018  -0.2495 
 -0.5692  -0.2601 
 -0.5834   0.1555 
 -0.5176   0.2632 
 -0.1411  -0.2264 
  0.7981  -0.4100 
  0.8912   0.2397 
  0.8256  -0.7967 
  0.9834  -0.5524 
  0.9209  -0.8896 
  0.8517   0.7665 
  1.0888  -0.1654 
  0.9014   0.4619 
 -0.6424  -0.3221 
 -0.5517  -0.6270 
 -0.9081  -0.2855 
 -0.2597   0.0945 
 -0.7082  -0.5301 
 -1.0271   0.8185 
 -0.1859   0.2466 
 -0.7418  -0.9048 
 -0.1691   0.4085 
 -0.3654  -0.6388 
 -0.7842  -0.9698 
  0.8942   0.0122 
  1.0127  -0.2527 
  0.7726  -0.8343 
  0.8707   0.4902 
  0.9200   0.3975 
 -0.3333  -0.9606 
 -0.2426  -0.8873 
 -0.5361   0.2376 
 -0.5386   0.4371 
  0.9517  -0.3154 
  0.9349  -0.2564 
  0.9019  -0.3761 
  0.9806  -0.6759 
  1.0485  -0.0504 
 -0.2490  -0.4168 
 -0.4012   0.5888 
 -0.3946   0.7798 
 -0.4176   1.1601 
 -0.3111   0.7616 
 -0.5617   0.5862 
 -0.5515  -1.0805 
 -0.7320   0.8120 
 -0.2101  -0.2117 
 -0.4266  -0.9454 
 -0.1798  -0.2936 
 -0.4058  -0.9126 
 -0.3846  -0.4083 
 -0.5188  -0.9488 
 -0.4605   0.5083 
 -0.0015  -0.1778 
 -0.5146  -0.2026 
  0.1032  -1.0278 
 -0.1253  -1.3052 
 -0.6886  -0.9341 
 -0.2008   0.5363 
 -0.4867   0.1323 
 -0.2581  -0.2734 
 -0.6209  -1.2277 
 -0.4383   0.2158 
 -0.8992  -0.5983 
 -0.3501  -1.1088 
 -0.5992   0.3412 
 -0.6609   0.5811 
 -0.5476  -0.7569 
 -0.4344  -0.9108 
 -0.9200   0.0883 
 -0.5526   0.5113 
 -0.6363  -0.9503 
 -0.8765   0.7596 
 -0.4381  -0.2749 
 -0.6942   0.2315 
 -0.8926   0.6158 
 -0.5280  -1.1249 
 -0.2516   0.3974 
 -0.6551   0.1250 
 -0.7154  -0.5777 
 -0.6182  -0.7456 
 -0.1914   0.3957 
 -0.5463  -1.0965 
 -0.8439   0.2697 
  0.2449  -0.9456 
 -0.5239   0.5807 
 -0.5172   0.2521 
 -0.4103  -0.5257 
 -0.4754  -0.2733 
 -0.4077   0.0117 
 -0.1951   0.5468 
 -0.6246   0.8077 
 -0.1243   0.1258 
 -0.3652  -1.1287 
 -0.7228  -0.5126 
 -0.6541  -1.1772 
 -0.7181  -0.7533 
 -0.9879   0.6738 
 -0.1758  -0.4247 
 -0.8260   0.9366 
 -0.0857  -0.2412 
  0.8896  -0.4960 
  0.9539  -0.5850 
  0.8334   0.7351 
 -0.5558   0.5327 
 -0.7152  -0.2912 
 -0.5802  -1.1372 
 -0.3753  -0.9946 
 -0.5374  -0.6131 
 -0.5386  -0.8543 
 -0.6352   0.0056 
 -0.4803   0.2696 
 -0.4447   0.4486 
 -0.8981   0.9195 
 -0.3825   0.9467 
 -0.5067   0.5597 
 -0.3992   0.1693 
 -0.5116   1.1280 
 -0.1949   0.8803 
 -0.4235   0.6603 
  0.8715   0.6130 
  1.0723  -0.8625 
  0.8612   0.1241 
  0.9679  -0.9560 
  0.9419   0.7791 
  0.8421   0.6091 
  0.7816   0.1294 
  0.8833  -0.3192 
  0.8792   1.1357 
  0.8348   0.8695 
  0.9508  -0.8393 
  0.8817  -0.2733 
 -0.6101  -1.2759 
 -0.5779   0.4429 
 -0.6492  -0.9293 
 -0.6768  -0.5143 
 -0.7782   0.7250 
 -0.2458   0.5272 
 -0.7073  -0.3346 
 -0.5674   1.0303 
 -0.1746  -0.2471 
 -0.2407   0.2753 
 -0.3651  -0.2347 
 -0.5469  -0.0460 
 -0.2896   0.3666 
  0.8894  -0.3218 
  0.9554   0.1037 
  1.0278  -0.1405 
  0.8340  -0.6116 
  1.0239  -0.5523 
  1.0849  -0.3916 
  0.8576  -0.5499 
 -0.6975  -0.5456 
 -0.6833   0.7775 
 -0.6727   0.9881 
 -0.5394   0.4596 
 -0.2958   0.7475 
 -0.5069  -0.9945 
 -0.3056  -0.3301 
 -0.4663  -0.7964 
  0.2909  -0.2766 
 -0.8328   1.0757 
 -0.7122  -0.4714 
 -0.5052  -0.3337 
 -0.6863   0.2012 
 -0.4784  -0.7342 
 -0.4318  -0.3617 
 -0.2016   0.1582 
 -0.3776   0.8177 
 -0.4640   0.7628 
  0.9415  -0.6003 
  0.7069   1.1885 
 -0.5725   0.2676 
 -0.3361  -0.8704 
 -0.2778  -1.0618 
 -0.6908   0.2669 
 -0.2947  -0.3059 
 -0.8589  -0.7928 
 -0.6592   0.9169 
 -0.1462   0.9154 
 -0.8897   0.3667 
 -0.4073  -0.5773 
 -0.7950   0.7738 
 -0.1812  -0.0273 
 -0.6470  -0.4867 
 -0.2910  -0.6105 
 -0.6697   0.9185 
 -0.3879   0.5574 
 -0.1847   1.1009 
 -0.4236  -0.6057 
 -0.3284  -0.4681 
 -0.4273  -0.1981 
 -0.6393   0.6448 
 -0.3463  -0.2804 
 -0.3477  -0.0278 
 -0.5173  -0.4970 
 -0.4404   0.1454 
 -0.4403  -0.3845 
 -0.1417  -0.0997 
 -0.3980   0.9102 
 -0.3795   0.0927 
 -0.1044  -0.7241 
  1.0124  -0.1948 
  0.8576   0.5489 
  0.8844  -0.2083 
  0.9793  -0.8251 
  0.8857  -0.0889 
  0.8450   0.6321 
  0.9782  -0.4119 
  1.0447  -0.1640 
  0.9826   0.1160 
  1.2503  -0.8169 
  0.9963  -0.6140 
 -0.0712  -0.9171 
 -0.3259  -0.5132 
 -0.9428   0.7493 
  1.1867  -1.0168 
  0.8947  -0.5282 
  0.9993  -0.5695 
  1.0092  -0.3096 
  0.8937   0.8880 
  0.8955  -0.7278 
  1.0467   0.3500 
  0.9766  -0.7677 
  0.9069   0.7152 
  0.8212   0.8607 
 -0.6598  -0.0837 
 -0.4020  -0.7154 
  0.7876  -1.2309 
  0.7224   0.7772 
  0.9637   0.0269 
  0.9591  -0.4950 
  1.0197  -0.7309 
  0.8226  -0.9000 
  0.7625   0.9848 
  1.0366  -0.7300 
  0.7167   1.0135 
  1.0234  -0.3478 
  1.0538  -0.3473 
  1.0218   0.6624 
  0.8446   1.1457 
  0.8739  -0.8903 
  0.9876   0.6663 
  0.9782  -0.5987 
  0.7779  -0.6096 
  0.9400  -0.8411 
 -0.5940   0.7222 
 -0.7766  -0.3942 
 -0.2470   0.7513 
 -0.5395   1.0256 
  0.9582  -0.8029 
 -0.3998  -0.4859 
 -0.2376  -0.8365 
 -0.0572  -0.5734 
 -0.3577  -0.5334 
 -0.6385  -0.2999 
 -0.2233  -1.0699 
 -0.6757  -0.1481 
  0.7252   0.4276 
  0.6437   0.8497 
  0.9984   0.5127 
  1.0077   0.7211 
  0.9969   0.8646 
  0.8393  -0.8279 
  0.7972   1.0015 
  0.9099   0.6166 

