 -1.0178  -0.3407 
 -0.8001   0.6661 
 -0.8048   1.0458 
 -0.7418  -0.6552 
 -0.9758   0.5061 
 -0.7807   1.0413 
 -0.9302   0.2137 
 -0.7309   0.2330 
 -0.9373   0.9029 
 -0.8582  -0.5864 
 -0.6230  -0.5314 
 -0.9043   1.0724 
 -0.8872  -0.0286 
 -1.0142   0.2657 
 -0.8529  -0.2948 
 -0.7084   0.4489 
 -0.7708   1.1417 
 -0.7593  -0.3939 
 -0.6160   0.4547 
 -0.6718   0.1723 
 -0.3580  -0.7243 
 -0.5870  -0.4645 
 -0.8431  -0.3065 
 -0.8645   0.7507 
 -0.7831   0.4870 
 -0.8219  -0.1560 
 -0.7110   0.5287 
  0.2522   0.9224 
  0.9379  -0.8005 
  0.8324   0.7994 
  0.9747  -0.6728 
  0.8210   0.6761 
 -0.6414   0.8407 
 -0.7544   0.9090 
 -0.6377  -0.1224 
 -0.8815   0.3357 
  0.6292   1.0055 
  0.8272  -0.8963 
  0.9644  -0.7764 
  0.8290   0.0210 
  0.9620   0.3651 
  0.9453   0.3945 
  0.7853   0.7155 
  0.6907  -0.2908 
  0.7614   0.4931 
 -0.7243  -0.7038 
 -0.4797  -0.0531 
 -0.9193   0.6834 
 -0.6859  -0.6609 
 -0.8396  -0.5623 
 -0.8544   0.7922 
 -0.7242  -0.4088 
 -0.8579  -0.7438 
 -0.7493   0.7178 
 -0.9640  -0.6779 
 -0.8187   0.5890 
 -0.6023   0.4358 
 -1.0270   0.7059 
 -0.9186  -0.4320 
 -0.9900   1.0329 
 -0.6817   0.6264 
  0.8776   0.5914 
  0.8663   0.7325 
  0.9439  -0.6987 
  0.8234   0.9591 
  0.9199   0.5631 
  0.8169   0.4727 
  0.6596   1.0422 
  0.9245   0.2923 
  0.5949  -0.5515 
  0.5943   0.4192 
  0.8030   0.7281 
  0.8690   0.7202 
  0.7506  -0.7543 
  0.9853   0.0522 
 -0.7310  -0.7667 
 -0.7451  -0.0875 
 -0.8723   0.7515 
 -0.9503   0.3944 
 -0.4161   0.3572 
 -0.8942  -0.1187 
  0.9666  -0.1040 
  0.9501  -0.7854 
  0.9097  -0.6119 
  0.7430   0.1965 
  0.9044  -0.3247 
  0.8634   0.3201 
  0.7427  -0.3527 
  0.8961  -0.6347 
  0.8489  -0.7838 
  0.8575   0.6173 
  0.8169  -0.0989 
  0.7983  -0.0917 
  0.6954   1.1290 
  0.2964  -0.8555 
  0.8009  -0.0164 
  0.9560  -0.5945 
  0.7428   0.8322 
  0.8163   0.9041 
  1.0029   0.1997 
  0.8882   0.5039 
  0.7762   0.5662 
  0.8386   0.9728 
 -0.3917  -0.1931 
 -1.0588   0.7134 
 -0.9503   1.0050 
 -0.5825  -0.3764 
 -1.0214   0.9398 
 -0.7804   0.2872 
 -0.5253   0.7212 
 -0.8131   0.0865 
  0.8360   0.4656 
  0.7203  -0.4747 
 -0.0615   0.8876 
 -0.3647   0.7214 
 -0.1827  -1.0634 
  0.0347   0.3212 
 -0.0567  -0.1871 
 -0.4377   0.3694 
 -0.4571  -1.1540 
 -0.1067  -1.0648 
  0.2014   0.5926 
  0.3520  -1.0120 
  0.3073  -0.8120 
 -0.2420   0.5137 
  0.8388  -0.5418 
  0.9240   0.6971 
  0.7445   1.0739 
  0.9144  -0.1796 
  0.9694   0.4215 
  0.9537  -0.7361 
  1.0519  -0.5660 
 -0.7831  -0.7382 
 -0.6704   0.2463 
 -0.7243  -0.9477 
 -0.5886  -0.9875 
 -0.7336   0.8835 
 -0.7740  -0.3267 
 -0.9329  -0.2095 
 -0.9213  -0.9281 
 -0.8051   0.0444 
 -0.7318  -0.8396 
 -0.8533  -0.1356 
  0.8036  -0.1049 
  0.8382  -0.4830 
  0.6722   0.6839 
  0.5493   0.6496 
  0.2405  -0.3922 
 -0.0719   0.2207 
 -0.3790  -0.4967 
  0.9225   0.4650 
 -0.8165  -0.7797 
 -0.7514   0.6700 
 -0.7690  -0.6931 
 -0.8880   0.4487 
 -0.6269   0.1303 
 -0.7794   0.0552 
 -0.6674   0.7197 
 -0.6556  -0.4956 
 -0.8800  -0.5195 
 -1.0055  -0.7409 
 -0.0963  -0.9340 
  0.0148  -0.6575 
 -0.1876  -0.1281 
 -0.0841  -0.1580 
 -0.3106  -1.1521 
 -0.7020  -0.2152 
 -0.6280  -1.0610 
 -0.5505  -0.2221 
  0.7562  -0.6094 
  0.8480   0.4056 
  0.7132   0.8871 
  0.9749  -0.0103 
  0.8888  -0.3003 
  0.8880   0.6059 
  0.7620  -0.2560 
  0.9238   0.6614 
  1.0129  -0.0930 
  0.6249   0.2708 
  0.8578  -0.1437 
  0.7823   0.5637 
  0.8625   1.0435 
  0.6901  -0.1890 
  0.7678  -0.0300 
  0.9572   0.8496 
  0.9089   0.0709 
  0.9180  -0.1570 
  0.6888   0.3937 
  0.8439  -0.2853 
  0.9108   0.6066 
  0.8309  -0.2404 
  0.8405  -0.5737 
  0.8512   0.3790 
  0.9064   0.5668 
 -0.0151  -0.7147 
  0.8845   0.8027 
  0.6093   0.8391 
  0.6199  -0.4841 
  0.8471  -0.7992 
  0.9533  -0.7831 
  0.0092   0.0981 
  0.7171   0.7913 
  0.8288   0.6716 
  0.6016  -0.6678 
  0.8309   0.0961 
  0.8897   0.1013 
  0.7915   0.0694 
  0.9149  -0.2778 
  0.7615   1.0015 
  0.8478  -0.3715 
  0.8522   1.1634 
  0.7804   0.2665 
  0.7718   0.8125 
  0.7340   0.3820 
  0.9033  -0.2644 
  0.8990   0.3743 
  0.9401   0.6441 
  0.8178  -0.3829 
  0.8289   0.7495 
 -0.2837  -1.0249 
 -0.1458   0.3935 
 -0.1283  -0.9266 
  0.9264  -0.8419 
 -0.7058  -0.8016 
 -0.5831  -0.8721 
 -0.8593  -0.2126 
 -0.8196   0.7705 
 -0.4593   0.3421 
 -0.7452  -0.2623 
 -0.5981   0.8798 
 -0.8669   0.7891 
 -0.8228   0.0569 
 -0.6306  -0.3889 
 -0.7261  -0.5459 
 -0.7938  -0.4302 
 -0.8106  -0.2741 
 -0.9543  -0.6366 
 -0.8793  -0.4267 
 -0.0285  -0.7028 
 -0.7208  -0.3638 
 -0.2862  -0.6702 
 -0.4068   0.5910 
 -0.3192   0.1303 
 -0.4946   0.1746 
 -0.7520   0.6957 
 -0.5759   0.4108 
 -0.9701   0.6780 
 -0.6227  -0.7228 
 -0.6893   0.2076 
 -0.7691   0.5891 
 -0.8170   0.7735 
 -0.7288   1.0039 
 -0.7601  -0.0179 
 -0.6987   0.8098 
 -0.9954  -0.4104 
 -0.4722   0.2496 
 -0.9105   0.0730 
 -0.7595  -0.6782 
 -0.8418  -0.6170 
 -0.5673   0.8441 
 -0.7253  -0.0363 
 -0.6813   0.3452 
 -0.5535   0.9110 
  0.9995  -1.0314 
  0.9720   0.0407 
  0.9069   0.3338 
  0.7233  -0.1838 
 -0.2887  -1.0692 
  0.1347   0.7107 
  0.1048  -1.0493 
 -0.3280  -0.6684 
 -0.0266  -0.8277 
  0.1722  -0.0279 
  0.1951   0.2465 
 -0.9811   0.7625 
 -0.3285   0.3724 
 -0.0097   0.8646 
 -0.2244   0.3430 
 -0.7382   0.6771 
 -1.0544   1.1162 
 -0.9099   1.1761 
 -0.5481   0.8731 
 -0.5516  -0.9922 
 -0.6627  -0.7779 
 -0.7303   0.6385 
 -0.8050   0.9923 
 -0.8704   0.9404 
 -0.8317  -0.3909 
 -0.8068   1.0453 
 -0.7221   1.2683 
 -0.7196  -0.4225 
 -0.3228  -0.6573 
 -0.8940  -0.3368 
  0.7479   0.7321 
  0.8428  -0.0610 
  0.8857   0.4135 
  0.6906  -0.4899 
 -0.2058   0.7601 
 -0.1666   0.7830 
 -0.1032  -0.8415 
  0.0985  -0.6735 
 -0.1630   0.5984 
 -0.0376  -0.9470 
 -0.3898  -0.8518 
  0.1224  -0.3118 
  0.1993   0.9143 
 -0.2708  -0.9989 
 -0.3737  -1.2242 
  0.5883  -0.8445 
 -0.2791   0.2692 
 -0.5959  -0.0791 
  0.0145   0.3265 
 -0.1462   0.7598 
 -0.3501   0.3785 
  0.0164   0.0855 
 -0.3560   0.5297 
  0.8474   0.4370 
  0.7754   1.2684 
 -0.3514  -0.7552 
 -0.5927  -0.3260 
 -0.0495   0.7692 
 -0.7984   0.7114 
 -0.9779   0.0914 
 -0.8873   1.1903 
 -0.8254  -0.1665 
 -0.9606  -0.4814 
 -0.9177   0.9587 
  0.8633   0.0265 
  0.8760   0.4335 
  0.8228   0.6819 
  0.9933  -0.9048 
  0.9584  -0.7882 
  0.8903  -0.3936 
  0.9436   0.1237 
 -0.9492  -0.4751 
 -0.7051  -0.2587 
 -0.0853  -0.3869 
 -0.2528   0.1695 
  0.3370  -1.0182 
 -0.3109  -0.3790 
 -0.2585  -1.2107 
  0.2905  -0.3909 
 -0.2800  -1.1238 
 -0.4035   0.2650 
  0.7930   0.6741 
  0.8274  -0.1372 
  0.6224   0.1623 
  0.9700  -0.8140 
  0.9161   0.8875 
  0.8145  -0.6201 
  0.7206  -0.3567 
  0.9148   0.9064 
  0.9684   0.7036 
  0.8091   1.1879 
  0.9986  -0.0778 
  0.8951  -0.6912 
  0.8073   0.2197 
  0.8465  -0.0804 
  0.8673  -0.2007 
  0.8238  -0.9195 
  0.8719   0.5183 
  0.8664   0.5860 
  0.7918   0.9579 
  1.0647  -0.7893 
  0.9654   0.2455 
  0.9971  -0.4190 
  0.7381   0.6036 
  0.8947   0.6134 
  0.8087  -0.3622 
  0.9739  -0.5053 
  1.0083  -0.2739 
  0.9673  -0.2324 
  1.0235  -0.5619 
  0.9318  -0.7729 
  1.0445  -0.4104 
  0.8816   0.8660 
  0.9565  -0.4277 
  0.9067  -0.7029 
  0.9069  -0.3841 
  0.8583   0.9362 
  0.7764  -0.6288 
  1.0606  -0.4584 
  0.8350   0.5237 
  1.0083  -0.3555 
  0.9452  -0.7516 
  0.7385   1.1869 
  0.8410   0.2232 
  1.0073  -0.4814 
 -0.6830  -0.8345 
 -0.9306  -0.7469 
 -0.8805   0.0547 
 -0.5178   0.4624 
 -0.6073  -0.0865 
 -0.9357   0.8089 
 -0.8261  -0.1328 
  0.3541   0.2643 
 -0.8164   0.1601 
 -0.8506  -0.1046 
 -0.7423   0.3387 
 -0.4649  -0.7731 
 -0.7767   0.8872 
 -0.6553  -0.8424 
  0.8223   0.3239 
  0.9022  -0.5931 
  0.6226  -0.4588 
  0.8867   0.7517 
  0.5975  -0.1434 
  0.9155   0.9185 
  0.9251   0.2133 
  1.0294  -0.9080 
  0.8086   0.6484 
  0.7474  -0.2615 
  0.5495  -0.6509 
  0.6890  -0.5251 
  0.9979   0.5847 
  0.9188  -0.9111 
  0.7687   0.4532 
  0.9869  -0.9917 
  0.9067  -0.0118 
  0.7886  -0.0374 
  0.8149   0.9186 
  0.9430  -0.4311 
  0.8561  -0.7803 
 -0.8360   0.2708 
 -0.6521   0.6017 
 -0.7487  -0.5211 
 -0.3891  -0.7391 
 -0.5332   0.1120 
 -0.8641  -0.8681 
 -0.3526  -0.6649 
 -0.6594  -0.0463 
 -0.7413  -0.4408 
 -0.6845   0.4336 
 -0.8094  -0.6765 
 -0.7619  -0.2799 
 -0.8593  -0.2291 
 -0.7611  -0.5647 
 -0.7483  -0.9224 
 -0.7652  -0.5113 
 -0.8186  -0.2271 
 -0.8861  -0.6762 
 -0.5949   0.6346 
 -0.7732   0.4416 
 -0.7097  -0.8999 
  0.9217  -0.5337 
  0.0137  -0.3430 
  0.2136   0.4325 
 -0.1334  -1.1541 
 -0.2849   0.6723 
  0.2471  -0.5367 
  0.0293  -0.6157 
 -0.2556   0.0739 
 -0.2577   0.1186 
 -0.2247  -0.9962 
  0.2022   0.6292 
 -0.5265   0.5692 
 -0.6100  -0.4854 
 -0.6533  -0.9485 
 -1.0098   0.9230 
 -0.7780   1.0912 
 -0.8538  -0.5824 
  0.1438   0.5329 
  0.1182   0.1618 
 -0.4024  -0.4244 
  0.0156  -0.2415 
  0.1129  -0.3454 
 -0.0538  -1.0511 
 -0.2541   0.3228 
  0.0852   0.0366 
 -0.1164   0.3991 
 -0.5351   0.4506 
  0.0479   0.3186 
  0.3259   0.6381 
  0.0407   0.0060 
  0.1593  -0.7874 
  0.7639   0.2361 
  0.7578  -0.5939 
  0.9042  -0.4176 
 -0.6345  -0.0556 
  0.0062   0.6429 
 -0.3162  -0.6116 
  0.7929  -0.6393 
  0.9424   0.6259 
  1.0201  -0.3049 
  0.7954   0.3579 
  0.9499   0.7100 
  0.8829   0.4536 
  0.9282  -0.4692 
  0.2488  -1.0398 
  0.1579  -0.7024 
 -0.5457  -0.8999 
  1.0181   0.3086 
  1.0187  -0.6481 
  0.9095   0.7159 
  0.9385  -0.6010 
  1.0427  -0.6471 
  0.9661   0.5364 
  1.0664  -1.0239 
  0.7318   1.0149 
  1.0447  -1.1138 
  0.8341   0.7681 
  0.9440  -0.4544 
  0.9385  -0.3659 
  0.7959  -0.7728 
  0.9054   0.8281 
  1.0050  -0.3181 
  0.9846  -0.3229 
  0.9743   0.2436 
  0.9318   0.1639 
  1.0308  -1.2105 
  0.9628  -0.8205 
  0.8731   0.4790 
  0.8163   0.5918 
  1.0194   0.0534 
  1.0453  -0.2530 
  0.8678   0.4508 
  0.7483   0.8615 
  0.6860  -0.5758 
  0.8139  -0.2041 
 -0.8473   0.8919 
 -0.6591  -0.4324 
 -0.4469  -0.9724 
 -0.6569  -0.1518 
 -0.5403  -0.0474 
 -0.8329   0.8679 
 -0.6248   1.0983 
 -0.9339   0.9707 
 -0.1479   0.2244 
  0.1586  -0.7045 
 -0.0458   0.7684 
 -0.3736   0.1360 
 -0.9683  -0.3371 
 -0.8242  -0.7905 
 -0.5820  -0.5190 
 -0.5749   0.6159 
 -0.3086  -0.1064 
 -0.7816   1.0326 
 -0.7685  -0.1042 
 -0.8854  -0.7330 
 -0.8333   0.7123 
 -0.1948  -1.2909 
 -0.5668   0.0092 
 -0.1691  -1.2111 
  0.2061   0.1921 
  0.1099  -1.0294 
  0.0108  -0.6904 
  0.1073   0.0210 
 -0.0074  -0.2168 
  0.3530   0.0717 
 -0.0982  -0.2644 
  0.0545   0.1809 
 -0.5320  -1.3241 
  0.8440   0.9320 
 -0.6725   0.8468 
 -0.5504  -0.8507 
 -0.5364   0.2700 
 -0.9133   1.2091 
 -0.7467   0.9665 
 -0.6212  -0.3868 
 -0.6804  -0.5838 
 -0.8927   0.8184 
 -0.7331   0.2509 
 -0.6051   0.8813 
 -0.8450  -0.3973 
 -0.7674  -0.3755 
 -0.7354  -0.8245 
 -0.8574   0.7690 
 -0.6632  -0.5349 
 -0.6590   0.1218 
 -0.6292  -0.5531 
 -0.5342   0.7593 
 -0.6522  -0.5342 
 -0.7146  -0.3635 
 -0.7963  -0.1550 
  0.0362  -0.1474 
  0.3751  -1.0229 
 -0.0825  -1.2652 
 -0.0255  -0.1521 
 -0.6777  -0.9848 
 -0.2173  -1.0132 
  0.5817  -0.9477 
 -0.2508   0.4031 
 -0.0319   0.4884 
 -0.1083  -0.9196 
 -0.2941  -0.9643 
 -0.3566  -0.4868 
 -0.0625  -0.8298 
 -0.1121   0.2730 
 -0.0686  -0.5410 
 -0.2323  -1.2161 
 -0.0143   0.7813 
  0.1816  -0.4464 
 -0.3761  -1.0988 
 -0.3095  -0.3007 
 -0.1200  -0.9978 
 -0.1360  -0.0354 
  0.2022   0.8378 
 -0.3369   0.7140 
 -0.4894  -1.2399 
  0.0161   0.6401 
 -0.3493  -0.1840 
 -0.3971   0.5298 
  0.2303  -0.8142 
 -0.8985   0.4322 
 -0.5111  -0.7204 
 -0.7681  -0.6052 
 -0.5439   0.3414 
 -0.8666   0.2598 
 -0.6555  -0.6735 
 -0.7754   0.5396 
 -0.7229  -0.9616 
 -0.7853  -0.4070 
 -0.5550  -0.7975 
 -0.8872   0.9286 
 -0.7268  -0.3121 
 -0.7893  -0.1997 
 -0.7875  -0.9387 
 -0.6528  -0.1471 
 -0.9972   0.9449 
 -0.4151  -0.3091 
 -0.8369   0.8498 
  0.8327   0.9618 
  1.0036  -0.3070 
  0.9062  -0.5697 
  0.9156   0.8703 
  0.9192   0.0237 
  0.9029   0.3258 
 -0.1002   0.3457 
 -0.7145   0.8923 
 -0.7569  -0.0098 
 -0.8385  -0.7163 
 -0.9345   0.6951 
 -0.6302  -0.3131 
 -0.7667   0.0258 
 -0.8522   0.9368 
 -0.5447  -0.7182 
 -0.7427   0.1524 
 -0.8300   0.7113 
 -0.7229  -0.4242 
 -0.8239  -0.5962 
  0.9087   0.1582 
 -0.1556  -1.2158 
 -0.5293  -1.1202 
  0.1883   0.6908 
 -0.4338   0.4056 
 -0.2821  -1.1096 
 -0.2816  -0.2616 
  0.6646   0.9302 
  0.7989  -0.2282 
  0.9703   0.7066 
  0.9955  -0.3922 
  0.9202   0.9081 
  0.8792   0.4388 
  0.7934   0.6789 
  0.9126  -0.1660 
  0.5146  -0.1269 
 -0.4419   0.3215 
 -0.6808  -1.1642 
 -0.2702  -0.7672 
 -0.7201   0.2187 
  0.1261  -0.0831 
  0.9123  -0.5791 
  0.8949  -0.5514 
  0.8114  -0.5169 
  0.9364  -0.3171 
  0.8195   0.7409 
  0.9045   0.7539 
  0.8420   1.0872 
  0.7641   1.2058 
  0.8280  -0.2821 
  0.7762  -0.5820 
  0.9919  -0.9302 
  0.7918   0.6219 
  0.9671  -0.0864 
  0.8903  -0.6981 
  0.8121   0.3527 
  0.7989  -0.1300 
  0.5900  -0.6336 
  0.7952   0.5915 
  0.9932  -0.7657 
 -0.8334   0.4805 
 -0.7201   0.6166 
 -0.7569  -0.1966 
 -1.0372   0.9401 
 -0.9767  -0.6235 
  0.8298   1.1988 
  0.8519   0.6715 
  0.7149   0.3449 
  0.9311   0.7206 
  0.9591  -0.4679 
  0.9467   0.6992 
  0.7567   0.7679 
  0.7356  -0.5103 
  0.7713   0.1614 
  0.4736  -0.3718 
  0.1390  -0.7869 
 -0.5610   0.0648 
 -0.2796  -0.3639 
 -0.2020   0.2361 
  0.0809  -0.8251 
 -0.2873  -0.3925 
 -0.1314   0.1325 
  0.1112  -0.0263 
 -0.1026  -0.1817 
  0.8550  -0.4215 
  0.8608  -0.1578 
  0.8799  -0.3947 
  0.8988  -0.7214 
  0.4733  -0.2952 
 -0.4083  -0.2016 
 -0.4174  -0.6219 
  0.8654   0.8771 
  0.8680   0.9345 
  0.8152  -0.4563 
  0.7739   0.2653 
  0.9460  -0.0936 
  0.9202   0.7561 
  1.0015  -0.8134 
  1.0455   0.5186 
  0.9433   0.5756 
  0.7387   0.4069 
  0.9271  -1.0438 
  1.0160   0.0216 
  0.8920  -0.2485 
  0.8967   0.5822 
  1.0414  -0.7089 
  0.6642   1.1415 
  0.8497  -0.5145 
  1.0361  -1.0958 
  1.0183  -0.7848 
  0.8807   0.1680 
  0.7466  -0.6306 
  0.9227  -0.5215 
  0.9632  -0.1129 
  0.7838  -0.6743 
  0.9755  -0.3398 
  0.9940  -0.4225 
  0.9734  -0.0362 
  0.9638   0.1771 
  0.7508  -0.2473 
 -0.5991  -0.5590 
 -0.6856   0.1651 
 -0.7036  -0.9522 
 -0.8956  -0.5825 
 -0.5814  -0.9708 
 -0.7960   0.6679 
 -0.8033  -0.1263 
 -0.5252   0.4543 
  0.1713  -0.4406 
  0.0868  -0.7081 
  0.4226  -0.4515 
 -0.2339   0.0773 
  0.3533  -0.6128 
  0.8431   0.6901 
 -0.4565   0.3528 
  0.3576  -0.8408 
 -0.4916   0.4909 
 -0.2139  -0.5584 
  0.2307  -1.0075 
 -0.5650   0.0857 
 -0.6543  -0.1202 
 -0.4015  -0.8189 
 -0.8273   0.5305 
 -0.8326   0.4650 
 -0.2161  -0.8929 
 -0.3563  -0.8500 
 -0.1868   0.2000 
 -0.0957   0.4949 
 -0.5139  -0.1636 
 -0.8083  -0.1910 
 -0.6466  -0.2849 
 -0.8964  -0.5878 
 -0.8182   0.1267 
  0.7319  -0.4030 
  0.8048   0.6422 
  0.8564   0.7321 
  0.8377   1.0191 
  0.8076   0.7115 
  0.9424   0.4619 
  0.9878  -1.0784 
  0.2631   0.7496 
 -0.2249  -0.1965 
 -0.0728  -1.0390 
 -0.4637  -0.4281 
 -0.0053  -0.9514 
 -0.1575  -0.2752 
 -0.0976  -0.9670 
 -0.3006   0.4435 
 -0.5878  -0.0303 
 -0.2285  -0.2744 
 -0.6757  -1.0128 
 -0.4554  -1.2504 
 -0.0199  -1.0610 
 -0.4704   0.6247 
 -0.3109  -0.0473 
 -0.2730  -0.1030 
  0.2734  -1.0775 
 -0.2128   0.3030 
  0.4315  -0.6035 
 -0.1302  -1.1570 
  0.1496   0.3362 
  0.0434   0.4485 
  0.0496  -0.8501 
 -0.0014  -0.9708 
  0.2525  -0.1309 
  0.1030   0.5364 
  0.2771  -0.9976 
  0.3456   0.6138 
  0.0091  -0.2953 
  0.1879   0.1605 
  0.2368   0.4166 
 -0.0212  -1.2686 
 -0.4287   0.2660 
  0.0756   0.0200 
  0.2336  -0.7212 
  0.0737  -0.8833 
 -0.3488   0.3446 
 -0.0878  -1.2989 
  0.1341   0.0514 
 -0.7727  -0.8391 
 -0.0621   0.6986 
 -0.1372   0.3263 
 -0.2260  -0.4673 
 -0.2126  -0.3003 
 -0.1508   0.1242 
 -0.4539   0.6415 
 -0.1514   0.6024 
 -0.4523   0.0836 
 -0.0212  -1.1181 
  0.3370  -0.6028 
  0.1496  -1.3237 
  0.2234  -0.8962 
  1.0443   0.4723 
  0.7388  -0.5621 
  1.0018   0.8321 
  0.7567  -0.2668 
 -0.6496  -0.6107 
 -0.6971  -0.6598 
 -0.8203   0.6361 
 -0.0542   0.4257 
  0.1548  -0.4399 
  0.0949  -1.2618 
 -0.0060  -0.9888 
  0.1328  -0.6617 
 -0.0608  -1.0279 
  0.9873  -0.1452 
  0.9021   0.1119 
  0.8935   0.3941 
  1.0383   0.7244 
  0.7803   0.7503 
 -0.1929   0.4024 
  0.8841   0.1352 
  0.9148   1.0391 
  0.7197   0.7807 
  0.8487   0.5134 
 -0.8683   0.5384 
 -0.7399  -0.8556 
 -0.6688  -0.0013 
 -0.6713  -1.0231 
 -0.5005   0.8318 
 -0.7082   0.5039 
 -0.4346   0.0444 
 -0.9359  -0.3684 
 -0.7792   1.0555 
 -0.7073   0.7699 
 -0.8591  -0.9044 
 -0.6463  -0.3886 
  0.1972  -1.3677 
 -0.0794   0.2975 
  0.2378  -1.0057 
  1.0439  -0.6812 
  0.9938   0.5088 
  0.7456   0.4179 
  0.9999  -0.5693 
  0.9142   0.8616 
  0.7415  -0.4082 
  0.7651   0.1838 
  0.8295  -0.4559 
  0.9905  -0.1037 
  0.7987   0.2555 
 -0.4386  -0.3753 
 -0.9230   0.0881 
 -0.6872  -0.1232 
 -0.6138  -0.7461 
 -0.8033  -0.5717 
 -0.8472  -0.3607 
 -0.6729  -0.6876 
  0.9164  -0.4870 
  0.9800   0.6085 
  0.9744   0.8498 
  0.9528   0.3236 
  0.8261   0.7204 
  0.9876  -1.0935 
  0.8724  -0.4599 
  0.9640  -0.7845 
  0.4517  -0.2591 
  1.0087   0.8410 
  1.0362  -0.6324 
  0.9699  -0.4617 
  1.0191   0.1120 
  0.9589  -0.8828 
  0.9082  -0.5452 
  0.7856   0.1437 
  0.8652   0.7422 
  0.9010   0.6755 
 -0.5540  -0.6616 
 -0.5722   1.0288 
  0.1137   0.2224 
 -0.1110  -0.9032 
 -0.2177  -1.1441 
  0.2083   0.1669 
 -0.3114  -0.4629 
  0.5152  -0.9321 
  0.9715   0.8396 
  0.6816   0.8544 
  1.0321   0.2128 
  0.8894  -0.7777 
  0.1710   0.6078 
 -0.3281   0.0022 
  1.0255  -0.6803 
  0.8719  -0.6513 
  0.9525   0.7083 
  0.8558   0.4002 
  0.7339   1.0535 
  0.8345  -0.6052 
  0.8319  -0.3485 
  0.8823  -0.3584 
  0.9881   0.4795 
  0.9037  -0.2184 
  0.8742  -0.0870 
  0.9414  -0.6390 
  0.9116  -0.0194 
  0.9318  -0.4769 
  0.7546  -0.2046 
  0.8241   0.7631 
 -0.1490   0.0360 
  0.7662  -0.7746 
 -0.8569  -0.2096 
 -0.5522   0.4885 
 -0.6351  -0.3117 
 -0.7413  -0.8895 
 -0.8860  -0.1646 
 -0.9931   0.6243 
 -0.6614  -0.4616 
 -0.7010  -0.1210 
 -0.6257   0.0966 
 -0.7296  -0.6230 
 -0.5786  -0.6459 
 -0.4008  -0.9636 
 -0.2715  -0.6281 
  0.3850   0.5688 
 -0.7645  -0.9024 
 -0.4137  -0.5854 
 -0.8424  -0.5937 
 -0.6990  -0.3498 
 -0.9727   0.8742 
 -0.8325  -0.6883 
 -0.9115   0.5335 
 -0.8377  -0.6799 
 -0.8760   0.8061 
 -0.6178   0.9410 
  0.0228  -0.0458 
 -0.1183  -0.6115 
 -1.0029  -0.9932 
 -0.4056   0.8427 
 -0.7648   0.1265 
 -1.0095  -0.3630 
 -0.6948  -0.5918 
 -0.6604  -0.9417 
 -0.5395   0.8669 
 -0.7498  -0.7477 
 -0.4577   0.8839 
 -0.7413  -0.3641 
 -0.6695  -0.3344 
 -0.8500   0.6964 
 -0.7286   1.0459 
 -0.6354  -1.0192 
 -0.8227   0.6665 
 -0.8435  -0.6408 
 -0.6929  -0.7777 
 -0.7789  -0.9287 
  0.8866   0.8029 
  1.0075  -0.4969 
  0.7056   0.8451 
  0.8622   1.1017 
 -0.7188  -0.7133 
 -0.2165  -0.4069 
 -0.2499  -0.6864 
 -0.6042  -0.6119 
 -0.2105  -0.4342 
  0.1744  -0.2205 
 -0.3211  -0.9552 
  0.1566  -0.0749 
 -0.5503   0.4144 
 -0.4118   0.8331 
 -0.7786   0.6825 
 -0.9769   0.8973 
 -0.8028   0.8682 
 -0.5600  -0.9598 
 -0.3942   0.9455 
 -0.7398   0.5671 

