 -1.0484  -0.4808 
 -0.9489   0.3073 
 -0.9856   0.6781 
 -0.8890  -1.0338 
 -1.0802   0.2756 
 -0.9393   0.6623 
 -0.9548  -0.0500 
 -0.9045  -0.1678 
 -1.0084   0.6281 
 -0.7689  -0.8634 
 -0.8279  -0.9730 
 -1.0731   0.7736 
 -0.9481  -0.3182 
 -1.0587   0.1061 
 -0.8334  -0.6002 
 -0.9251   0.0413 
 -0.9358   0.7564 
 -1.0841  -0.7257 
 -0.9536   0.2869 
 -0.9153   0.0428 
 -0.7774  -0.9740 
 -0.7377  -0.6463 
 -0.9130  -0.3230 
 -0.8633   0.7466 
 -0.9308   0.1097 
 -0.6083  -0.3473 
 -1.0329   0.1226 
  0.7181   1.1791 
  0.7080  -1.2094 
  0.4497   0.3569 
  1.0706  -0.7816 
  0.4344   0.2228 
 -0.7509   0.4325 
 -0.9465   0.5198 
 -0.7907  -0.5496 
 -0.9313   0.0319 
  0.0606   0.5067 
  0.4334  -1.3511 
  0.7468  -1.1485 
  0.4191  -0.4109 
  0.7925   0.0662 
  0.7758   0.1507 
  0.3823   0.2378 
  0.1970  -0.7899 
  0.3498   0.0035 
 -0.7716  -1.0776 
 -0.6351  -0.5049 
 -0.8974   0.4111 
 -0.8815  -1.0701 
 -0.7620  -0.8533 
 -1.0541   0.4723 
 -0.9167  -0.8035 
 -0.8657  -1.0458 
 -0.9238   0.3286 
 -0.9545  -0.8918 
 -0.7925   0.2819 
 -0.9831  -0.0034 
 -0.9223   0.5475 
 -0.9853  -0.6876 
 -1.0126   0.8099 
 -1.0409   0.2085 
  0.4939   0.2978 
  0.4597   0.3779 
  0.7111  -1.0265 
  0.3513   0.6180 
  0.6396   0.2765 
  0.3915   0.0453 
  0.0541   0.5900 
  0.6450  -0.0416 
  0.1842  -1.1148 
  0.1512  -0.1377 
  0.4350   0.2483 
  0.5255   0.3013 
  0.4158  -1.2679 
  0.8232  -0.2572 
 -0.6689  -1.0914 
 -0.6944  -0.4123 
 -1.0064   0.4267 
 -1.2245   0.1839 
 -0.6714  -0.1479 
 -1.0186  -0.4103 
  0.7576  -0.4800 
  0.7179  -1.1812 
  0.4979  -0.8186 
  0.2697  -0.2817 
  0.5980  -0.7288 
  0.4917  -0.0715 
  0.3285  -0.8622 
  0.6041  -1.0621 
  0.3988  -1.1333 
  0.4857   0.2020 
  0.4596  -0.5722 
  0.2711  -0.4581 
  0.2638   0.6075 
  0.8321  -0.5994 
  0.2893  -0.3880 
  0.7365  -0.9425 
  0.1910   0.4312 
  0.3628   0.4938 
  0.8451  -0.1193 
  0.5583   0.1117 
  0.2752   0.1352 
  0.4768   0.5268 
 -0.6378  -0.6962 
 -1.0217   0.5953 
 -0.9682   0.7493 
 -0.9308  -0.8172 
 -0.8730   0.7860 
 -0.8150  -0.0622 
 -0.8287   0.2353 
 -0.9160  -0.2573 
  0.4270   0.0426 
  0.2344  -0.9569 
  0.5181   1.1993 
  0.1337   1.1031 
  0.4911  -0.7477 
  0.5795   0.6237 
  0.5940   0.1227 
  0.1822   0.6870 
  0.1645  -0.8215 
  0.5777  -0.7524 
  0.7916   0.8598 
  0.8587  -0.7747 
  0.8773  -0.5630 
  0.4441   0.8236 
  0.4157  -0.9510 
  0.6478   0.4109 
  0.2430   0.6171 
  0.6123  -0.5239 
  0.6311   0.2539 
  0.5853  -0.9354 
  0.9312  -0.5465 
 -0.7416  -0.7890 
 -0.9118   0.1057 
 -0.7712  -1.0471 
 -0.8500  -1.1479 
 -0.9383   0.7750 
 -0.9058  -0.3819 
 -0.6059   0.0461 
 -0.8392  -0.8290 
 -0.9434   0.0039 
 -0.8292  -0.9272 
 -0.7803  -0.4155 
  0.2977  -0.4776 
  0.4751  -0.9423 
  0.1793   0.1661 
 -0.1091   0.1529 
  0.7896  -0.1237 
  0.5122   0.5372 
  0.2379  -0.1611 
  0.9615   0.3606 
 -1.0324  -1.1061 
 -0.8435   0.2946 
 -1.0468  -1.0328 
 -1.0982   0.1475 
 -0.7125  -0.2742 
 -1.0566  -0.3058 
 -0.9353   0.2835 
 -0.7785  -0.9139 
 -0.7731  -0.7819 
 -0.6991  -0.8192 
  0.5827  -0.6250 
  0.5489  -0.3264 
  0.4107   0.2043 
  0.5657   0.1477 
  0.3539  -0.8281 
 -0.1015   0.0600 
  0.0609  -0.7911 
  0.1538   0.0616 
  0.3716  -1.1156 
  0.4641  -0.0137 
  0.2766   0.3737 
  0.7877  -0.3217 
  0.5333  -0.6743 
  0.5330   0.2856 
  0.2597  -0.6823 
  0.7142   0.4460 
  1.0122  -0.2950 
  0.1230  -0.2549 
  0.5425  -0.6038 
  0.1896   0.2444 
  0.5161   0.6243 
  0.2246  -0.6971 
  0.3744  -0.5265 
  0.7550   0.5036 
  0.6197  -0.3293 
  0.6225  -0.5168 
  0.2404  -0.1263 
  0.4759  -0.7285 
  0.6165   0.3219 
  0.4676  -0.7039 
  0.4126  -0.9571 
  0.4479  -0.0195 
  0.6048   0.2103 
  0.7379  -0.4098 
  0.6073   0.3807 
  0.0521   0.3187 
  0.0863  -1.0039 
  0.4469  -1.2185 
  0.7180  -1.1338 
 -0.4712  -0.4956 
  0.2430   0.3007 
  0.4549   0.2198 
  0.1769  -1.2285 
  0.4114  -0.3056 
  0.5858  -0.3094 
  0.4210  -0.4263 
  0.6110  -0.6115 
  0.3397   0.5158 
  0.4801  -0.8148 
  0.4494   0.7687 
  0.2566  -0.1262 
  0.3107   0.3592 
  0.2970  -0.1170 
  0.5568  -0.6060 
  0.5919  -0.0262 
  0.6970   0.2968 
  0.5120  -0.8665 
  0.3969   0.3433 
  0.3338  -0.6838 
  0.3833   0.7279 
  0.3900  -0.3457 
  0.5500  -1.0606 
 -0.8463  -0.9064 
 -0.8504  -1.0331 
 -0.6808  -0.1988 
 -0.9449   0.4152 
 -0.6807   0.0601 
 -0.8479  -0.3385 
 -0.8814   0.6990 
 -0.9461   0.7824 
 -0.8110   0.0421 
 -0.9798  -0.5411 
 -1.0339  -0.6678 
 -0.9091  -0.4831 
 -0.7304  -0.3255 
 -0.7181  -0.8028 
 -0.9537  -0.7152 
  0.5931  -0.3963 
 -0.0441  -0.1308 
  0.4992  -0.3580 
  0.1667   0.9290 
  0.4909   0.5343 
  0.1685   0.4760 
 -0.8651   0.3161 
 -0.7629  -0.0439 
 -1.1218   0.4435 
 -0.8624  -1.1617 
 -0.8505  -0.2112 
 -1.1337   0.2303 
 -0.9648   0.4135 
 -1.0240   0.5985 
 -0.8683  -0.3879 
 -0.9927   0.3896 
 -0.8183  -0.5586 
 -0.7783  -0.2485 
 -1.0499  -0.1961 
 -0.8039  -1.0413 
 -0.8997  -0.9358 
 -0.6734   0.4606 
 -1.0004  -0.4196 
 -0.8972  -0.0719 
 -0.9419   0.4364 
  0.8660  -1.3202 
  0.7938  -0.2668 
  0.5988   0.0874 
  0.3016  -0.6996 
  0.2993  -0.7203 
  0.4726   1.0652 
  0.7936  -0.7592 
  0.2491  -0.3111 
  0.7913  -0.3862 
  0.7235   0.2470 
  0.8196   0.5152 
 -1.0631   0.5316 
  0.3140   0.6866 
  0.5004   1.1885 
  0.4381   0.6529 
 -0.8813   0.2900 
 -0.8987   1.0085 
 -0.9482   0.8843 
 -0.8897   0.3910 
 -0.6090  -1.2448 
 -1.0187  -1.1672 
 -0.7761   0.2805 
 -1.0420   0.6267 
 -1.0107   0.6160 
 -0.9339  -0.7223 
 -0.8597   0.6975 
 -0.8456   0.8701 
 -1.0159  -0.8108 
 -0.5667  -1.1679 
 -1.0166  -0.6146 
  0.2423   0.2821 
  0.4621  -0.4900 
  0.5184   0.0845 
  0.2503  -1.0138 
  0.4382   1.0722 
  0.3506   1.1240 
  0.4897  -0.5144 
  0.6807  -0.3807 
  0.4998   0.9087 
  0.6203  -0.6386 
  0.2729  -0.5317 
  0.7395  -0.0252 
  0.6721   1.1883 
  0.4067  -0.6786 
  0.4257  -0.9107 
  1.0638  -0.6877 
  0.2328   0.6373 
  0.0745   0.1972 
  0.5722   0.6337 
  0.4796   1.0713 
  0.2319   0.7098 
  0.5206   0.4140 
  0.3510   0.8351 
  0.4163   0.0709 
  0.3121   0.8228 
 -0.6662  -1.0225 
 -0.7181  -0.7581 
  0.5648   1.0743 
 -1.0315   0.3452 
 -1.1452  -0.1129 
 -1.1571   0.9026 
 -0.8730  -0.5034 
 -0.8749  -0.6912 
 -0.8936   0.6906 
  0.5003  -0.3912 
  0.5512   0.0021 
  0.3806   0.2891 
  0.8462  -1.2102 
  0.7424  -1.0953 
  0.5762  -0.7969 
  0.6961  -0.2467 
 -1.0848  -0.7062 
 -0.8508  -0.6568 
  0.5991  -0.0775 
  0.3110   0.5050 
  0.8811  -0.7772 
  0.1967  -0.0098 
  0.4044  -0.8863 
  0.7398  -0.1281 
  0.4490  -0.8124 
  0.1792   0.6064 
  0.3716   0.2167 
  0.3281  -0.4606 
  0.1283  -0.3694 
  0.7723  -1.1228 
  0.6411   0.5958 
  0.3476  -1.0113 
  0.2338  -0.8360 
  0.6597   0.6627 
  0.8042   0.4052 
  0.2949   0.8375 
  0.8590  -0.3799 
  0.5206  -1.0222 
  0.4273  -0.2483 
  0.4859  -0.5189 
  0.4673  -0.5544 
  0.3338  -1.2847 
  0.4096   0.3035 
  0.3650   0.3912 
  0.2578   0.7271 
  0.8697  -0.8265 
  0.7560  -0.0920 
  0.8440  -0.7348 
  0.2744   0.1151 
  0.5593   0.2429 
  0.3438  -0.7785 
  0.7927  -0.7903 
  0.7061  -0.4497 
  0.6379  -0.4539 
  0.7252  -0.7287 
  0.5943  -1.0198 
  0.8144  -0.4224 
  0.3993   0.6861 
  0.5398  -0.5696 
  0.4546  -0.8969 
  0.5715  -0.6533 
  0.4740   0.6425 
  0.2043  -0.8634 
  0.9020  -0.6618 
  0.2914   0.3276 
  0.7477  -0.3222 
  0.6405  -1.0360 
  0.1740   0.9404 
  0.3088   0.0364 
  0.6723  -0.5984 
 -0.8880  -0.9439 
 -0.6917  -0.5667 
 -0.9247   0.0644 
 -0.8891   0.2566 
 -0.9911  -0.2614 
 -1.0201   0.8477 
 -0.9576  -0.1681 
  0.8645   0.7525 
 -0.9384   0.1139 
 -0.9707  -0.4331 
 -0.9635  -0.0563 
 -0.6486  -1.2537 
 -1.1628   0.5400 
 -0.7933  -1.2583 
  0.3917  -0.1034 
  0.5954  -1.0080 
  0.0189  -0.9376 
  0.8862   0.6550 
  0.1880  -0.7021 
  0.6393   0.5703 
  0.6617  -0.1972 
  0.8111  -1.1196 
  0.4250   0.3093 
  0.1875  -0.5065 
 -0.0144  -0.9668 
  0.1587  -0.8137 
  0.7692   0.6414 
  0.5193  -1.1172 
  0.3415  -0.0289 
  0.8496  -1.2845 
  0.5805  -0.3678 
  0.3930  -0.5215 
  0.3487   0.5261 
  0.6931  -0.7216 
  0.4121  -1.1197 
 -0.8245  -0.0444 
 -0.8073   0.1815 
 -0.7752  -0.8801 
 -0.7174  -1.2589 
 -0.9129  -0.3681 
 -0.9209  -1.1693 
 -0.6591  -0.9404 
 -0.8889  -0.1908 
 -0.7551  -0.5283 
 -0.9414   0.2992 
 -0.9883  -0.7296 
 -0.9049  -0.3427 
 -0.7638  -0.2015 
 -0.7523  -0.6327 
 -0.9394  -1.0029 
 -0.9603  -0.5783 
 -0.8503  -0.2439 
 -0.9391  -0.6494 
 -0.8385   0.4468 
 -0.8513   0.3539 
 -1.0377  -1.0279 
  0.5394  -0.7698 
  0.6582  -0.0412 
  0.6544   0.7153 
  0.4821  -0.8242 
  0.3903   0.9807 
  0.8342  -0.2743 
  0.6439  -0.3134 
  0.3441   0.4062 
  0.4274   0.4342 
  0.3396  -0.6356 
  0.7477   0.8927 
 -0.8339   0.0854 
 -1.0570  -0.8843 
 -0.7980  -1.3659 
 -0.9775   0.7328 
 -0.9886   0.7066 
 -0.8351  -0.8765 
  0.7137   0.8086 
  0.6240   0.4526 
  0.1870  -0.0851 
  0.5694   0.0755 
  0.6593  -0.0461 
  0.7201  -0.7347 
  0.5447   0.6757 
  0.6290   0.3264 
  0.4346   0.7298 
  0.0619   0.7647 
  0.6516   0.6097 
  0.7755   0.8714 
  0.7588   0.3042 
  0.8540  -0.5055 
  0.3024  -0.2341 
  0.3261  -1.0756 
  0.5660  -0.7371 
 -0.0497   0.2464 
  0.6563   0.9378 
  0.4037  -0.2996 
  0.2971  -1.0435 
  0.7516   0.3821 
  0.9384  -0.5799 
  0.3609  -0.0990 
  0.7650   0.4296 
  0.5899   0.0207 
  0.6528  -0.8369 
  0.6814  -0.7389 
  0.8099  -0.4231 
 -0.7604  -1.3623 
  0.7200   0.2507 
  0.7299  -0.6340 
  0.5005   0.5259 
  0.5235  -0.7687 
  0.7932  -0.6997 
  0.5880   0.4343 
  0.9025  -1.0472 
  0.1527   0.7642 
  0.7935  -1.1927 
  0.2836   0.5790 
  0.5263  -0.5949 
  0.5146  -0.5305 
  0.3940  -1.0872 
  0.4355   0.6842 
  0.6619  -0.3955 
  0.6465  -0.4604 
  0.6152   0.1994 
  0.5865  -0.0845 
  0.8033  -1.1674 
  0.5975  -0.9888 
  0.3365   0.3489 
  0.3713   0.3134 
  0.7766   0.0231 
  0.8789  -0.5054 
  0.4101   0.2318 
  0.2351   0.5840 
  0.2006  -0.8855 
  0.2990  -0.4238 
 -0.9651   0.8667 
 -0.8039  -0.5651 
 -0.7300  -1.2009 
 -0.9613  -0.2873 
 -0.6499  -0.3322 
 -1.0635   0.5278 
 -0.9406   0.6436 
 -1.0039   0.6940 
  0.5007   0.5389 
  0.6331  -0.3904 
  0.4854   1.0950 
  0.3054   0.4413 
 -0.6528  -0.4459 
 -0.7933  -1.1017 
 -0.7381  -0.9647 
 -0.8788   0.1499 
 -0.6078  -0.4107 
 -0.8754   0.9522 
 -0.7605  -0.1786 
 -0.9822  -0.7218 
 -0.7514   0.6445 
  0.4499  -0.7229 
 -0.1117   0.5602 
  0.4309  -0.6312 
  0.7775   0.7134 
  0.7655  -0.4907 
  0.6252  -0.1294 
  0.6641   0.5732 
  0.6514   0.3230 
  0.7732   0.5831 
  0.5347   0.3007 
  0.7134   0.7042 
  0.1114  -0.8014 
  0.2817   0.7635 
 -0.8541   0.6945 
 -0.7448  -1.0416 
 -0.8233   0.0748 
 -0.9793   1.2385 
 -0.8667   0.8595 
 -0.8539  -0.5434 
 -0.7747  -0.7086 
 -1.0084   0.8206 
 -0.8487   0.1563 
 -0.9038   0.7045 
 -0.7932  -0.4020 
 -0.8268  -0.4364 
 -0.8435  -0.9083 
 -1.0683   0.7319 
 -0.9627  -0.6727 
 -0.8396  -0.0141 
 -0.8147  -0.6958 
 -0.7012   0.5022 
 -0.8140  -0.6785 
 -0.8123  -0.4591 
 -0.8360  -0.2083 
  0.4875   0.4205 
  0.9179  -0.5284 
  0.6609  -0.7502 
  0.5003   0.1790 
  0.0208  -0.7406 
  0.4746  -0.6964 
  1.0191  -0.5156 
  0.3940   0.9517 
  0.4162   1.0567 
  0.5575  -0.3588 
  0.4024  -0.4242 
  0.3083   0.0565 
  0.5019  -0.2507 
  0.4768   0.8418 
  0.5183   0.0285 
  0.4593  -0.6656 
  0.5073   1.3521 
  0.7248   0.0938 
  0.2354  -0.5332 
  0.3502   0.2533 
  0.6600  -0.5035 
  0.5827   0.4791 
  0.7025   1.1050 
  0.3467   1.0249 
  0.1970  -0.9320 
  0.6797   0.9369 
  0.3137   0.1268 
  0.2634   0.8406 
  0.7330  -0.5322 
 -0.9973   0.1346 
 -0.7438  -0.9280 
 -0.8486  -0.6612 
 -0.7711   0.1406 
 -0.9506   0.2662 
 -0.9478  -0.8111 
 -1.0094   0.4533 
 -0.8074  -1.0497 
 -0.8133  -0.4447 
 -0.6712  -1.0096 
 -0.8962   0.9459 
 -0.8147  -0.4032 
 -0.9441  -0.2488 
 -0.8703  -0.9820 
 -0.8395  -0.5746 
 -1.1098   0.7501 
 -0.6276  -0.8070 
 -1.0701   0.5062 
  0.4039   0.5801 
  0.8556  -0.6446 
  0.6053  -0.9638 
  0.6434   0.5010 
  0.6212  -0.3357 
  0.6181   0.1089 
  0.5990   0.6534 
 -1.0701   0.4925 
 -0.9955  -0.3781 
 -0.8651  -1.0346 
 -1.0769   0.4279 
 -0.8451  -0.7446 
 -0.8330  -0.3344 
 -1.0590   0.6004 
 -0.5858  -1.0272 
 -0.6914  -0.1450 
 -0.8268   0.6676 
 -0.8508  -0.5139 
 -0.7106  -0.6027 
  0.6439  -0.2518 
  0.4668  -0.8856 
  0.0592  -0.7857 
  0.6309   0.9839 
  0.2544   0.7090 
  0.4148  -0.7946 
  0.4405   0.0480 
  0.1372   0.4322 
  0.3577  -0.6719 
  0.7985   0.4109 
  0.8919  -0.6450 
  0.6455   0.5544 
  0.5174   0.0689 
  0.3966   0.2092 
  0.5810  -0.4524 
  1.0585   0.0839 
  0.2080   0.6306 
  0.0690  -0.9243 
  0.2316  -0.3819 
 -0.1795   0.5107 
  0.7501   0.2009 
  0.6076  -0.9184 
  0.5788  -0.9679 
  0.4132  -0.9750 
  0.6653  -0.6307 
  0.3661   0.3731 
  0.6260   0.5249 
  0.4214   0.7020 
  0.3226   0.7331 
  0.4311  -0.7156 
  0.4017  -1.0830 
  0.8289  -1.2452 
  0.3526   0.1693 
  0.7612  -0.4164 
  0.5220  -1.0489 
  0.4073  -0.0989 
  0.2806  -0.5090 
  0.0229  -1.1379 
  0.3381   0.1529 
  0.8460  -1.0615 
 -0.2604   0.6920 
 -0.7487   0.2503 
 -0.9340  -0.5768 
 -1.0746   0.7669 
 -0.9956  -0.8277 
  0.4019   0.8109 
  0.3912   0.3559 
  0.1800  -0.1218 
  0.6708   0.3699 
  0.7660  -0.7328 
  0.7342   0.3926 
  0.3300   0.2827 
  0.3212  -1.0179 
  0.3723  -0.3348 
  0.8876  -0.1701 
  0.7021  -0.4979 
  0.1558   0.3430 
  0.4438  -0.0554 
  0.5165   0.5553 
  0.7942  -0.5329 
  0.4432  -0.0795 
  0.5174   0.4454 
  0.6385   0.2646 
  0.5482   0.1307 
  0.4808  -0.8495 
  0.4802  -0.5460 
  0.5305  -0.8063 
  0.5752  -1.1102 
  0.9676  -0.0988 
  0.2067   0.1348 
  0.1453  -0.2726 
  0.4764   0.5254 
  0.5062   0.5437 
  0.4321  -0.9169 
  0.2441  -0.1287 
  0.6376  -0.3786 
  0.4596   0.6466 
  0.6631  -0.8853 
  0.8884   0.4938 
  0.5783   0.3915 
  0.2672   0.0982 
  0.4592  -1.1724 
  0.7068  -0.0709 
  0.4681  -0.4548 
  0.4846   0.3818 
  0.8034  -0.7762 
  0.0967   0.8564 
  0.3651  -0.7430 
  0.7664  -1.1957 
  0.7533  -0.7883 
  0.4678  -0.0943 
  0.2692  -0.9180 
  0.5335  -0.7317 
  0.5829  -0.2911 
  0.2661  -0.9219 
  0.5726  -0.4622 
  0.6479  -0.5839 
  0.6412  -0.2442 
  0.5530   0.0577 
  0.1599  -0.4865 
 -0.6978  -0.7638 
 -0.8797   0.0299 
 -0.6763  -1.0867 
 -0.8563  -0.5269 
 -0.8079  -1.1393 
 -0.8572   0.6036 
 -1.0133  -0.1793 
 -0.9506   0.2501 
  0.7567   0.1012 
  0.6663  -0.1502 
  0.9540   0.0116 
  0.3248   0.6591 
  0.8324  -0.0964 
  0.9814   0.9719 
  0.1788   0.6642 
  0.8840  -0.6044 
  0.1707   0.7929 
  0.4527  -0.2420 
  0.8999  -0.7357 
 -0.7988  -0.3775 
 -0.8849  -0.5433 
 -0.6629  -1.3271 
 -0.8598   0.2051 
 -0.8703   0.1392 
  0.4834  -0.5775 
  0.3785  -0.5439 
  0.5470   0.5164 
  0.5352   0.8040 
 -0.8973  -0.6354 
 -0.8445  -0.5272 
 -0.8961  -0.7174 
 -0.8358  -0.8534 
 -1.0530  -0.2173 
  0.3284  -0.9180 
  0.3836   0.1983 
  0.3249   0.5591 
  0.3768   0.7829 
  0.2502   0.5019 
  0.5499   0.3137 
  0.6415  -1.0873 
  0.7114   1.2762 
  0.3184   0.3862 
  0.5397  -0.4681 
  0.2076   0.0930 
  0.5557  -0.3754 
  0.4165   0.0568 
  0.6591  -0.6595 
  0.4735   0.7605 
 -0.0170   0.2795 
  0.5419   0.0460 
  0.0341  -0.7673 
  0.2604  -0.9509 
  0.7745  -0.7238 
  0.1740   0.9295 
  0.5093   0.3360 
  0.2663   0.2522 
  0.6888  -0.7926 
  0.3946   0.6209 
  0.9608  -0.3931 
  0.4452  -0.5756 
  0.5734   0.8851 
  0.6429   0.9927 
  0.6464  -0.2930 
  0.5907  -0.3993 
  0.9690   0.2890 
  0.5081   1.0894 
  0.7494  -0.4661 
  0.8650   1.1030 
  0.5266   0.2796 
  0.6635   0.7014 
  0.8673   0.8922 
  0.6473  -0.7179 
  0.2187   0.7980 
  0.6204   0.5765 
  0.8162  -0.1939 
  0.7141  -0.3445 
  0.2366   0.9167 
  0.6990  -0.8140 
  0.8666   0.4930 
 -0.1751  -0.6063 
  0.4894   1.0170 
  0.4668   0.6383 
  0.4375  -0.1541 
  0.5311   0.0159 
  0.4474   0.4496 
  0.1815   0.9515 
  0.6292   1.0633 
  0.1129   0.6470 
  0.4933  -0.5420 
  0.8251  -0.0866 
  0.7821  -0.7889 
  0.8249  -0.3748 
  0.9299   0.4681 
  0.2534  -0.8547 
  0.7738   0.8621 
  0.1837  -0.5097 
 -0.7644  -0.7520 
 -0.8274  -0.7646 
 -0.8766   0.5853 
  0.5379   0.9861 
  0.7672   0.0857 
  0.7189  -0.7119 
  0.5206  -0.4147 
  0.6510  -0.1005 
  0.6776  -0.5069 
  0.6589  -0.2786 
  0.5004  -0.1046 
  0.4023   0.2420 
  0.8533   0.6511 
  0.3454   0.4387 
  0.4923   0.9349 
  0.3753  -0.0174 
  0.4715   0.8922 
  0.1638   0.5119 
  0.3962   0.2777 
 -0.8842   0.5343 
 -0.9433  -0.9371 
 -0.7488  -0.1426 
 -0.8439  -1.1377 
 -1.0029   0.6059 
 -0.8565   0.3824 
 -0.8120  -0.1952 
 -0.8170  -0.2623 
 -0.8904   0.9772 
 -0.8711   0.6389 
 -0.8069  -0.8682 
 -0.7559  -0.5418 
  0.7490  -0.8184 
  0.5642   0.8408 
  0.7511  -0.4678 
  0.7784  -0.7924 
  0.7150   0.3301 
  0.2065   0.1576 
  0.7841  -0.8440 
  0.5191   0.6560 
  0.2747  -0.7156 
  0.2301  -0.0620 
  0.4884  -0.8114 
  0.6271  -0.1754 
  0.3068   0.0101 
 -0.7886  -0.6051 
 -0.9299   0.1428 
 -0.9773  -0.2562 
 -0.7394  -0.9241 
 -0.9075  -0.6153 
 -0.9783  -0.3839 
 -0.7168  -0.8311 
  0.7014  -0.3546 
  0.6387   0.4621 
  0.6324   0.7307 
  0.5656   0.1570 
  0.2669   0.5276 
  0.6153  -1.2099 
  0.4369  -0.6896 
  0.5557  -0.8475 
 -0.2145  -0.5726 
  0.7952   0.6106 
  0.8010  -0.7180 
  0.5752  -0.6126 
  0.7280   0.0902 
  0.5887  -1.0685 
  0.5272  -0.7980 
  0.2174  -0.0732 
  0.3599   0.5546 
  0.4504   0.5151 
 -0.8285  -0.8367 
 -0.7225   0.7881 
  0.6205   0.7800 
  0.4458  -0.3185 
  0.4291  -0.5746 
  0.7491   0.7017 
  0.4172   0.0584 
  0.9864  -0.4707 
  0.5974   0.7789 
  0.0799   0.5856 
  0.8722   0.2292 
  0.5323  -1.0613 
  0.7812   1.1201 
  0.1765   0.5813 
  0.7427  -0.8428 
  0.3712  -0.8301 
  0.6440   0.4802 
  0.4024   0.1512 
  0.1557   0.8096 
  0.4774  -1.0596 
  0.3809  -0.7333 
  0.4687  -0.5926 
  0.6656   0.3253 
  0.3788  -0.3372 
  0.3912  -0.2664 
  0.5594  -0.8081 
  0.5035  -0.2476 
  0.5138  -0.6355 
  0.2425  -0.4743 
  0.3468   0.5180 
  0.4224   0.6147 
  0.2230  -1.0226 
 -0.9245  -0.2001 
 -0.8787   0.2901 
 -0.8002  -0.4609 
 -0.8369  -0.9633 
 -0.8280  -0.1070 
 -0.8533   0.8024 
 -0.8557  -0.5947 
 -1.0479  -0.2497 
 -0.9269  -0.0517 
 -1.1288  -0.8047 
 -0.8445  -0.8142 
  0.2177  -0.3995 
  0.3849  -0.0724 
  0.9393   1.0297 
 -1.0806  -1.0109 
 -0.7654  -0.8194 
 -0.9156  -0.6078 
 -0.8651  -0.4534 
 -0.9106   0.9883 
 -0.8226  -1.0047 
 -1.0672   0.2451 
 -0.8592  -0.9982 
 -0.9432   0.4917 
 -0.9103   0.4843 
  0.6257   0.2518 
  0.5088  -0.2907 
 -0.6744  -0.8012 
 -0.7907   0.3204 
 -0.9057  -0.2443 
 -0.8227  -0.4949 
 -0.9127  -1.0006 
 -0.6963  -1.3225 
 -0.8022   0.6459 
 -0.9053  -0.8255 
 -0.7429   0.6259 
 -0.9255  -0.4525 
 -0.9438  -0.4639 
 -1.0536   0.6509 
 -0.8582   0.9264 
 -0.7420  -1.1678 
 -1.0143   0.6122 
 -0.8718  -0.6462 
 -0.6568  -0.9507 
 -0.7875  -0.9759 
  0.5289   0.4583 
  0.8613  -0.8200 
  0.2063   0.3636 
  0.4774   0.7268 
 -0.8770  -1.1055 
  0.4170  -0.0892 
  0.3466  -0.3417 
  0.1410  -0.3406 
  0.4341  -0.1139 
  0.7462   0.0604 
  0.3280  -0.6320 
  0.7043   0.2081 
 -0.7599  -0.0493 
 -0.7002   0.3196 
 -1.0662   0.3092 
 -1.0723   0.6589 
 -1.0007   0.8006 
 -0.7048  -1.1632 
 -0.8201   0.6955 
 -0.9521   0.4628 

