 -0.9909  -0.1697 
 -0.8698   0.8830 
 -0.8577   1.1434 
 -0.8414  -0.3345 
 -0.9611   0.6888 
 -0.8541   1.2120 
 -0.9574   0.3899 
 -0.8260   0.4318 
 -0.9508   1.0728 
 -0.9548  -0.3961 
 -0.7552  -0.3588 
 -0.9167   1.1888 
 -0.9341   0.1411 
 -0.9861   0.4475 
 -0.9331  -0.1522 
 -0.7985   0.6856 
 -0.8452   1.2806 
 -0.8151  -0.1495 
 -0.7650   0.5525 
 -0.8338   0.4014 
 -0.5704  -0.5244 
 -0.8128  -0.2501 
 -0.9533  -0.1258 
 -0.9704   1.0005 
 -0.8557   0.6780 
 -0.9732  -0.0089 
 -0.7720   0.6749 
  0.5121   1.0716 
  0.8076  -0.6180 
  0.7670   1.0185 
  0.9978  -0.4156 
  0.7407   0.8878 
 -0.7919   1.2026 
 -0.8293   1.0608 
 -0.7801   0.0617 
 -0.9342   0.5059 
  0.5705   1.1743 
  0.7298  -0.5015 
  0.8699  -0.4390 
  0.7721   0.2116 
  0.9461   0.5700 
  0.9773   0.6754 
  0.6955   0.9067 
  0.5900  -0.0838 
  0.6692   0.7015 
 -0.8583  -0.5080 
 -0.6742   0.2704 
 -0.9577   0.7843 
 -0.7974  -0.4708 
 -0.9441  -0.4358 
 -0.8870   0.9547 
 -0.8174  -0.2267 
 -0.9345  -0.5609 
 -0.8343   1.0442 
 -0.9768  -0.4553 
 -0.9230   0.7859 
 -0.6874   0.5985 
 -0.9986   0.8896 
 -0.9502  -0.2349 
 -0.9776   1.1739 
 -0.7479   0.8443 
  0.9180   0.8893 
  0.8675   1.0270 
  0.9152  -0.4127 
  0.8496   1.2313 
  0.9409   0.8431 
  0.7683   0.6767 
  0.6281   1.2561 
  0.7040   0.4580 
  0.4087  -0.3572 
  0.4396   0.5103 
  0.6847   0.9370 
  0.8059   0.9703 
  0.5572  -0.5694 
  0.9357   0.3487 
 -0.8965  -0.4068 
 -0.8939   0.0818 
 -0.9056   0.9223 
 -0.9331   0.5572 
 -0.5971   0.7022 
 -0.9250   0.0855 
  0.8640   0.1056 
  0.8339  -0.5875 
  0.7339  -0.4234 
  0.6580   0.4147 
  0.8227  -0.1500 
  0.8350   0.5093 
  0.6100  -0.1628 
  0.7920  -0.4169 
  0.8294  -0.5947 
  0.8047   0.8140 
  0.6983   0.1693 
  0.7771   0.1031 
  0.5762   1.3290 
  0.5086  -0.6571 
  0.7797   0.1783 
  0.9023  -0.2571 
  0.7237   0.9945 
  0.7945   1.0964 
  0.8787   0.4010 
  0.8394   0.6474 
  0.7454   0.7688 
  0.7663   1.1529 
 -0.5882   0.0440 
 -0.9989   0.9243 
 -0.9656   1.1414 
 -0.6867  -0.1845 
 -0.9995   1.1234 
 -0.8907   0.4099 
 -0.6532   1.0479 
 -0.8921   0.2789 
  0.7822   0.6359 
  0.6296  -0.2680 
  0.2129   1.0595 
 -0.0556   0.9382 
  0.0365  -0.8752 
  0.3008   0.4526 
  0.1697   0.0475 
 -0.1806   0.7461 
 -0.2208  -0.9791 
  0.1063  -0.7596 
  0.4238   0.7144 
  0.5551  -0.8342 
  0.5077  -0.6505 
 -0.0076   0.7049 
  0.7908  -0.3315 
  0.9455   1.0110 
  0.6991   1.2833 
  0.8957   0.0106 
  0.8388   0.7695 
  0.7675  -0.5129 
  0.9874  -0.2646 
 -0.9545  -0.3871 
 -0.8249   0.4346 
 -0.9057  -0.5829 
 -0.7796  -0.7290 
 -0.8694   1.0628 
 -0.9160  -0.2563 
 -0.9532  -0.1529 
 -0.9983  -0.7490 
 -0.9291   0.2325 
 -0.9014  -0.5775 
 -0.9511   0.1590 
  0.7914   0.1214 
  0.7278  -0.2808 
  0.5819   0.8799 
  0.4865   0.8582 
  0.4632  -0.2514 
  0.1855   0.5140 
 -0.1313  -0.2917 
  0.9959   0.8205 
 -0.8689  -0.5189 
 -0.8598   0.8266 
 -0.8305  -0.4164 
 -0.9061   0.7251 
 -0.7973   0.4263 
 -0.8299   0.2440 
 -0.7545   1.0328 
 -0.7968  -0.3229 
 -0.9638  -0.3659 
 -0.9903  -0.5882 
  0.1262  -0.7391 
  0.2750  -0.4634 
  0.0725   0.1296 
  0.1539   0.0349 
 -0.0816  -0.9345 
 -0.4878   0.0721 
 -0.4490  -0.8226 
 -0.3622   0.1186 
  0.6187  -0.3839 
  0.7999   0.5702 
  0.5989   1.1000 
  0.9367   0.2990 
  0.8469  -0.0395 
  0.9087   0.8217 
  0.7216  -0.0317 
  0.9834   0.8901 
  0.9924   0.2409 
  0.5125   0.4023 
  0.7319   0.0456 
  0.8041   0.7265 
  0.8100   1.2428 
  0.5770  -0.1135 
  0.6458   0.1909 
  0.8908   1.0611 
  0.8366   0.2937 
  0.8848   0.1332 
  0.5713   0.6336 
  0.7553   0.0262 
  0.9432   0.8604 
  0.7250  -0.0338 
  0.8088  -0.3662 
  0.8227   0.5825 
  0.8853   0.8202 
  0.1687  -0.5564 
  0.7414   1.0103 
  0.5313   1.0470 
  0.5176  -0.2913 
  0.7784  -0.5981 
  0.8953  -0.5904 
 -0.1533   0.2684 
  0.6458   0.9887 
  0.7461   0.8771 
  0.4269  -0.4609 
  0.8058   0.3095 
  0.8221   0.3097 
  0.6481   0.3858 
  0.8962  -0.0840 
  0.6773   1.2149 
  0.7560  -0.1812 
  0.8306   1.3157 
  0.7689   0.4851 
  0.7133   0.9616 
  0.6289   0.5921 
  0.8912  -0.0517 
  0.8334   0.5548 
  0.8984   0.9955 
  0.6496  -0.1801 
  0.8059   0.9417 
 -0.0336  -0.7364 
  0.1421   0.6233 
  0.0674  -0.7429 
  0.7393  -0.5312 
 -0.8758  -0.4816 
 -0.7790  -0.6819 
 -0.9944   0.0352 
 -0.8800   0.9561 
 -0.6845   0.5229 
 -0.9111  -0.0825 
 -0.7637   0.9946 
 -0.9603   0.9610 
 -0.9662   0.2210 
 -0.7808  -0.2099 
 -0.8393  -0.3669 
 -0.9223  -0.2813 
 -0.9628  -0.1475 
 -0.9983  -0.4479 
 -0.9298  -0.2305 
  0.2119  -0.5470 
 -0.5709  -0.1252 
 -0.1184  -0.3436 
 -0.1233   0.7694 
 -0.2071   0.4139 
 -0.2663   0.5309 
 -0.8525   1.0961 
 -0.7228   0.7360 
 -0.9568   0.9425 
 -0.7412  -0.4707 
 -0.7986   0.3914 
 -0.8034   0.7665 
 -0.8733   1.0617 
 -0.7882   1.2248 
 -0.8618   0.1454 
 -0.7719   1.1176 
 -0.9997  -0.2297 
 -0.6201   0.5048 
 -0.9341   0.3026 
 -0.8767  -0.4951 
 -0.9152  -0.4358 
 -0.7591   1.2028 
 -0.7991   0.1689 
 -0.7845   0.5425 
 -0.6434   1.0851 
  0.9487  -0.7196 
  0.9295   0.2621 
  0.9528   0.5552 
  0.5860   0.0587 
 -0.0297  -0.8613 
  0.4435   0.8660 
  0.2951  -0.8627 
 -0.0636  -0.4031 
  0.0645  -0.5451 
  0.4155   0.0607 
  0.4010   0.4239 
 -0.9669   1.0154 
 -0.0776   0.5211 
  0.2798   1.0157 
  0.0245   0.5365 
 -0.8392   0.8916 
 -0.9985   1.2268 
 -0.9424   1.2949 
 -0.6578   1.2119 
 -0.7986  -0.5853 
 -0.7433  -0.6116 
 -0.8623   0.8033 
 -0.8467   1.1602 
 -0.9048   1.2559 
 -0.8970  -0.2490 
 -0.8934   1.2148 
 -0.8271   1.3837 
 -0.7895  -0.2399 
 -0.5387  -0.3378 
 -0.9284  -0.3142 
  0.7097   0.9386 
  0.7803   0.0944 
  0.9001   0.6144 
  0.5647  -0.2943 
  0.0486   0.9683 
  0.1292   0.9323 
  0.1500  -0.6302 
  0.3359  -0.5037 
  0.0735   0.8166 
  0.1845  -0.7487 
 -0.1609  -0.5426 
  0.3425  -0.1142 
  0.4694   1.0774 
 -0.0446  -0.7829 
 -0.2306  -0.9342 
  0.7403  -0.6388 
  0.0136   0.4961 
 -0.3909   0.2162 
  0.2750   0.5270 
  0.1153   0.9627 
 -0.0716   0.6729 
  0.2903   0.3443 
 -0.1362   0.7698 
  0.8328   0.6312 
  0.7346   1.4107 
 -0.6075  -0.4569 
 -0.7617   0.0941 
  0.1992   0.8756 
 -0.8489   0.9039 
 -0.9589   0.2866 
 -0.8898   1.3220 
 -0.9052   0.0332 
 -0.9856  -0.3940 
 -0.9605   1.1336 
  0.7999   0.2426 
  0.7853   0.6243 
  0.8135   0.8734 
  0.9360  -0.5252 
  0.9339  -0.4532 
  0.8277  -0.0993 
  0.8695   0.4580 
 -0.9508  -0.2970 
 -0.8220  -0.0827 
  0.1272  -0.1908 
  0.0275   0.4500 
  0.5350  -0.8114 
 -0.0207  -0.1023 
 -0.0316  -0.9868 
  0.5350  -0.2829 
 -0.0836  -0.9234 
 -0.1332   0.4961 
  0.7216   0.8044 
  0.8410   0.0658 
  0.5039   0.2982 
  0.9360  -0.4982 
  0.9436   1.1195 
  0.7752  -0.3964 
  0.6320  -0.1246 
  0.9705   1.1792 
  0.9455   1.0801 
  0.8272   1.3630 
  0.9402   0.2067 
  0.8834  -0.4854 
  0.7104   0.4361 
  0.7631   0.0415 
  0.8547  -0.0956 
  0.7938  -0.7579 
  0.7062   0.6702 
  0.7291   0.7856 
  0.6420   1.0441 
  0.9566  -0.5100 
  0.9128   0.4586 
  0.9262  -0.1599 
  0.6512   0.8548 
  0.8719   0.8409 
  0.7559  -0.1639 
  0.9506  -0.2336 
  0.8377   0.0060 
  0.7727   0.0925 
  0.8469  -0.2874 
  0.7277  -0.4594 
  0.9627  -0.1491 
  0.7656   1.1060 
  0.8249  -0.2359 
  0.7366  -0.4849 
  0.7011  -0.2036 
  0.6677   1.1595 
  0.6194  -0.4281 
  0.8912  -0.0427 
  0.7132   0.8559 
  0.9807  -0.0867 
  0.7160  -0.4815 
  0.5948   1.3003 
  0.7379   0.4255 
  0.8704  -0.2056 
 -0.8542  -0.6813 
 -0.9898  -0.5510 
 -0.9712   0.2234 
 -0.6874   0.6939 
 -0.7506   0.0911 
 -0.9797   0.9536 
 -0.9335   0.1275 
  0.5034   0.5349 
 -0.9299   0.3595 
 -0.9005   0.0774 
 -0.8197   0.4961 
 -0.6601  -0.4100 
 -0.7992   1.0464 
 -0.7937  -0.5042 
  0.7759   0.5540 
  0.8117  -0.3905 
  0.5497  -0.2360 
  0.9952   1.0802 
  0.4233   0.0612 
  0.9002   1.1360 
  0.8094   0.4679 
  0.8458  -0.6125 
  0.5996   0.8459 
  0.5980  -0.0738 
  0.3212  -0.4459 
  0.4847  -0.2690 
  0.9903   0.8802 
  0.7393  -0.6667 
  0.6729   0.6596 
  0.9490  -0.5693 
  0.8839   0.2095 
  0.6736   0.1647 
  0.8094   1.1186 
  0.9378  -0.1150 
  0.8426  -0.5176 
 -0.9253   0.4717 
 -0.7864   0.7895 
 -0.8786  -0.3512 
 -0.5505  -0.4403 
 -0.6334   0.3863 
 -0.9283  -0.6258 
 -0.5924  -0.3324 
 -0.8226   0.2140 
 -0.9235  -0.2457 
 -0.8255   0.5593 
 -0.9160  -0.4899 
 -0.9103  -0.0534 
 -0.9887  -0.0563 
 -0.9394  -0.3829 
 -0.8862  -0.6225 
 -0.9005  -0.3357 
 -0.9572  -0.0470 
 -0.9738  -0.5478 
 -0.7745   0.9147 
 -0.9172   0.6677 
 -0.8288  -0.7395 
  0.7153  -0.3349 
  0.2402  -0.1728 
  0.4791   0.6273 
  0.1083  -0.7886 
 -0.0486   0.8563 
  0.4516  -0.3439 
  0.2605  -0.4146 
  0.0046   0.2709 
 -0.0256   0.4127 
  0.0395  -0.7901 
  0.4409   0.8305 
 -0.6532   0.7855 
 -0.6867  -0.2891 
 -0.7925  -0.5696 
 -0.9895   1.0577 
 -0.8387   1.2591 
 -0.9394  -0.4221 
  0.3844   0.7404 
  0.3835   0.3650 
 -0.1343  -0.1980 
  0.2731  -0.0369 
  0.3575  -0.1609 
  0.1153  -0.6820 
 -0.0995   0.6747 
  0.3378   0.2288 
  0.1609   0.5904 
 -0.2779   0.6334 
  0.2922   0.4845 
  0.5733   0.8495 
  0.2314   0.1314 
  0.3425  -0.6733 
  0.6825   0.4407 
  0.6639  -0.3753 
  0.9070  -0.1797 
 -0.3982   0.1537 
  0.2324   0.8332 
 -0.1173  -0.2950 
  0.7533  -0.4451 
  0.9742   0.8344 
  0.9581   0.0256 
  0.7285   0.5869 
  0.9578   0.9692 
  0.7689   0.7977 
  0.8724  -0.2252 
  0.5008  -0.8186 
  0.3537  -0.3685 
 -0.7018  -0.6228 
  0.9299   0.5911 
  0.9685  -0.3555 
  0.7765   0.8985 
  0.7846  -0.4272 
  0.9374  -0.1916 
  0.8801   0.8037 
  0.9667  -0.6754 
  0.5876   1.2105 
  0.9192  -0.7615 
  0.7291   0.9642 
  0.8249  -0.2564 
  0.7889  -0.1708 
  0.5555  -0.4411 
  0.8169   1.0346 
  0.9040  -0.0151 
  0.8568  -0.1092 
  0.9335   0.4484 
  0.7298   0.3483 
  0.9816  -1.0094 
  0.8046  -0.6062 
  0.8463   0.7789 
  0.6116   0.7786 
  0.9542   0.2858 
  0.8655  -0.0425 
  0.6976   0.5756 
  0.5680   1.0607 
  0.4538  -0.3944 
  0.6654  -0.0060 
 -0.9448   1.0757 
 -0.8542  -0.2115 
 -0.6809  -0.6628 
 -0.8111   0.0355 
 -0.7630   0.2426 
 -0.8658   1.0306 
 -0.7124   1.3869 
 -0.9483   1.1468 
  0.0964   0.4173 
  0.4146  -0.4954 
  0.2402   0.9502 
 -0.1520   0.3174 
 -0.9977  -0.1869 
 -0.9261  -0.5379 
 -0.7446  -0.2675 
 -0.6924   0.8314 
 -0.5679   0.1805 
 -0.9164   1.2045 
 -0.9411   0.0822 
 -0.9657  -0.5453 
 -0.9672   0.8849 
 -0.0567  -1.0640 
 -0.3416   0.1770 
 -0.0097  -1.0185 
  0.3639   0.4166 
  0.2294  -0.8782 
  0.1499  -0.4817 
  0.2682   0.2244 
  0.1212  -0.0089 
  0.5189   0.2731 
  0.0455  -0.0369 
  0.1874   0.4001 
 -0.4302  -1.0842 
  0.7708   1.1461 
 -0.8387   1.0861 
 -0.7727  -0.5619 
 -0.7386   0.5635 
 -0.9753   1.2016 
 -0.8912   1.1520 
 -0.7992  -0.2251 
 -0.8714  -0.5048 
 -0.9614   0.9832 
 -0.8988   0.4308 
 -0.7681   1.1448 
 -0.9724  -0.2500 
 -0.9295  -0.1922 
 -0.9001  -0.5404 
 -0.9302   0.9448 
 -0.8082  -0.3415 
 -0.8441   0.3132 
 -0.8311  -0.3522 
 -0.7539   0.9598 
 -0.8382  -0.2651 
 -0.8979  -0.1569 
 -0.9381  -0.0297 
  0.2547   0.0728 
  0.4929  -0.8033 
  0.0245  -0.8979 
  0.2421   0.0353 
 -0.5317  -0.8124 
 -0.0006  -0.7053 
  0.6805  -0.7511 
 -0.0915   0.6516 
  0.2051   0.7302 
  0.0275  -0.7885 
 -0.1709  -0.7531 
 -0.2442  -0.2962 
  0.1093  -0.6651 
  0.0734   0.6110 
  0.1053  -0.3433 
 -0.1085  -1.0011 
  0.1903   0.9009 
  0.3433  -0.2502 
 -0.2248  -0.9105 
 -0.1590  -0.0991 
 -0.0307  -0.6888 
 -0.0017   0.2109 
  0.4579   1.0235 
 -0.0994   0.8819 
 -0.2808  -1.0936 
  0.2402   0.8383 
 -0.1124   0.0002 
 -0.1560   0.8113 
  0.4737  -0.6360 
 -0.9305   0.6603 
 -0.7393  -0.5575 
 -0.9239  -0.4534 
 -0.7572   0.5201 
 -0.9622   0.3259 
 -0.8064  -0.4048 
 -0.8815   0.8975 
 -0.9032  -0.7738 
 -0.9451  -0.3342 
 -0.7950  -0.4923 
 -0.9770   1.0932 
 -0.9018  -0.1217 
 -0.9200  -0.0548 
 -0.9321  -0.7718 
 -0.7745   0.0274 
 -0.9682   1.0804 
 -0.6154  -0.1131 
 -0.8659   1.0345 
  0.8284   1.2010 
  0.8980   0.0489 
  0.8399  -0.3803 
  0.8787   1.0138 
  0.8806   0.2289 
  0.9737   0.5929 
  0.1203   0.5382 
 -0.7675   1.0200 
 -0.8282   0.2435 
 -0.9188  -0.5348 
 -0.9387   0.8170 
 -0.7571  -0.0996 
 -0.8771   0.1684 
 -0.8828   1.1052 
 -0.7839  -0.3968 
 -0.9005   0.3564 
 -0.9554   0.8029 
 -0.8939  -0.0733 
 -0.9809  -0.4389 
  0.8192   0.2530 
  0.0834  -1.0378 
 -0.2875  -0.9298 
  0.4623   0.8246 
 -0.2081   0.5845 
 -0.0656  -0.8010 
 -0.0785   0.0510 
  0.6013   1.1238 
  0.7271  -0.0351 
  0.9439   0.9981 
  0.9719  -0.1238 
  0.8962   1.1709 
  0.8569   0.7800 
  0.7153   0.8633 
  0.9266   0.0519 
  0.6583   0.1381 
 -0.1993   0.5840 
 -0.5627  -0.8108 
  0.0195  -0.5905 
 -0.4773   0.4421 
  0.3397   0.1357 
  0.8953  -0.3613 
  0.8058  -0.3045 
  0.7188  -0.3190 
  0.9208   0.0516 
  0.8295   1.0099 
  0.9717   0.9216 
  0.8334   1.3126 
  0.7005   1.3859 
  0.7559  -0.1244 
  0.6320  -0.3694 
  0.9258  -0.6636 
  0.7333   0.7540 
  0.9153   0.1417 
  0.8679  -0.4960 
  0.7420   0.5652 
  0.7846   0.1333 
  0.4926  -0.3277 
  0.7507   0.8099 
  0.9432  -0.4983 
 -0.6409   0.6734 
 -0.8557   0.8000 
 -0.8393   0.0026 
 -0.9885   1.1330 
 -0.9776  -0.4256 
  0.8250   1.3254 
  0.8830   0.8942 
  0.6617   0.5448 
  0.8940   0.9806 
  0.9617  -0.1018 
  0.9378   1.0119 
  0.6677   0.9566 
  0.6140  -0.3112 
  0.6489   0.3716 
  0.6784  -0.1873 
  0.3760  -0.5850 
 -0.3697   0.2537 
 -0.0676  -0.1048 
  0.0106   0.5632 
  0.2653  -0.7018 
 -0.0915  -0.2117 
  0.1074   0.3007 
  0.3686   0.1956 
  0.1302   0.1222 
  0.7759  -0.2116 
  0.8294   0.0229 
  0.8059  -0.1012 
  0.8415  -0.5123 
  0.6553  -0.0785 
 -0.1540  -0.0298 
 -0.1531  -0.4595 
  0.8753   1.1645 
  0.8464   1.1091 
  0.7250  -0.2674 
  0.7494   0.4694 
  0.7312   0.1874 
  0.8614   0.9107 
  0.9086  -0.5273 
  0.9728   0.9127 
  0.8076   0.8999 
  0.5354   0.6125 
  0.8344  -0.7281 
  0.9014   0.2950 
  0.7339  -0.0639 
  0.7513   0.6462 
  0.9302  -0.4722 
  0.4935   1.2786 
  0.6646  -0.2921 
  0.9009  -0.8225 
  0.9632  -0.5826 
  0.6743   0.4812 
  0.5312  -0.4526 
  0.7493  -0.2737 
  0.7956   0.1354 
  0.6028  -0.4770 
  0.8500  -0.1330 
  0.8272  -0.2229 
  0.7895   0.3050 
  0.8532   0.3948 
  0.6131  -0.0473 
 -0.8175  -0.3755 
 -0.8442   0.3479 
 -0.9120  -0.7589 
 -0.9887  -0.4647 
 -0.7840  -0.7549 
 -0.9335   0.8392 
 -0.9128   0.0503 
 -0.6779   0.7470 
  0.3036  -0.2911 
  0.2479  -0.5724 
  0.5425  -0.2611 
 -0.0446   0.2923 
  0.4903  -0.4532 
  0.9221   0.8928 
 -0.1993   0.5422 
  0.5609  -0.6695 
 -0.2480   0.5728 
  0.0225  -0.3991 
  0.4055  -0.7954 
 -0.7060   0.2430 
 -0.7636  -0.0545 
 -0.5842  -0.5521 
 -0.9119   0.6695 
 -0.9143   0.6245 
 -0.0007  -0.7028 
 -0.1590  -0.6980 
  0.0096   0.3831 
  0.1500   0.6956 
 -0.6279   0.1486 
 -0.9039   0.1616 
 -0.7512  -0.0720 
 -0.9608  -0.4309 
 -0.8603   0.3176 
  0.6036  -0.2071 
  0.7441   0.8165 
  0.7624   0.9213 
  0.6824   1.2049 
  0.6933   0.9092 
  0.8288   0.6743 
  0.9565  -0.7754 
  0.4551   0.8755 
 -0.0307  -0.0722 
  0.0664  -0.7273 
 -0.3351  -0.0171 
  0.1578  -0.7939 
  0.1133  -0.0948 
  0.0854  -0.7906 
 -0.1193   0.7593 
 -0.3331   0.2740 
 -0.0526  -0.0650 
 -0.5360  -0.6782 
 -0.2616  -0.9731 
  0.1282  -0.7977 
 -0.2208   0.7669 
 -0.1846   0.1744 
  0.0165   0.1051 
  0.5240  -0.8228 
  0.0475   0.5819 
  0.6183  -0.3908 
  0.0415  -0.8901 
  0.3649   0.4854 
  0.2099   0.6457 
  0.2070  -0.6438 
  0.1578  -0.8352 
  0.3667   0.0381 
  0.3368   0.7395 
  0.4408  -0.8072 
  0.4965   0.8005 
  0.1923  -0.0851 
  0.3742   0.3530 
  0.3686   0.6474 
  0.1063  -1.0414 
 -0.2837   0.5946 
  0.2556   0.2982 
  0.3509  -0.4663 
  0.2109  -0.6859 
 -0.1807   0.4856 
 -0.0007  -1.0928 
  0.2479   0.3031 
 -0.5905  -0.6285 
  0.2217   0.8542 
  0.1213   0.5144 
  0.0085  -0.2654 
 -0.0226  -0.0411 
  0.1064   0.3449 
 -0.2071   0.8699 
 -0.0207   0.7619 
 -0.2703   0.2970 
  0.1726  -0.9023 
  0.4755  -0.4058 
  0.2701  -1.0550 
  0.3527  -0.6954 
  0.9866   0.7007 
  0.5235  -0.3746 
  0.9832   1.0582 
  0.5932  -0.0440 
 -0.8563  -0.3890 
 -0.8815  -0.4820 
 -0.9431   0.9601 
  0.1222   0.6208 
  0.2960  -0.2394 
  0.2245  -1.0603 
  0.1844  -0.8186 
  0.2960  -0.4366 
  0.0515  -0.7721 
  0.8639   0.1326 
  0.7393   0.2988 
  0.8028   0.5925 
  0.9524   0.9846 
  0.5737   0.9498 
 -0.0427   0.7444 
  0.7968   0.3331 
  0.8175   1.2324 
  0.5472   0.9841 
  0.6875   0.7529 
 -0.9692   0.6978 
 -0.8843  -0.5931 
 -0.8704   0.1260 
 -0.8578  -0.7051 
 -0.6334   1.1374 
 -0.8704   0.7422 
 -0.6365   0.2636 
 -0.9998  -0.2052 
 -0.9123   1.1861 
 -0.8624   0.9467 
 -0.9844  -0.7047 
 -0.8447  -0.3317 
  0.3377  -1.1732 
  0.0735   0.6104 
  0.3944  -0.8088 
  0.8979  -0.2936 
  0.8594   0.8539 
  0.5794   0.6210 
  0.8099  -0.3655 
  0.7689   1.0748 
  0.5004  -0.2036 
  0.6092   0.3724 
  0.5713  -0.2327 
  0.9070   0.1217 
  0.6342   0.4244 
 -0.6458  -0.2482 
 -0.9879   0.2657 
 -0.8221   0.0623 
 -0.8232  -0.4413 
 -0.9303  -0.3967 
 -0.9415  -0.2364 
 -0.8791  -0.5273 
  0.9989  -0.1313 
  0.8558   0.8874 
  0.8777   1.0851 
  0.8105   0.5339 
  0.7202   0.9230 
  0.8583  -0.7906 
  0.6765  -0.4082 
  0.9156  -0.5725 
  0.2687  -0.0493 
  0.8614   1.0674 
  0.9207  -0.3409 
  0.8175  -0.1950 
  0.9521   0.4229 
  0.7846  -0.6471 
  0.6940  -0.3093 
  0.6698   0.3391 
  0.7400   0.9480 
  0.7944   0.7527 
 -0.7611  -0.4197 
 -0.7751   1.1665 
  0.2979   0.4036 
  0.0585  -0.5524 
 -0.0766  -0.8798 
  0.3649   0.3468 
 -0.2091  -0.2449 
  0.6143  -0.7265 
  0.9196   1.0867 
  0.5321   1.0509 
  0.9851   0.4855 
  0.6594  -0.5508 
  0.3217   0.7982 
 -0.1045   0.1956 
  0.8516  -0.3990 
  0.7466  -0.4289 
  0.7944   0.9352 
  0.6632   0.6037 
  0.5997   1.2565 
  0.7346  -0.4249 
  0.7951  -0.1651 
  0.7026  -0.1555 
  0.8485   0.7110 
  0.8594   0.0670 
  0.7546   0.1111 
  0.7986  -0.3173 
  0.7167   0.2124 
  0.8016  -0.2492 
  0.5481   0.0017 
  0.6579   0.9902 
  0.0275   0.3510 
  0.5891  -0.5710 
 -0.9646  -0.0265 
 -0.7236   0.6849 
 -0.8349  -0.0928 
 -0.9095  -0.5923 
 -0.9915   0.0541 
 -0.9933   0.7608 
 -0.8338  -0.3317 
 -0.8117   0.0504 
 -0.7925   0.2956 
 -0.8087  -0.3114 
 -0.7701  -0.4996 
 -0.2539  -0.7964 
 -0.1254  -0.4353 
  0.5129   0.7847 
 -0.8604  -0.7518 
 -0.6342  -0.4522 
 -0.9530  -0.4104 
 -0.8689  -0.2577 
 -0.9997   0.9988 
 -0.9227  -0.3283 
 -0.9238   0.7032 
 -0.9219  -0.5124 
 -0.9222   1.0858 
 -0.7235   1.2618 
  0.2615   0.2346 
  0.1222  -0.4120 
 -0.8364  -0.8148 
 -0.5378   1.1408 
 -0.8562   0.3329 
 -1.0000  -0.1737 
 -0.7919  -0.3978 
 -0.8332  -0.6766 
 -0.7325   1.0574 
 -0.8948  -0.5015 
 -0.6653   1.1750 
 -0.8829  -0.2934 
 -0.8254  -0.1585 
 -0.9246   0.9414 
 -0.8781   1.1350 
 -0.8505  -0.7851 
 -0.9148   0.9387 
 -0.9628  -0.4766 
 -0.9006  -0.5931 
 -0.9438  -0.6669 
  0.8899   1.0791 
  0.9104  -0.3377 
  0.6489   0.9749 
  0.8527   1.2960 
 -0.8237  -0.5176 
  0.0265  -0.2042 
  0.0076  -0.3443 
 -0.4659  -0.3390 
  0.0375  -0.2963 
  0.4028  -0.0834 
 -0.0806  -0.7353 
  0.3936   0.2631 
 -0.6996   0.7571 
 -0.5736   1.1835 
 -0.8208   0.9912 
 -0.9619   1.0613 
 -0.9048   1.0557 
 -0.7858  -0.6137 
 -0.5867   1.1578 
 -0.8699   0.8013 

