4.018744e-15
-2.672716e-14
-1.101531e-13
-5.399240e-14
-3.227180e-15
-4.696898e-14
-5.508149e-14
2.755146e-14
1.307073e-15
-4.382116e-15
-7.534133e-15
4.060290e-14
-3.822469e-14
-1.040541e-14
1.091288e-13
4.461467e-09
-1.848592e-09
-5.990606e-09
-4.171944e-09
4.515031e-09
-5.892846e-09
-8.600169e-09
-9.737089e-10
-3.880863e-09
-3.813282e-09
8.403265e-10
2.925442e-09
3.263107e-09
-5.043053e-09
5.201861e-09
-1.378028e-08
-1.028943e-08
4.702494e-09
4.959960e-09
-1.077921e-08
1.380836e-08
1.572925e-08
7.622487e-09
1.875198e-08
4.266408e-09
8.844073e-09
-6.942611e-10
-1.193943e-08
9.910852e-09
-1.195904e-08
2.170538e-09
1.727982e-08
-8.328972e-09
-9.973609e-09
4.004499e-09
-7.720579e-09
-1.678481e-08
-2.388139e-08
-2.303283e-08
2.695639e-09
-1.364842e-08
2.071566e-08
2.276023e-08
9.186767e-10
2.808490e-08
5.934573e-08
-7.839951e-09
2.580390e-08
3.669645e-08
-2.714178e-08
-2.439229e-08
5.750663e-09
-1.873541e-08
-1.862751e-08
-3.882256e-08
-1.355810e-08
-3.207044e-08
-4.055334e-08
1.363330e-09
3.037435e-09
-2.090670e-07
-1.254652e-07
7.872265e-08
-6.603850e-08
8.423815e-08
1.316868e-07
2.395631e-08
1.347819e-07
5.959199e-08
9.653092e-08
1.142761e-07
-3.723861e-08
2.724681e-08
-6.006322e-09
-9.733047e-08
1.004398e-07
1.063169e-07
-7.363236e-08
-3.088549e-08
-4.637149e-08
-6.553136e-08
-7.831959e-08
-2.273405e-08
-2.643961e-09
-4.476895e-08
-2.480901e-08
3.445115e-08
4.585255e-08
-3.452688e-08
5.701816e-08
-1.914547e-07
-3.454361e-07
3.603071e-08
-6.374821e-09
1.698267e-08
7.558762e-08
6.171831e-08
-3.640488e-07
-8.866621e-08
-1.555532e-08
-2.671163e-07
7.122006e-08
-6.821394e-08
2.573559e-07
-1.307565e-07
1.873196e-07
7.198559e-07
-2.808684e-08
-3.895304e-08
5.100330e-08
-1.666260e-07
-4.877192e-08
5.351080e-07
-2.371632e-07
-1.004745e-07
1.657979e-07
-4.030607e-07
-1.619423e-07
-3.607484e-07
2.461757e-07
-3.478908e-08
-1.212114e-07
-3.058568e-09
-3.240991e-08
-4.377848e-08
1.423293e-08
4.341690e-09
-9.467109e-08
2.571034e-08
5.003780e-08
-2.085788e-09
7.020004e-08
4.202770e-08
7.479200e-08
-3.606767e-09
2.237198e-08
1.228828e-07
7.749077e-08
1.254298e-08
1.748291e-07
-4.191298e-08
1.533033e-08
7.401799e-08
-1.270318e-07
-1.875345e-08
-9.331679e-08
-7.860540e-08
-7.154485e-08
-3.553194e-08
1.036143e-08
-1.199104e-08
-5.784523e-08
-1.163782e-07
5.892284e-08
-1.578771e-07
-4.530622e-08
6.622928e-08
-1.042285e-07
8.885596e-08
1.923238e-08
5.536666e-08
8.663317e-08
3.730562e-08
5.832916e-08
-2.133285e-08
-2.890558e-08
2.067362e-08
3.978530e-08
-2.184036e-08
3.671852e-08
4.522984e-08
-4.324866e-08
1.889871e-08
-5.482189e-09
-1.667645e-08
-1.149499e-08
-5.263242e-08
3.584864e-08
-9.358815e-09
-3.859287e-08
6.574328e-08
-3.652059e-08
-2.987382e-08
-7.466030e-09
1.818996e-08
-2.767988e-08
3.314743e-08
4.802889e-08
-2.160316e-08
3.639379e-08
-1.275838e-08
1.813294e-08
-7.227884e-08
-5.770732e-08
6.133338e-08
-5.981870e-08
1.820193e-08
3.771913e-09
7.263894e-08
1.348230e-08
-1.008724e-08
6.888639e-08
-5.988940e-08
4.251092e-08
-3.227394e-08
-3.198113e-08
3.304448e-08
-2.299749e-08
1.079379e-07
-5.923671e-08
-7.804659e-09
-2.623232e-08
8.284576e-08
-8.353546e-08
-3.490727e-08
5.001028e-08
-8.894571e-08
2.465255e-08
-2.712101e-08
-1.978163e-08
5.648649e-08
-4.683009e-08
3.683307e-08
-7.695798e-08
-2.767233e-09
1.312291e-07
-4.727557e-08
-1.696871e-07
1.347528e-07
-5.465118e-08
-7.060253e-08
8.689471e-08
-8.517138e-08
4.836187e-08
6.033520e-08
-1.367332e-07
8.807115e-08
-4.380090e-08
1.354739e-07
5.335070e-08
1.131134e-07
-7.262901e-09
-3.416139e-08
1.227497e-07
-1.544778e-08
5.686450e-09
1.727565e-07
-5.633321e-08
1.355968e-08
1.841639e-07
-7.643546e-08
-2.842813e-08
-1.563511e-07
6.192163e-08
5.892291e-08
-4.264356e-08
-8.078821e-09
-9.053804e-09
-3.107344e-08
-2.001699e-08
-5.661521e-09
-4.097204e-08
-2.706021e-08
3.354169e-08
-7.361762e-08
-4.566627e-08
1.946351e-08
7.118384e-08
2.944199e-08
2.993936e-08
-3.401860e-09
1.126494e-08
1.528100e-08
1.309676e-09
6.153767e-09
5.202469e-09
6.902524e-10
-1.702680e-09
-1.279212e-08
2.040505e-08
6.325458e-09
-6.602618e-09
-1.799033e-08
-3.079883e-09
-3.864461e-09
2.688888e-07
9.927919e-08
-1.996576e-07
-1.854558e-08
2.601294e-08
5.006328e-08
-2.276724e-07
1.453660e-07
1.499413e-07
-9.333875e-08
-3.496914e-08
1.737560e-07
1.051523e-07
-2.663966e-08
-6.562366e-08
-1.295543e-07
7.737374e-08
1.261159e-07
-1.105943e-08
-1.810278e-08
2.475767e-09
2.937706e-08
-1.399715e-07
-5.333100e-08
5.497447e-08
-5.249839e-08
-9.404588e-08
-4.738643e-08
5.588421e-08
2.520952e-09
4.176251e-09
2.400942e-09
-8.237535e-09
2.723278e-09
2.151092e-09
-4.923736e-09
-1.283119e-09
1.462145e-09
3.371459e-11
9.826169e-10
-1.223568e-09
7.270720e-09
2.248792e-09
-2.618299e-09
8.689376e-09
1.913605e-14
4.379677e-15
2.543241e-14
-5.118622e-14
1.131779e-14
-3.508245e-14
1.704405e-14
-5.101920e-14
8.902186e-14
4.552292e-14
1.949822e-14
-7.147481e-14
-4.126708e-14
1.023805e-14
-1.297847e-14
