-6.003345e+01 6.003289e+01 
-5.995103e+01 5.997197e+01 
-6.015476e+01 5.999691e+01 
-5.847075e+01 6.041725e+01 
4.530387e+00 5.791602e+01 
5.982135e+01 5.991129e+01 
6.000600e+01 6.000476e+01 
5.999216e+01 5.998638e+01 
6.001849e+01 6.001813e+01 
5.998061e+01 5.998948e+01 
6.001759e+01 5.999898e+01 
5.996216e+01 5.998541e+01 
6.001372e+01 6.002423e+01 
5.576103e+01 5.391888e+01 
5.753397e+01 5.986162e+00 
6.045503e+01 -5.890527e+01 
5.996741e+01 -6.007809e+01 
6.023318e+01 -5.997095e+01 
5.995233e+01 -5.998226e+01 
5.999986e+01 -5.999908e+01 
-5.999294e+01 5.999572e+01 
-5.998500e+01 5.999710e+01 
-6.000338e+01 5.998864e+01 
-6.004380e+01 6.001316e+01 
