          0.01000000             0.00000000           0.00000000           0.00000000           0.00000000           0.00000000           0.00000000           0.00000000           0.00000000           0.00000000           0.00000000 
          0.03000000             0.00000000           0.00000000           0.00000000           0.00000000           0.00000000           0.00000000           0.00000000           0.00000000           0.00000000           0.00000000 
          0.05000000             0.00000000           0.00000000           0.00000000           0.00000000           0.00000000           0.00000000           0.00000000           0.00000000           0.00000000           0.00000000 
          0.07000000             0.00000000           0.00000000           0.00000000           0.00000000           0.00000000           0.00000000           0.00000000           0.00000000           0.00000000           0.00000000 
          0.09000000             0.00000000           0.00000000           0.00000000           0.00000000           0.00000000           0.00000000           0.00000000           0.00000000           0.00000000           0.00000000 
          0.11000000             0.00000000           0.00000000           0.00000000           0.00000000           0.00000000           0.00000000           0.00000000           0.00000000           0.00000000           0.00000000 
          0.13000000             0.00000000           0.00000000           0.00000000           0.00000000           0.00000000           0.00000000           0.00000000           0.00000000           0.00000000           0.00000000 
          0.15000000             0.00000000           0.00000000           0.00000000           0.00000000           0.00000000           0.00000000           0.00000000           0.00000000           0.00000000           0.00000000 
          0.17000000             0.00000000           0.00000000           0.00000000           0.00000000           0.00000000           0.00000000           0.00000000           0.00000000           0.00000000           0.00000000 
          0.19000000             0.00000000           0.00000000           0.00000000           0.00000000           0.00000000           0.00000000           0.00000000           0.00000000           0.00000000           0.00000000 
          0.21000000             0.00000000           0.00000000           0.00000000           0.00000000           0.00000000           0.00000000           0.00000000           0.00000000           0.00000000           0.00000000 
          0.23000000             0.00000000           0.00000000           0.00000000           0.00000000           0.00000000           0.00000000           0.00000000           0.00000000           0.00000000           0.00000000 
          0.25000000             0.00000000           0.00000000           0.00000000           0.00000000           0.00000000           0.00000000           0.00000000           0.00000000           0.00000000           0.00000000 
          0.27000000             0.00000000           0.00000000           0.00000000           0.00000000           0.00000000           0.00000000           0.00000000           0.00000000           0.00000000           0.00000000 
          0.29000000             0.01372218           0.03430546           0.00000000           0.02744437           0.00686109           0.00000000           0.00000000           0.00000000           0.00000000           0.00000000 
          0.31000000             0.19815327           0.35427403           0.00000000           0.10808360           0.04803716           0.00000000           0.00000000           0.00000000           0.00000000           0.00000000 
          0.33000000             0.56700161           0.39743104           0.00000000           0.71007679           0.17486966           0.00000000           0.00000000           0.00000000           0.00000000           0.00000000 
          0.35000000             0.31563261           0.28265607           0.06595308           0.97045250           0.33918728           0.00000000           0.00000000           0.00000000           0.00000000           0.00000000 
          0.37000000             0.19391436           0.09695718           0.26136283           0.22763859           0.30773365           0.00000000           0.00000000           0.00000000           0.00000000           0.00000000 
          0.39000000             0.59571232           0.21627772           0.31113637           0.07968127           0.65642185           0.00000000           0.00000000           0.00000000           0.00000000           0.00000000 
          0.41000000             0.37765929           0.56305567           0.25062844           0.01029980           0.27466130           0.00000000           0.00000000           0.00000000           0.00000000           0.00000000 
          0.43000000             0.11236954           0.19664670           0.12485505           0.00624275           0.00624275           0.07491303           0.00000000           0.00000000           0.00000000           0.00000000 
          0.45000000             0.12255563           0.09405432           0.12825589           0.00285013           0.00000000           0.38476767           0.09120419           0.00000000           0.00000000           0.00000000 
          0.47000000             0.13586369           0.10973606           0.09667224           0.01828934           0.00000000           0.27172738           0.34749752           0.00000000           0.00000000           0.00000000 
          0.49000000             0.20673181           0.06009646           0.09134661           0.03605787           0.00480772           0.16827008           0.13221221           0.00000000           0.00000000           0.00000000 
          0.51000000             0.22412313           0.04216178           0.25740874           0.04216178           0.03106657           0.14201862           0.00221904           0.00000000           0.00000000           0.00000000 
          0.53000000             0.21780302           0.02465695           0.24245997           0.06575186           0.04314966           0.06575186           0.01232847           0.00000000           0.00000000           0.00000000 
          0.55000000             0.12974690           0.04579302           0.04579302           0.08586192           0.06678149           0.01908043           0.06868954           0.00000000           0.00000000           0.00000000 
          0.57000000             0.10836696           0.10303743           0.05507173           0.05862475           0.07816633           0.00355301           0.13501457           0.05507173           0.00888254           0.00000000 
          0.59000000             0.11441021           0.17576062           0.09285467           0.03979486           0.05637605           0.00497436           0.10114526           0.20560676           0.11441021           0.00000000 
          0.61000000             0.14115756           0.15511819           0.15356701           0.02481891           0.04033073           0.01551182           0.04498428           0.10082683           0.18303947           0.00000000 
          0.63000000             0.25304222           0.17014908           0.23122823           0.02181398           0.03053958           0.01890545           0.01599692           0.00145427           0.04071944           0.00000000 
          0.65000000             0.24044348           0.11885558           0.16257258           0.01366156           0.01776003           0.02732312           0.00136616           0.00000000           0.00136616           0.00000000 
          0.67000000             0.22887558           0.12343852           0.14786905           0.03343126           0.02443054           0.04500363           0.00128582           0.00514327           0.03214545           0.00128582 
          0.69000000             0.25459626           0.16851848           0.13820940           0.05819343           0.02667199           0.05213161           0.00000000           0.03758326           0.18306683           0.07637888 
          0.71000000             0.27022648           0.17633423           0.16717401           0.09961739           0.03091574           0.07213673           0.00229005           0.08358700           0.05038121           0.14312843 
          0.73000000             0.20579842           0.17113763           0.15922298           0.13106110           0.04332598           0.05307433           0.01624724           0.07257102           0.01191465           0.03357764 
          0.75000000             0.19189102           0.18265562           0.14674019           0.14776635           0.05849085           0.04207236           0.14468788           0.04002005           0.04207236           0.00513078 
          0.77000000             0.17621141           0.19568228           0.17523786           0.15868762           0.06230680           0.07106869           0.09930146           0.15381990           0.07788349           0.03115340 
          0.79000000             0.15630420           0.19052464           0.17110223           0.19329927           0.06196675           0.12948277           0.04161946           0.06289163           0.05549261           0.06196675 
          0.81000000             0.25161425           0.15395977           0.13196552           0.17771356           0.10469264           0.27536805           0.03783012           0.00175954           0.02023471           0.06246368 
          0.83000000             0.24885167           0.17427996           0.18684822           0.15500862           0.17930726           0.19187553           0.03686691           0.00251365           0.00502731           0.03519115 
          0.85000000             0.26044800           0.21650738           0.24446959           0.17656137           0.20692034           0.08468555           0.03515249           0.01038596           0.00000000           0.06071794 
          0.87000000             0.20895571           0.26462639           0.20666787           0.21963228           0.27835341           0.06405941           0.03736799           0.03889322           0.00610090           0.09990218 
          0.89000000             0.19675546           0.25140975           0.18728205           0.19529801           0.22007462           0.06267026           0.04590961           0.08307453           0.03570747           0.12169689 
          0.91000000             0.22863088           0.21329588           0.17217021           0.17286725           0.14916771           0.09549522           0.08085726           0.10804203           0.07388681           0.11849771 
          0.93000000             0.21957079           0.20555564           0.17151883           0.17685793           0.10144304           0.11412342           0.11612559           0.07007579           0.11278865           0.03336942 
          0.95000000             0.21745879           0.17524620           0.17716496           0.12407943           0.08954186           0.12663777           0.11384607           0.03837508           0.11512524           0.02686256 
          0.97000000             0.25275495           0.15950555           0.20919767           0.12699096           0.11104040           0.11901568           0.08220671           0.04907863           0.07484491           0.02822021 
          0.99000000             0.21673246           0.14016937           0.20907615           0.11307781           0.13015727           0.13604674           0.06007259           0.06301732           0.05536101           0.03887050 
          1.01000000             0.18729767           0.15504399           0.18277083           0.13920008           0.14429276           0.12109275           0.05715125           0.10241957           0.06846833           0.11882933 
          1.03000000             0.19750579           0.17356570           0.16540430           0.13602327           0.15180197           0.12677369           0.06909982           0.09140764           0.08977536           0.18934440 
          1.05000000             0.19738354           0.16230477           0.14921567           0.15497487           0.15183349           0.15078636           0.08586446           0.06387478           0.10680701           0.10575988 
          1.07000000             0.19561981           0.18200709           0.16385680           0.14570651           0.15982340           0.16436098           0.12049777           0.05445088           0.13562301           0.13663136 
          1.09000000             0.16518669           0.18170536           0.17636108           0.13020598           0.18850716           0.13506441           0.13166351           0.07433401           0.16081410           0.14963971 
          1.11000000             0.16303575           0.20238921           0.20379469           0.13445764           0.21035360           0.11150146           0.13726861           0.12368229           0.14804396           0.14804396 
          1.13000000             0.19800091           0.21427496           0.21065851           0.16274048           0.22286404           0.12341153           0.16906927           0.21337085           0.18353509           0.14827466 
          1.15000000             0.21299750           0.20121280           0.20994221           0.19073751           0.23394807           0.14403519           0.16236695           0.25358924           0.30596567           0.18375399 
          1.17000000             0.22686175           0.19101928           0.23909036           0.20366957           0.23445192           0.15096005           0.15770687           0.21589818           0.25300567           0.22601840 
          1.19000000             0.23519765           0.16304863           0.21237084           0.18506020           0.24905678           0.14796663           0.13818371           0.25068727           0.20299555           0.22826808 
          1.21000000             0.23142954           0.18372430           0.22551566           0.18411856           0.25232522           0.17741617           0.15652049           0.26060464           0.22472715           0.22354437 
          1.23000000             0.27356509           0.19649375           0.21099232           0.20221687           0.22816168           0.17093049           0.16291812           0.25219878           0.23960792           0.19916454 
          1.25000000             0.29184961           0.20577244           0.22941596           0.22978539           0.23717398           0.18914810           0.21353047           0.25010403           0.29443561           0.24973460 
          1.27000000             0.29418242           0.23835218           0.22868925           0.22797348           0.26662518           0.18073251           0.27950908           0.25696226           0.33533932           0.23155234 
          1.29000000             0.26258449           0.26154386           0.25980949           0.23067198           0.26189074           0.18419071           0.27021574           0.27715325           0.31530951           0.25079073 
          1.31000000             0.25866438           0.30306450           0.28557355           0.24184615           0.26539167           0.27279169           0.28187353           0.30306450           0.27716443           0.29129174 
          1.33000000             0.27248106           0.32306138           0.29956600           0.24996466           0.23952227           0.28357610           0.33448274           0.30609250           0.29140789           0.33317744 
          1.35000000             0.29962425           0.33573119           0.31261008           0.27650314           0.26858496           0.29614025           0.30754244           0.29328970           0.31577736           0.34998393 
          1.37000000             0.31339109           0.29001747           0.31831185           0.28079104           0.26910422           0.34968172           0.31708166           0.28601935           0.35306474           0.34845153 
          1.39000000             0.32206459           0.30055378           0.37345152           0.30264511           0.27635412           0.39287100           0.30951662           0.30652901           0.35761717           0.33371628 
          1.41000000             0.36467454           0.32083230           0.39051533           0.34522136           0.33244614           0.38412772           0.33012337           0.31531572           0.33244614           0.32431645 
          1.43000000             0.39604071           0.34861744           0.39350017           0.39547614           0.37599873           0.35906185           0.32659950           0.32518809           0.33647935           0.35482763 
          1.45000000             0.40358569           0.42198041           0.38985828           0.40935120           0.40303659           0.37695452           0.30859205           0.33934143           0.35389248           0.33467412 
          1.47000000             0.42954235           0.45011123           0.37691807           0.39908972           0.41137762           0.38413053           0.32589656           0.37397966           0.35154088           0.31574568 
          1.49000000             0.44356909           0.45500933           0.40196824           0.39000800           0.43056883           0.37232763           0.31824653           0.40144823           0.38038780           0.32318663 
          1.51000000             0.42075771           0.46632714           0.47999797           0.42582098           0.39923882           0.36582124           0.33392264           0.41189699           0.40683372           0.34328969 
          1.53000000             0.41772039           0.42832368           0.50821825           0.42339191           0.39577404           0.38295145           0.36716981           0.37752651           0.40045921           0.35212793 
          1.55000000             0.46683638           0.43920581           0.48485631           0.42863412           0.42719252           0.42046508           0.39956196           0.38394469           0.41710136           0.38802921 
          1.57000000             0.54588154           0.46766428           0.49763975           0.46017041           0.43300513           0.41567556           0.44260665           0.36298429           0.45665766           0.39928272 
          1.59000000             0.53406185           0.50666235           0.46464979           0.44227354           0.42994376           0.41852731           0.44067523           0.37057819           0.44478516           0.42012561 
          1.61000000             0.53045156           0.52733388           0.48769476           0.46720712           0.46542559           0.45295486           0.43402607           0.39460964           0.45117332           0.43937067 
          1.63000000             0.53141903           0.49296394           0.50339244           0.50578230           0.48014557           0.45602966           0.47015159           0.40997045           0.46754446           0.43039293 
          1.65000000             0.55529479           0.49741183           0.50292450           0.52349097           0.48193397           0.50334855           0.49804791           0.43910482           0.43952887           0.47387700 
          1.67000000             0.55759744           0.52841361           0.49716000           0.51433913           0.49591814           0.47439247           0.50316235           0.51351122           0.49198556           0.48391344 
          1.69000000             0.57580480           0.56751839           0.52123572           0.51840622           0.51961886           0.48970693           0.51113034           0.57499637           0.47414463           0.48647320 
          1.71000000             0.58748538           0.54958310           0.56596794           0.55037273           0.53319826           0.47180446           0.49213745           0.55590015           0.47417335           0.51562897 
          1.73000000             0.57243761           0.56125117           0.62277664           0.55006472           0.53945688           0.50570466           0.50030430           0.54948611           0.51438380           0.52595599 
          1.75000000             0.60636140           0.56489435           0.58242360           0.54020260           0.53398254           0.53982563           0.52531216           0.57149138           0.54359536           0.60051831 
          1.77000000             0.59402564           0.58812960           0.59678940           0.56896748           0.54538334           0.55699116           0.57854854           0.54390933           0.56159744           0.61871529 
          1.79000000             0.61973949           0.58713111           0.57902405           0.61775777           0.56407103           0.59487785           0.58136609           0.55109974           0.56226946           0.57019636 
          1.81000000             0.62726310           0.63942073           0.60488602           0.62144858           0.54092632           0.59343318           0.58532809           0.56647496           0.57598963           0.53070687 
          1.83000000             0.62862344           0.62569320           0.62362479           0.58897897           0.58329085           0.61035251           0.61311039           0.55002396           0.58225664           0.52434124 
          1.85000000             0.66317345           0.64074159           0.62573080           0.58052976           0.58761351           0.61662313           0.60616617           0.57462664           0.58407163           0.54865291 
          1.87000000             0.67993242           0.66111419           0.62347772           0.59954225           0.61687484           0.62644902           0.64691798           0.56817854           0.62116671           0.53945597 
          1.89000000             0.66820414           0.65770033           0.65770033           0.59613182           0.66416421           0.61810903           0.63798548           0.58255766           0.65899310           0.55702531 
          1.91000000             0.68751217           0.66899918           0.68577163           0.65143558           0.65175204           0.59858654           0.62611867           0.62785921           0.64985327           0.59273201 
          1.93000000             0.71223420           0.66481391           0.64683759           0.68124055           0.65071180           0.63908918           0.65675556           0.64931708           0.65210651           0.63025598 
          1.95000000             0.69071626           0.68160791           0.64016493           0.68570666           0.66248038           0.67948263           0.64259383           0.71363893           0.65352384           0.67447304 
          1.97000000             0.70532078           0.66768979           0.64790749           0.70264347           0.62277058           0.70710565           0.66635113           0.69892500           0.63466971           0.67646539 
          1.99000000             0.67182817           0.69733694           0.66293654           0.69675388           0.63509554           0.68655037           0.61891569           0.68086556           0.64850586           0.69689965 
          2.01000000             0.69753080           0.72953549           0.67595621           0.70881817           0.67538469           0.70424607           0.64580893           0.66852655           0.67309864           0.68510040 
          2.03000000             0.71439087           0.72223516           0.69057784           0.70710689           0.71845310           0.71845310           0.69393968           0.66760527           0.68161294           0.71074888 
          2.05000000             0.72963929           0.70216793           0.71562889           0.74323761           0.71343118           0.71095876           0.71027198           0.68802018           0.72057374           0.73060078 
          2.07000000             0.72113153           0.68044748           0.73446835           0.73163933           0.72719372           0.73029218           0.73608494           0.68839569           0.71560820           0.74847875 
          2.09000000             0.75325198           0.73131516           0.76871346           0.74690880           0.73065442           0.73858338           0.71625012           0.71175704           0.72999367           0.72801143 
          2.11000000             0.74500428           0.76574927           0.79673709           0.72516689           0.75135743           0.75109812           0.74707878           0.74617119           0.70066188           0.70779297 
          2.13000000             0.74672901           0.77510191           0.76594115           0.71148553           0.73655039           0.74316649           0.74622008           0.74367542           0.72344541           0.69990735 
          2.15000000             0.71704176           0.74838580           0.76099834           0.71928953           0.74738678           0.75487938           0.75925006           0.74701215           0.78659805           0.73177720 
          2.17000000             0.74225463           0.74041585           0.76002951           0.71687945           0.72791214           0.76664913           0.78945001           0.76456517           0.79459860           0.74801614 
          2.19000000             0.76270004           0.74151727           0.76727359           0.75210866           0.76462575           0.77750391           0.78291996           0.78123496           0.77762426           0.76655145 
          2.21000000             0.75534023           0.78382356           0.78536001           0.76396796           0.76077688           0.79906983           0.79162398           0.77566859           0.78346900           0.81904362 
          2.23000000             0.72850344           0.75682639           0.76135342           0.80325746           0.76762162           0.79315870           0.78224740           0.80627548           0.78491719           0.86617155 
          2.25000000             0.75677231           0.75905277           0.78573421           0.79656642           0.77889282           0.77045510           0.80135540           0.80910898           0.79291768           0.87501442 
          2.27000000             0.79200186           0.75369003           0.80197189           0.80589270           0.79312209           0.79032151           0.80667686           0.82023163           0.84711712           0.86694517 
          2.29000000             0.79727119           0.78296147           0.80970963           0.80255477           0.79077678           0.79606037           0.83678801           0.83337570           0.82677121           0.87168170 
          2.31000000             0.81651944           0.81175965           0.81327413           0.81024518           0.80678352           0.84940522           0.81230054           0.86541541           0.85286689           0.86952613 
          2.33000000             0.81957463           0.83010108           0.82701758           0.81500254           0.81872401           0.83860731           0.84286042           0.90516851           0.85870326           0.84647556 
          2.35000000             0.83620537           0.84320859           0.81049205           0.80578840           0.82826142           0.82167630           0.86066437           0.89965245           0.88115141           0.84414932 
          2.37000000             0.84239732           0.83602564           0.81249155           0.81208047           0.82194629           0.85678498           0.85452406           0.89799534           0.88401875           0.84918007 
          2.39000000             0.85109534           0.83745275           0.83522951           0.82815558           0.81956580           0.84978161           0.87373193           0.87029601           0.90920265           0.88535339 
          2.41000000             0.84845734           0.84905366           0.84130156           0.84716533           0.83394701           0.86416032           0.86167567           0.90669748           0.93909728           0.86555172 
          2.43000000             0.83630814           0.82477286           0.85576172           0.85194921           0.86064955           0.86944765           0.86710149           0.88606628           0.93279396           0.87501978 
          2.45000000             0.84425138           0.86261930           0.88521858           0.87656354           0.87665971           0.89416213           0.88627642           0.88473775           0.93455233           0.89050778 
          2.47000000             0.87557736           0.86753500           0.92780545           0.88589052           0.89402750           0.90462451           0.88664745           0.88749899           0.91058532           0.90008293 
          2.49000000             0.88791637           0.88875429           0.91957114           0.90113689           0.89955416           0.90774716           0.89601627           0.91230917           0.89825072           0.92506418 
          2.51000000             0.87583850           0.90625783           0.89434664           0.92953045           0.94043376           0.91047255           0.92861420           0.92229211           0.91716114           0.93044669 
          2.53000000             0.88594418           0.92246773           0.90271796           0.91381030           0.96782909           0.92427137           0.95024367           0.91092449           0.90389032           0.93058408 
          2.55000000             0.88692660           0.93726064           0.90929729           0.93468624           0.95128671           0.92199176           0.97134930           0.91586646           0.93406483           0.94516140 
          2.57000000             0.89817141           0.93295513           0.90516311           0.93339211           0.95847484           0.93653837           0.95663951           0.94073339           0.93671317           0.95069657 
          2.59000000             0.90724343           0.94923667           0.90276874           0.96395152           0.93804995           0.94080360           0.98202238           0.95104376           0.93228448           0.93168212 
          2.61000000             0.93271108           0.93754115           0.93050789           0.94847235           0.95601403           0.95694615           0.97296163           0.96525047           0.94059171           0.96279307 
          2.63000000             0.94144579           0.92842695           0.92166717           0.96230932           0.95271210           0.97933396           0.98434120           0.98175413           0.94778831           0.95872079 
          2.65000000             0.95170214           0.91709628           0.93238533           0.98836298           0.95334612           0.98425302           0.97019696           0.96551160           0.96978596           0.94767438 
          2.67000000             0.95514987           0.93304442           0.94462346           0.96114182           0.95887460           0.97774115           0.94891500           0.97296379           0.95474501           0.94494735 
          2.69000000             0.95799136           0.93589430           0.95041295           0.98152434           0.95160954           0.99612275           0.97330774           0.97793456           0.98463547           0.97721660 
          2.71000000             0.95899465           0.94736190           0.95388567           0.96874101           0.98029516           0.97809437           0.96371063           0.97125620           0.96756201           0.96842661 
          2.73000000             0.95374708           0.97907397           0.94956466           0.97481410           0.99448697           0.96923753           0.98728391           0.95560594           0.97992595           0.99936646 
          2.75000000             0.96656400           0.98030336           0.95152703           0.98419618           1.01396479           0.98205894           1.00923234           0.98999724           0.96427410           1.01106426 
          2.77000000             0.97357121           0.99734437           0.97763371           1.00727493           1.02766268           0.98402839           0.99847284           0.98357700           0.97981543           1.01502378 
          2.79000000             0.98280021           0.98954848           0.98532154           1.00460231           1.02447634           0.98035304           0.99629675           1.00957082           0.96989693           0.99726079 
          2.81000000             0.99020667           0.98998735           0.99335018           0.99817511           1.02390805           1.00131862           1.01557409           0.99656680           0.98947562           1.01791345 
          2.83000000             0.99269350           0.99492784           0.98159390           0.98490937           0.99954066           1.02584815           1.03017267           1.03536210           0.98836898           1.03197456 
          2.85000000             0.98783545           1.01469889           1.02322697           1.01256687           1.01768372           1.02820168           1.02208989           1.01448569           1.00467840           1.01498316 
          2.87000000             0.97804023           1.02366249           1.01721510           1.01966791           1.00411009           1.02450345           1.01146852           1.01896711           1.00754402           1.00712354 
          2.89000000             0.99406177           1.02149989           1.01514144           1.01956471           1.01756041           1.02778924           1.03829451           1.01997939           1.02530114           1.02737455 
          2.91000000             1.01943617           1.00846130           1.00893847           1.03954541           1.02529853           1.02891137           1.03845474           1.02945671           1.02182201           1.02802520 
          2.93000000             1.01827477           1.00314589           1.01652654           1.02869689           1.04443093           1.02755382           1.02183846           1.04315338           1.03542084           1.01928336 
          2.95000000             1.01950529           1.01466313           1.02938858           1.03237347           1.05638524           1.02879161           1.02607204           1.03748095           1.03137851           1.01923996 
          2.97000000             1.01360828           1.02427509           1.02721991           1.03579262           1.05679903           1.04789912           1.04757191           1.02617286           1.04678663           1.02054498 
          2.99000000             1.02146571           1.02973042           1.02895560           1.04051327           1.05755922           1.02921387           1.03838253           1.02643745           1.03715574           1.02320905 
          3.01000000             1.03367654           1.03584277           1.04571826           1.03526936           1.02972634           1.03004491           1.03182887           1.03284827           1.04119465           1.03431366 
          3.03000000             1.03302787           1.04686026           1.01492002           1.04503690           1.03768058           1.04013269           1.04736326           1.03239913           1.01554876           1.04050994 
          3.05000000             1.01865570           1.03938127           1.03143854           1.04527627           1.04459369           1.05228821           1.04552448           1.02790154           1.03416885           1.04204953 
          3.07000000             1.01485859           1.04511448           1.04229713           1.04658440           1.03292638           1.03807111           1.03672368           1.04199090           1.02912908           1.04878929 
          3.09000000             1.01778479           1.03888410           1.04625979           1.04444609           1.03471260           1.04765029           1.03144795           1.04414381           1.03979095           1.03187115 
          3.11000000             1.03290607           1.05970302           1.05224284           1.02908646           1.03183180           1.04030656           1.03081722           1.04806514           1.03994847           1.04913941 
          3.13000000             1.04585027           1.03388928           1.04608596           1.03683534           1.04390588           1.02787933           1.04025277           1.03736563           1.03571584           1.04873741 
          3.15000000             1.04308340           1.03616053           1.05128612           1.03610236           1.03680046           1.05803445           1.04936633           1.04756290           1.03860390           1.03703316 
          3.17000000             1.05552541           1.03990076           1.05115970           1.03800512           1.04179640           1.03260543           1.04237083           1.04173896           1.04863218           1.04949384 
          3.19000000             1.04482744           1.03387941           1.04828770           1.04584850           1.04573505           1.04664265           1.04936548           1.04947893           1.05220176           1.04522452 
          3.21000000             1.04764627           1.04383685           1.04097978           1.04473318           1.05078344           1.04669391           1.05963473           1.04596564           1.05190385           1.05369652 
          3.23000000             1.04909814           1.05523969           1.03941552           1.04821287           1.05086867           1.04384186           1.05833812           1.05108999           1.06021932           1.04373120 
          3.25000000             1.02994114           1.03513292           1.03387596           1.04267468           1.02928533           1.04715601           1.04322118           1.05311290           1.05841399           1.06087325 
          3.27000000             1.04464292           1.04658634           1.03228060           1.04782797           1.03940648           1.05252457           1.03713915           1.05732914           1.03870468           1.04566861 
          3.29000000             1.04168672           1.05619236           1.03075415           1.04915286           1.04899287           1.04739298           1.05464581           1.06376516           1.05267261           1.03971352 
          3.31000000             1.06348839           1.04789302           1.05042200           1.05147574           1.05152843           1.05084350           1.05632295           1.06095941           1.05052738           1.04257163 
          3.33000000             1.04814935           1.05116861           1.04309991           1.05283440           1.03831075           1.04866992           1.04070533           1.04591094           1.05715506           1.05715506 
          3.35000000             1.03958070           1.04976510           1.06252133           1.05362283           1.06416729           1.06113254           1.04734759           1.05372570           1.05177112           1.05681189 
          3.37000000             1.05442009           1.04074745           1.06077355           1.04938815           1.04923567           1.04644015           1.05741892           1.04811746           1.04705008           1.05294609 
          3.39000000             1.04914791           1.05562754           1.03905174           1.03372739           1.04874607           1.05582846           1.05170963           1.04839447           1.05165940           1.04954975 
          3.41000000             1.05445067           1.04447258           1.05479816           1.06060630           1.04923823           1.04357902           1.05524494           1.04496900           1.05176999           1.05623779 
          3.43000000             1.04763597           1.04802849           1.05627141           1.05057987           1.06078539           1.06049100           1.06863579           1.05180649           1.02815716           1.05283686 
          3.45000000             1.03950152           1.03722213           1.05322640           1.04129594           1.05041352           1.05002554           1.03877406           1.05254743           1.03945302           1.05773669 
          3.47000000             1.04826359           1.06557006           1.04543511           1.05794754           1.05478348           1.04318191           1.04514747           1.04308603           1.05857076           1.04730478 
          3.49000000             1.05159133           1.05296571           1.05803671           1.05742060           1.04907953           1.05670972           1.04528813           1.03661531           1.05547751           1.04457725 
          3.51000000             1.04765358           1.05571245           1.03645549           1.05247953           1.04259336           1.04882493           1.05416627           1.05135504           1.05814886           1.05149560 
          3.53000000             1.04975949           1.05485518           1.04466379           1.04257919           1.05087127           1.04642412           1.04401525           1.04920359           1.05082495           1.04396892 
          3.55000000             1.05958405           1.03558275           1.04419391           1.04291139           1.04973619           1.05115611           1.04488097           1.05935503           1.05944664           1.05807252 
          3.57000000             1.04973811           1.04140433           1.05644136           1.05825305           1.03560693           1.04529947           1.05404087           1.05983827           1.04534476           1.05218389 
          3.59000000             1.05124243           1.05410893           1.05764726           1.04519592           1.04228464           1.05822952           1.04107533           1.05200385           1.05191427           1.05151117 
          3.61000000             1.05362355           1.05543960           1.05628119           1.04418891           1.05933748           1.03453279           1.04215138           1.04206279           1.04348020           1.05207325 
          3.63000000             1.05203346           1.06824218           1.06329195           1.04866029           1.05439906           1.05251534           1.06022543           1.06311672           1.04270249           1.04717084 
          3.65000000             1.04209577           1.04066593           1.04790180           1.05600424           1.04547540           1.05284126           1.04790180           1.04889836           1.05058817           1.05050151 
          3.67000000             1.05382616           1.05288329           1.04979754           1.04701179           1.06025480           1.05806906           1.04808323           1.04079744           1.03419736           1.04774037 
          3.69000000             1.04879270           1.04773284           1.04934382           1.04743608           1.04875030           1.05197227           1.05888254           1.05544860           1.06172296           1.05366804 
          3.71000000             1.04825171           1.05135516           1.04900660           1.06188171           1.05202617           1.05185842           1.04372236           1.03608956           1.05399728           1.04921630 
          3.73000000             1.05326313           1.05492273           1.03525650           1.05708020           1.05757808           1.04484068           1.05927917           1.04143850           1.05073224           1.05347058 
          3.75000000             1.05293617           1.04723042           1.04846188           1.05683578           1.05515279           1.05260778           1.04981648           1.04772301           1.05457811           1.04957019 
          3.77000000             1.05803976           1.05816161           1.05686195           1.04544937           1.05215071           1.04930772           1.05661827           1.05487186           1.04386542           1.03886987 
          3.79000000             1.06229410           1.04790727           1.05956140           1.05401564           1.04380823           1.04806802           1.05803431           1.05948103           1.05168482           1.04678205 
          3.81000000             1.04635903           1.04818826           1.05689698           1.04377425           1.04659763           1.05653909           1.05288063           1.05073328           1.04023509           1.05777183 
          3.83000000             1.04112619           1.05316779           1.04695023           1.04923263           1.05938535           1.05249881           1.05202659           1.05926730           1.04994096           1.05131827 
          3.85000000             1.04178691           1.05105554           1.05557303           1.04400671           1.05117238           1.04155325           1.03185623           1.05269119           1.05276907           1.04229318 
          3.87000000             1.05771825           1.05640781           1.03921792           1.05224524           1.05039520           1.05895161           1.04947019           1.04596283           1.05552134           1.05297754 
          3.89000000             1.05518602           1.05530046           1.05499528           1.06102252           1.04114790           1.04904434           1.04606887           1.04870101           1.05415605           1.04507704 
          3.91000000             1.04668437           1.04842123           1.05906894           1.03803784           1.04260653           1.04675989           1.04691092           1.05015809           1.04551388           1.07013198 
          3.93000000             1.04091691           1.02884495           1.06169713           1.04786857           1.05205451           1.05242826           1.05713744           1.04880293           1.05190501           1.05321312 
          3.95000000             1.04990010           1.04679235           1.04653337           1.05256388           1.04982610           1.04967811           1.05581961           1.04993709           1.05441373           1.04623739 
          3.97000000             1.04616070           1.04319407           1.03385465           1.05355898           1.05689187           1.04978659           1.04703971           1.04352369           1.04667345           1.04931046 
          3.99000000             1.04994893           1.05527899           1.05132677           1.06064531           1.05901365           1.04955008           1.05310345           1.05912243           1.06002890           1.05629424 
          4.01000000             1.05842007           1.06674843           1.05203021           1.05224559           1.05131224           1.05917393           1.04822501           1.04585573           1.05213790           1.04937375 
          4.03000000             1.04627024           1.05092634           1.04459974           1.04506179           1.04349791           1.04374671           1.04943354           1.04865160           1.05366312           1.05167273 
          4.05000000             1.06151202           1.04725905           1.04937060           1.03751072           1.05260831           1.06218067           1.04384537           1.05151734           1.04873713           1.04388056 
          4.07000000             1.05242932           1.04674918           1.05737767           1.04591284           1.04720220           1.04692342           1.06023516           1.04890973           1.04605223           1.05082634 
          4.09000000             1.05900148           1.05793174           1.04509494           1.05065066           1.06227969           1.04530199           1.04813161           1.05882894           1.04771752           1.04623369 
          4.11000000             1.04660129           1.04759230           1.05596456           1.05422176           1.04591784           1.05206890           1.05059948           1.05651132           1.03563192           1.04574698 
          4.13000000             1.04586361           1.05855449           1.05300434           1.05916365           1.05161681           1.04772494           1.05415498           1.05124454           1.06390158           1.04989085 
          4.15000000             1.04924760           1.04747120           1.05196247           1.06087797           1.03540511           1.04780637           1.04757175           1.03992989           1.04271180           1.04723658 
          4.17000000             1.04743969           1.05261829           1.03688329           1.04299140           1.04431924           1.04501636           1.05042734           1.05129045           1.04554750           1.06168086 
          4.19000000             1.05472617           1.04285647           1.04578280           1.05449601           1.05265473           1.05883618           1.05761962           1.05814570           1.03986439           1.05554817 
          4.21000000             1.04163484           1.04329583           1.05860298           1.04635726           1.05944975           1.05134023           1.04899530           1.05576953           1.06677764           1.05469477 
          4.23000000             1.04413193           1.05026155           1.05168104           1.05487489           1.05839136           1.05390706           1.05174556           1.04793875           1.05319731           1.04419645 
          4.25000000             1.04982769           1.05356680           1.05992649           1.05078643           1.05295959           1.04292471           1.05845641           1.04557724           1.06225944           1.05478121 
          4.27000000             1.05651091           1.05733406           1.04533509           1.03761016           1.04840607           1.05438972           1.04951415           1.04492352           1.05448470           1.05901202 
          4.29000000             1.05762938           1.04781212           1.05524563           1.06205185           1.05744119           1.05311281           1.04699662           1.05003903           1.04423650           1.04589885 
          4.31000000             1.04954569           1.04867560           1.04106231           1.04072049           1.04702864           1.05224918           1.05343002           1.05482837           1.05383399           1.04559921 
