-3.13994   -3.13994   5.7625
-3.13994   -3.03528   5.9380
-3.13994   -2.93061   7.0967
-3.13994   -2.82594   8.7500
-3.13994   -2.72128   7.7067
-3.13994   -2.61661   10.0393
-3.13994   -2.51194   100
-3.13994   -2.40728   100
-3.13994   -2.30261   100
-3.13994   -2.19794   100
-3.13994   -2.09328   100
-3.13994   -1.98861   100
-3.13994   -1.88394   100
-3.13994   -1.77928   100
-3.13994   -1.67461   100
-3.13994   -1.56994   100
-3.13994   -1.46528   100
-3.13994   -1.36061   9.2141
-3.13994   -1.25594   8.7268
-3.13994   -1.15128   8.0603
-3.13994   -1.04661   6.3399
-3.13994   -0.941942   5.6094
-3.13994   -0.837276   5.0920
-3.13994   -0.732609   4.7354
-3.13994   -0.627942   4.5637
-3.13994   -0.523276   4.6335
-3.13994   -0.418609   4.6903
-3.13994   -0.313942   5.0937
-3.13994   -0.209276   5.1392
-3.13994   -0.104609   5.1929
-3.13994   5.75667e-05   5.4039
-3.13994   0.104724   4.9451
-3.13994   0.209391   4.9650
-3.13994   0.314058   5.3146
-3.13994   0.418724   5.2361
-3.13994   0.523391   5.7204
-3.13994   0.628058   5.6332
-3.13994   0.732724   5.7047
-3.13994   0.837391   6.4640
-3.13994   0.942058   6.5869
-3.13994   1.04672   7.1891
-3.13994   1.15139   7.1689
-3.13994   1.25606   9.0505
-3.13994   1.36072   8.0259
-3.13994   1.46539   9.0890
-3.13994   1.57006   8.4356
-3.13994   1.67472   7.6379
-3.13994   1.77939   8.3154
-3.13994   1.88406   7.4364
-3.13994   1.98872   7.1312
-3.13994   2.09339   6.8527
-3.13994   2.19806   6.2531
-3.13994   2.30272   5.9390
-3.13994   2.40739   5.3969
-3.13994   2.51206   5.1605
-3.13994   2.61672   4.6918
-3.13994   2.72139   4.4934
-3.13994   2.82606   4.5074
-3.13994   2.93072   4.7190
-3.13994   3.03539   5.0999
-3.03528   -3.13994   4.1574
-3.03528   -3.03528   4.8773
-3.03528   -2.93061   5.9502
-3.03528   -2.82594   6.2419
-3.03528   -2.72128   7.7563
-3.03528   -2.61661   8.2865
-3.03528   -2.51194   8.5332
-3.03528   -2.40728   10.6560
-3.03528   -2.30261   100
-3.03528   -2.19794   100
-3.03528   -2.09328   100
-3.03528   -1.98861   100
-3.03528   -1.88394   100
-3.03528   -1.77928   100
-3.03528   -1.67461   8.6101
-3.03528   -1.56994   8.0297
-3.03528   -1.46528   8.8416
-3.03528   -1.36061   7.9435
-3.03528   -1.25594   7.4037
-3.03528   -1.15128   6.2342
-3.03528   -1.04661   5.0863
-3.03528   -0.941942   4.6599
-3.03528   -0.837276   3.9354
-3.03528   -0.732609   3.6558
-3.03528   -0.627942   3.6831
-3.03528   -0.523276   3.6212
-3.03528   -0.418609   3.6439
-3.03528   -0.313942   3.6951
-3.03528   -0.209276   3.6935
-3.03528   -0.104609   3.7456
-3.03528   5.75667e-05   3.6366
-3.03528   0.104724   3.6852
-3.03528   0.209391   3.8224
-3.03528   0.314058   3.7490
-3.03528   0.418724   3.6800
-3.03528   0.523391   3.9134
-3.03528   0.628058   4.1814
-3.03528   0.732724   4.5334
-3.03528   0.837391   5.2727
-3.03528   0.942058   5.5521
-3.03528   1.04672   6.1457
-3.03528   1.15139   6.2144
-3.03528   1.25606   6.7226
-3.03528   1.36072   6.8175
-3.03528   1.46539   6.8333
-3.03528   1.57006   7.1428
-3.03528   1.67472   8.0137
-3.03528   1.77939   6.5267
-3.03528   1.88406   7.2747
-3.03528   1.98872   6.0523
-3.03528   2.09339   6.1379
-3.03528   2.19806   5.4955
-3.03528   2.30272   5.0400
-3.03528   2.40739   4.6025
-3.03528   2.51206   4.0192
-3.03528   2.61672   3.7228
-3.03528   2.72139   3.4044
-3.03528   2.82606   3.4294
-3.03528   2.93072   3.5248
-3.03528   3.03539   3.7905
-2.93061   -3.13994   3.5131
-2.93061   -3.03528   4.2703
-2.93061   -2.93061   4.9148
-2.93061   -2.82594   5.4707
-2.93061   -2.72128   6.3115
-2.93061   -2.61661   9.0013
-2.93061   -2.51194   8.0128
-2.93061   -2.40728   100
-2.93061   -2.30261   8.8496
-2.93061   -2.19794   100
-2.93061   -2.09328   100
-2.93061   -1.98861   100
-2.93061   -1.88394   9.4224
-2.93061   -1.77928   9.7524
-2.93061   -1.67461   8.6361
-2.93061   -1.56994   8.4614
-2.93061   -1.46528   9.5504
-2.93061   -1.36061   7.2259
-2.93061   -1.25594   5.8223
-2.93061   -1.15128   5.0032
-2.93061   -1.04661   4.4071
-2.93061   -0.941942   3.7687
-2.93061   -0.837276   3.4305
-2.93061   -0.732609   3.0308
-2.93061   -0.627942   2.9595
-2.93061   -0.523276   2.8525
-2.93061   -0.418609   2.7258
-2.93061   -0.313942   2.8572
-2.93061   -0.209276   2.8489
-2.93061   -0.104609   2.7132
-2.93061   5.75667e-05   2.4581
-2.93061   0.104724   2.4537
-2.93061   0.209391   2.4039
-2.93061   0.314058   2.3924
-2.93061   0.418724   2.5214
-2.93061   0.523391   2.7315
-2.93061   0.628058   3.0355
-2.93061   0.732724   3.3919
-2.93061   0.837391   4.0349
-2.93061   0.942058   4.6569
-2.93061   1.04672   4.9746
-2.93061   1.15139   5.3340
-2.93061   1.25606   5.4312
-2.93061   1.36072   5.7543
-2.93061   1.46539   6.5343
-2.93061   1.57006   5.6819
-2.93061   1.67472   6.1666
-2.93061   1.77939   5.7900
-2.93061   1.88406   5.8438
-2.93061   1.98872   5.2684
-2.93061   2.09339   4.9123
-2.93061   2.19806   4.3800
-2.93061   2.30272   4.1825
-2.93061   2.40739   3.7189
-2.93061   2.51206   3.2687
-2.93061   2.61672   3.0087
-2.93061   2.72139   2.6542
-2.93061   2.82606   2.7504
-2.93061   2.93072   2.7605
-2.93061   3.03539   3.0516
-2.82594   -3.13994   2.9740
-2.82594   -3.03528   3.3809
-2.82594   -2.93061   4.1910
-2.82594   -2.82594   4.7468
-2.82594   -2.72128   5.4301
-2.82594   -2.61661   6.5459
-2.82594   -2.51194   8.2657
-2.82594   -2.40728   8.3037
-2.82594   -2.30261   8.3075
-2.82594   -2.19794   100
-2.82594   -2.09328   100
-2.82594   -1.98861   8.9427
-2.82594   -1.88394   100
-2.82594   -1.77928   100
-2.82594   -1.67461   100
-2.82594   -1.56994   8.7702
-2.82594   -1.46528   7.7592
-2.82594   -1.36061   6.2360
-2.82594   -1.25594   5.2006
-2.82594   -1.15128   4.4524
-2.82594   -1.04661   3.7811
-2.82594   -0.941942   3.2413
-2.82594   -0.837276   2.6738
-2.82594   -0.732609   2.5648
-2.82594   -0.627942   2.2790
-2.82594   -0.523276   2.1363
-2.82594   -0.418609   2.1091
-2.82594   -0.313942   1.9898
-2.82594   -0.209276   1.9018
-2.82594   -0.104609   1.7317
-2.82594   5.75667e-05   1.5451
-2.82594   0.104724   1.4067
-2.82594   0.209391   1.3787
-2.82594   0.314058   1.4808
-2.82594   0.418724   1.5790
-2.82594   0.523391   1.8318
-2.82594   0.628058   2.2414
-2.82594   0.732724   2.6536
-2.82594   0.837391   3.1636
-2.82594   0.942058   3.5030
-2.82594   1.04672   4.2163
-2.82594   1.15139   4.6314
-2.82594   1.25606   4.9582
-2.82594   1.36072   5.2511
-2.82594   1.46539   5.6942
-2.82594   1.57006   5.7745
-2.82594   1.67472   5.4587
-2.82594   1.77939   5.4158
-2.82594   1.88406   4.9621
-2.82594   1.98872   4.6437
-2.82594   2.09339   4.1486
-2.82594   2.19806   3.9448
-2.82594   2.30272   3.4025
-2.82594   2.40739   3.1093
-2.82594   2.51206   2.7300
-2.82594   2.61672   2.3909
-2.82594   2.72139   2.1534
-2.82594   2.82606   2.1110
-2.82594   2.93072   2.1849
-2.82594   3.03539   2.3842
-2.72128   -3.13994   2.5851
-2.72128   -3.03528   3.1929
-2.72128   -2.93061   3.8860
-2.72128   -2.82594   4.2765
-2.72128   -2.72128   5.3667
-2.72128   -2.61661   6.0312
-2.72128   -2.51194   6.7396
-2.72128   -2.40728   8.6265
-2.72128   -2.30261   8.7773
-2.72128   -2.19794   8.2222
-2.72128   -2.09328   9.6309
-2.72128   -1.98861   9.3460
-2.72128   -1.88394   100
-2.72128   -1.77928   8.3788
-2.72128   -1.67461   8.5623
-2.72128   -1.56994   7.4318
-2.72128   -1.46528   6.4403
-2.72128   -1.36061   5.8266
-2.72128   -1.25594   4.9236
-2.72128   -1.15128   4.0832
-2.72128   -1.04661   3.4538
-2.72128   -0.941942   2.8447
-2.72128   -0.837276   2.3962
-2.72128   -0.732609   2.1474
-2.72128   -0.627942   1.9744
-2.72128   -0.523276   1.7793
-2.72128   -0.418609   1.6626
-2.72128   -0.313942   1.4727
-2.72128   -0.209276   1.2487
-2.72128   -0.104609   1.0450
-2.72128   5.75667e-05   0.8813
-2.72128   0.104724   0.7341
-2.72128   0.209391   0.7352
-2.72128   0.314058   0.8091
-2.72128   0.418724   1.0068
-2.72128   0.523391   1.2816
-2.72128   0.628058   1.6523
-2.72128   0.732724   2.1555
-2.72128   0.837391   2.6172
-2.72128   0.942058   3.1575
-2.72128   1.04672   3.6627
-2.72128   1.15139   4.2842
-2.72128   1.25606   4.4695
-2.72128   1.36072   4.9476
-2.72128   1.46539   4.9388
-2.72128   1.57006   5.1164
-2.72128   1.67472   5.3698
-2.72128   1.77939   4.9791
-2.72128   1.88406   4.6840
-2.72128   1.98872   4.3527
-2.72128   2.09339   3.9514
-2.72128   2.19806   3.6036
-2.72128   2.30272   3.1625
-2.72128   2.40739   2.7701
-2.72128   2.51206   2.3620
-2.72128   2.61672   2.0914
-2.72128   2.72139   1.8635
-2.72128   2.82606   1.8459
-2.72128   2.93072   1.9139
-2.72128   3.03539   2.1782
-2.61661   -3.13994   2.5171
-2.61661   -3.03528   2.9617
-2.61661   -2.93061   3.6816
-2.61661   -2.82594   4.2788
-2.61661   -2.72128   5.5809
-2.61661   -2.61661   5.5341
-2.61661   -2.51194   6.7531
-2.61661   -2.40728   7.8456
-2.61661   -2.30261   9.1913
-2.61661   -2.19794   9.1932
-2.61661   -2.09328   8.2945
-2.61661   -1.98861   8.6479
-2.61661   -1.88394   100
-2.61661   -1.77928   8.1748
-2.61661   -1.67461   8.4490
-2.61661   -1.56994   7.5674
-2.61661   -1.46528   6.4210
-2.61661   -1.36061   5.3193
-2.61661   -1.25594   4.6768
-2.61661   -1.15128   4.0209
-2.61661   -1.04661   3.4145
-2.61661   -0.941942   2.9085
-2.61661   -0.837276   2.3870
-2.61661   -0.732609   2.1061
-2.61661   -0.627942   1.8590
-2.61661   -0.523276   1.6420
-2.61661   -0.418609   1.3628
-2.61661   -0.313942   1.1074
-2.61661   -0.209276   0.8416
-2.61661   -0.104609   0.6478
-2.61661   5.75667e-05   0.4190
-2.61661   0.104724   0.3211
-2.61661   0.209391   0.3286
-2.61661   0.314058   0.4186
-2.61661   0.418724   0.6918
-2.61661   0.523391   0.9688
-2.61661   0.628058   1.4361
-2.61661   0.732724   1.8853
-2.61661   0.837391   2.3809
-2.61661   0.942058   2.9086
-2.61661   1.04672   3.4959
-2.61661   1.15139   3.9756
-2.61661   1.25606   4.2617
-2.61661   1.36072   4.7016
-2.61661   1.46539   4.6124
-2.61661   1.57006   4.8212
-2.61661   1.67472   4.8502
-2.61661   1.77939   5.0403
-2.61661   1.88406   4.6822
-2.61661   1.98872   4.2215
-2.61661   2.09339   3.9744
-2.61661   2.19806   3.4737
-2.61661   2.30272   3.0324
-2.61661   2.40739   2.7419
-2.61661   2.51206   2.3807
-2.61661   2.61672   2.0864
-2.61661   2.72139   1.8175
-2.61661   2.82606   1.7799
-2.61661   2.93072   1.8806
-2.61661   3.03539   2.1196
-2.51194   -3.13994   2.5381
-2.51194   -3.03528   3.2775
-2.51194   -2.93061   3.7442
-2.51194   -2.82594   4.3470
-2.51194   -2.72128   5.4245
-2.51194   -2.61661   6.2799
-2.51194   -2.51194   6.8876
-2.51194   -2.40728   6.8644
-2.51194   -2.30261   7.7104
-2.51194   -2.19794   9.0689
-2.51194   -2.09328   8.4043
-2.51194   -1.98861   100
-2.51194   -1.88394   8.9697
-2.51194   -1.77928   100
-2.51194   -1.67461   7.1145
-2.51194   -1.56994   6.7862
-2.51194   -1.46528   6.2716
-2.51194   -1.36061   5.4568
-2.51194   -1.25594   4.7216
-2.51194   -1.15128   4.2217
-2.51194   -1.04661   3.5126
-2.51194   -0.941942   3.0387
-2.51194   -0.837276   2.5598
-2.51194   -0.732609   2.2049
-2.51194   -0.627942   1.8668
-2.51194   -0.523276   1.5819
-2.51194   -0.418609   1.3192
-2.51194   -0.313942   0.9751
-2.51194   -0.209276   0.6975
-2.51194   -0.104609   0.4063
-2.51194   5.75667e-05   0.2249
-2.51194   0.104724   0.1652
-2.51194   0.209391   0.1822
-2.51194   0.314058   0.2893
-2.51194   0.418724   0.5746
-2.51194   0.523391   0.9388
-2.51194   0.628058   1.3862
-2.51194   0.732724   1.8560
-2.51194   0.837391   2.4114
-2.51194   0.942058   2.8908
-2.51194   1.04672   3.4775
-2.51194   1.15139   3.9696
-2.51194   1.25606   4.2342
-2.51194   1.36072   4.7289
-2.51194   1.46539   4.6269
-2.51194   1.57006   4.8764
-2.51194   1.67472   4.9564
-2.51194   1.77939   5.0984
-2.51194   1.88406   4.7211
-2.51194   1.98872   4.3505
-2.51194   2.09339   3.9282
-2.51194   2.19806   3.6672
-2.51194   2.30272   3.2712
-2.51194   2.40739   2.8465
-2.51194   2.51206   2.4864
-2.51194   2.61672   2.1809
-2.51194   2.72139   2.0034
-2.51194   2.82606   1.9328
-2.51194   2.93072   1.9589
-2.51194   3.03539   2.2531
-2.40728   -3.13994   2.9593
-2.40728   -3.03528   3.4905
-2.40728   -2.93061   4.1820
-2.40728   -2.82594   4.7127
-2.40728   -2.72128   5.4721
-2.40728   -2.61661   6.0889
-2.40728   -2.51194   7.4579
-2.40728   -2.40728   7.3128
-2.40728   -2.30261   7.9250
-2.40728   -2.19794   100
-2.40728   -2.09328   8.4358
-2.40728   -1.98861   100
-2.40728   -1.88394   9.1824
-2.40728   -1.77928   8.5629
-2.40728   -1.67461   7.6716
-2.40728   -1.56994   7.7855
-2.40728   -1.46528   6.2885
-2.40728   -1.36061   5.9512
-2.40728   -1.25594   5.0603
-2.40728   -1.15128   4.3175
-2.40728   -1.04661   3.7534
-2.40728   -0.941942   3.2129
-2.40728   -0.837276   2.7388
-2.40728   -0.732609   2.4055
-2.40728   -0.627942   2.0333
-2.40728   -0.523276   1.6147
-2.40728   -0.418609   1.2833
-2.40728   -0.313942   0.9192
-2.40728   -0.209276   0.5912
-2.40728   -0.104609   0.4154
-2.40728   5.75667e-05   0.2091
-2.40728   0.104724   0.1625
-2.40728   0.209391   0.2024
-2.40728   0.314058   0.3682
-2.40728   0.418724   0.6692
-2.40728   0.523391   1.0510
-2.40728   0.628058   1.5382
-2.40728   0.732724   2.0414
-2.40728   0.837391   2.5862
-2.40728   0.942058   3.2202
-2.40728   1.04672   3.7137
-2.40728   1.15139   4.1645
-2.40728   1.25606   4.5932
-2.40728   1.36072   4.8427
-2.40728   1.46539   5.3078
-2.40728   1.57006   4.9622
-2.40728   1.67472   5.2405
-2.40728   1.77939   5.1765
-2.40728   1.88406   4.9530
-2.40728   1.98872   4.4008
-2.40728   2.09339   4.2724
-2.40728   2.19806   3.9057
-2.40728   2.30272   3.5203
-2.40728   2.40739   3.1473
-2.40728   2.51206   2.8519
-2.40728   2.61672   2.5259
-2.40728   2.72139   2.2864
-2.40728   2.82606   2.1972
-2.40728   2.93072   2.2917
-2.40728   3.03539   2.5858
-2.30261   -3.13994   3.3634
-2.30261   -3.03528   3.7886
-2.30261   -2.93061   4.4148
-2.30261   -2.82594   5.2615
-2.30261   -2.72128   6.2192
-2.30261   -2.61661   6.1279
-2.30261   -2.51194   8.3886
-2.30261   -2.40728   7.8028
-2.30261   -2.30261   8.0993
-2.30261   -2.19794   100
-2.30261   -2.09328   9.6738
-2.30261   -1.98861   100
-2.30261   -1.88394   9.6245
-2.30261   -1.77928   100
-2.30261   -1.67461   7.7064
-2.30261   -1.56994   7.7769
-2.30261   -1.46528   8.1322
-2.30261   -1.36061   6.0947
-2.30261   -1.25594   5.4948
-2.30261   -1.15128   4.8129
-2.30261   -1.04661   4.0795
-2.30261   -0.941942   3.6197
-2.30261   -0.837276   3.0988
-2.30261   -0.732609   2.6468
-2.30261   -0.627942   2.2665
-2.30261   -0.523276   1.8668
-2.30261   -0.418609   1.3991
-2.30261   -0.313942   1.0563
-2.30261   -0.209276   0.7274
-2.30261   -0.104609   0.4616
-2.30261   5.75667e-05   0.3330
-2.30261   0.104724   0.2950
-2.30261   0.209391   0.3869
-2.30261   0.314058   0.5890
-2.30261   0.418724   0.9160
-2.30261   0.523391   1.3618
-2.30261   0.628058   1.8600
-2.30261   0.732724   2.3414
-2.30261   0.837391   2.9587
-2.30261   0.942058   3.4677
-2.30261   1.04672   3.8944
-2.30261   1.15139   4.3848
-2.30261   1.25606   4.7910
-2.30261   1.36072   5.3732
-2.30261   1.46539   5.5308
-2.30261   1.57006   5.6610
-2.30261   1.67472   5.9219
-2.30261   1.77939   5.5001
-2.30261   1.88406   5.1447
-2.30261   1.98872   5.2227
-2.30261   2.09339   4.8467
-2.30261   2.19806   4.3169
-2.30261   2.30272   4.0589
-2.30261   2.40739   3.6207
-2.30261   2.51206   3.2267
-2.30261   2.61672   2.9445
-2.30261   2.72139   2.7263
-2.30261   2.82606   2.6748
-2.30261   2.93072   2.7719
-2.30261   3.03539   3.0384
-2.19794   -3.13994   3.7555
-2.19794   -3.03528   4.6115
-2.19794   -2.93061   4.9875
-2.19794   -2.82594   5.4560
-2.19794   -2.72128   6.7117
-2.19794   -2.61661   7.4520
-2.19794   -2.51194   8.0890
-2.19794   -2.40728   8.3423
-2.19794   -2.30261   7.9061
-2.19794   -2.19794   100
-2.19794   -2.09328   8.3462
-2.19794   -1.98861   100
-2.19794   -1.88394   100
-2.19794   -1.77928   100
-2.19794   -1.67461   7.8492
-2.19794   -1.56994   8.6580
-2.19794   -1.46528   7.4635
-2.19794   -1.36061   6.6568
-2.19794   -1.25594   6.0917
-2.19794   -1.15128   5.1514
-2.19794   -1.04661   4.5232
-2.19794   -0.941942   3.9110
-2.19794   -0.837276   3.5056
-2.19794   -0.732609   2.9164
-2.19794   -0.627942   2.4705
-2.19794   -0.523276   2.0254
-2.19794   -0.418609   1.5901
-2.19794   -0.313942   1.1506
-2.19794   -0.209276   0.8456
-2.19794   -0.104609   0.6232
-2.19794   5.75667e-05   0.5372
-2.19794   0.104724   0.5419
-2.19794   0.209391   0.6682
-2.19794   0.314058   0.9104
-2.19794   0.418724   1.3013
-2.19794   0.523391   1.7311
-2.19794   0.628058   2.2664
-2.19794   0.732724   2.8846
-2.19794   0.837391   3.3642
-2.19794   0.942058   3.9328
-2.19794   1.04672   4.3471
-2.19794   1.15139   5.0226
-2.19794   1.25606   5.1153
-2.19794   1.36072   5.6174
-2.19794   1.46539   5.9253
-2.19794   1.57006   6.0377
-2.19794   1.67472   6.0662
-2.19794   1.77939   5.8172
-2.19794   1.88406   5.5482
-2.19794   1.98872   5.5230
-2.19794   2.09339   5.1998
-2.19794   2.19806   4.7658
-2.19794   2.30272   4.5526
-2.19794   2.40739   4.1060
-2.19794   2.51206   3.7982
-2.19794   2.61672   3.3576
-2.19794   2.72139   3.2725
-2.19794   2.82606   3.1527
-2.19794   2.93072   3.2629
-2.19794   3.03539   3.3974
-2.09328   -3.13994   4.2517
-2.09328   -3.03528   4.8490
-2.09328   -2.93061   5.7730
-2.09328   -2.82594   5.9500
-2.09328   -2.72128   7.3582
-2.09328   -2.61661   7.5617
-2.09328   -2.51194   8.5723
-2.09328   -2.40728   100
-2.09328   -2.30261   100
-2.09328   -2.19794   100
-2.09328   -2.09328   8.3407
-2.09328   -1.98861   100
-2.09328   -1.88394   100
-2.09328   -1.77928   8.0072
-2.09328   -1.67461   8.4446
-2.09328   -1.56994   100
-2.09328   -1.46528   8.6057
-2.09328   -1.36061   7.1080
-2.09328   -1.25594   5.7569
-2.09328   -1.15128   5.7237
-2.09328   -1.04661   5.0832
-2.09328   -0.941942   4.2378
-2.09328   -0.837276   3.6676
-2.09328   -0.732609   3.1568
-2.09328   -0.627942   2.6529
-2.09328   -0.523276   2.1428
-2.09328   -0.418609   1.7312
-2.09328   -0.313942   1.2991
-2.09328   -0.209276   1.0073
-2.09328   -0.104609   0.8322
-2.09328   5.75667e-05   0.7596
-2.09328   0.104724   0.7923
-2.09328   0.209391   0.9675
-2.09328   0.314058   1.2691
-2.09328   0.418724   1.6555
-2.09328   0.523391   2.1269
-2.09328   0.628058   2.5860
-2.09328   0.732724   3.1366
-2.09328   0.837391   3.7204
-2.09328   0.942058   4.4053
-2.09328   1.04672   5.0084
-2.09328   1.15139   5.0596
-2.09328   1.25606   5.5229
-2.09328   1.36072   6.0966
-2.09328   1.46539   6.1774
-2.09328   1.57006   6.9907
-2.09328   1.67472   6.2122
-2.09328   1.77939   6.3482
-2.09328   1.88406   5.8658
-2.09328   1.98872   5.6904
-2.09328   2.09339   5.4601
-2.09328   2.19806   5.2871
-2.09328   2.30272   4.9951
-2.09328   2.40739   4.3622
-2.09328   2.51206   4.1758
-2.09328   2.61672   3.9301
-2.09328   2.72139   3.6637
-2.09328   2.82606   3.5454
-2.09328   2.93072   3.7240
-2.09328   3.03539   3.7772
-1.98861   -3.13994   4.8465
-1.98861   -3.03528   5.1029
-1.98861   -2.93061   5.9569
-1.98861   -2.82594   6.1279
-1.98861   -2.72128   7.3299
-1.98861   -2.61661   7.1840
-1.98861   -2.51194   9.1342
-1.98861   -2.40728   100
-1.98861   -2.30261   100
-1.98861   -2.19794   100
-1.98861   -2.09328   9.4605
-1.98861   -1.98861   100
-1.98861   -1.88394   100
-1.98861   -1.77928   100
-1.98861   -1.67461   9.0102
-1.98861   -1.56994   9.7003
-1.98861   -1.46528   7.8457
-1.98861   -1.36061   7.2460
-1.98861   -1.25594   6.3973
-1.98861   -1.15128   5.7948
-1.98861   -1.04661   5.3306
-1.98861   -0.941942   4.5457
-1.98861   -0.837276   3.8771
-1.98861   -0.732609   3.2913
-1.98861   -0.627942   2.8068
-1.98861   -0.523276   2.2400
-1.98861   -0.418609   1.7476
-1.98861   -0.313942   1.4105
-1.98861   -0.209276   1.1384
-1.98861   -0.104609   0.9782
-1.98861   5.75667e-05   0.8970
-1.98861   0.104724   1.0366
-1.98861   0.209391   1.2348
-1.98861   0.314058   1.5752
-1.98861   0.418724   1.9902
-1.98861   0.523391   2.4954
-1.98861   0.628058   3.0051
-1.98861   0.732724   3.5214
-1.98861   0.837391   3.9406
-1.98861   0.942058   4.5784
-1.98861   1.04672   4.9896
-1.98861   1.15139   5.5203
-1.98861   1.25606   5.8608
-1.98861   1.36072   7.1183
-1.98861   1.46539   7.1309
-1.98861   1.57006   7.1750
-1.98861   1.67472   6.7055
-1.98861   1.77939   6.3109
-1.98861   1.88406   6.1259
-1.98861   1.98872   6.2493
-1.98861   2.09339   5.9122
-1.98861   2.19806   5.7218
-1.98861   2.30272   5.1665
-1.98861   2.40739   4.7603
-1.98861   2.51206   4.7620
-1.98861   2.61672   4.3359
-1.98861   2.72139   4.1554
-1.98861   2.82606   4.0008
-1.98861   2.93072   4.0884
-1.98861   3.03539   4.4561
-1.88394   -3.13994   5.1141
-1.88394   -3.03528   5.3562
-1.88394   -2.93061   6.1234
-1.88394   -2.82594   6.2361
-1.88394   -2.72128   8.6425
-1.88394   -2.61661   7.5712
-1.88394   -2.51194   8.1976
-1.88394   -2.40728   100
-1.88394   -2.30261   100
-1.88394   -2.19794   100
-1.88394   -2.09328   9.2527
-1.88394   -1.98861   100
-1.88394   -1.88394   100
-1.88394   -1.77928   100
-1.88394   -1.67461   100
-1.88394   -1.56994   9.2682
-1.88394   -1.46528   8.4637
-1.88394   -1.36061   8.5173
-1.88394   -1.25594   6.4982
-1.88394   -1.15128   6.1923
-1.88394   -1.04661   5.3136
-1.88394   -0.941942   4.8337
-1.88394   -0.837276   3.8825
-1.88394   -0.732609   3.3258
-1.88394   -0.627942   2.8408
-1.88394   -0.523276   2.1212
-1.88394   -0.418609   1.7490
-1.88394   -0.313942   1.3943
-1.88394   -0.209276   1.1730
-1.88394   -0.104609   1.0151
-1.88394   5.75667e-05   0.9979
-1.88394   0.104724   1.1401
-1.88394   0.209391   1.4127
-1.88394   0.314058   1.7416
-1.88394   0.418724   2.1626
-1.88394   0.523391   2.7561
-1.88394   0.628058   3.2676
-1.88394   0.732724   3.7368
-1.88394   0.837391   4.2966
-1.88394   0.942058   4.7573
-1.88394   1.04672   5.0457
-1.88394   1.15139   5.9971
-1.88394   1.25606   5.9629
-1.88394   1.36072   5.8298
-1.88394   1.46539   7.0205
-1.88394   1.57006   6.6621
-1.88394   1.67472   6.7410
-1.88394   1.77939   6.6926
-1.88394   1.88406   6.6257
-1.88394   1.98872   6.1955
-1.88394   2.09339   6.3705
-1.88394   2.19806   6.0448
-1.88394   2.30272   5.2585
-1.88394   2.40739   5.2700
-1.88394   2.51206   4.6324
-1.88394   2.61672   4.6959
-1.88394   2.72139   4.2794
-1.88394   2.82606   4.3741
-1.88394   2.93072   4.4459
-1.88394   3.03539   4.6243
-1.77928   -3.13994   4.9844
-1.77928   -3.03528   5.5352
-1.77928   -2.93061   6.3297
-1.77928   -2.82594   6.8797
-1.77928   -2.72128   7.0080
-1.77928   -2.61661   7.7649
-1.77928   -2.51194   8.6980
-1.77928   -2.40728   100
-1.77928   -2.30261   10.6431
-1.77928   -2.19794   100
-1.77928   -2.09328   100
-1.77928   -1.98861   100
-1.77928   -1.88394   100
-1.77928   -1.77928   8.2871
-1.77928   -1.67461   9.7881
-1.77928   -1.56994   100
-1.77928   -1.46528   100
-1.77928   -1.36061   7.7277
-1.77928   -1.25594   6.6118
-1.77928   -1.15128   6.0693
-1.77928   -1.04661   5.5196
-1.77928   -0.941942   4.3828
-1.77928   -0.837276   3.7816
-1.77928   -0.732609   3.1531
-1.77928   -0.627942   2.5276
-1.77928   -0.523276   2.0121
-1.77928   -0.418609   1.6052
-1.77928   -0.313942   1.2422
-1.77928   -0.209276   1.0573
-1.77928   -0.104609   0.9269
-1.77928   5.75667e-05   1.0099
-1.77928   0.104724   1.1888
-1.77928   0.209391   1.4658
-1.77928   0.314058   1.8721
-1.77928   0.418724   2.4124
-1.77928   0.523391   2.8203
-1.77928   0.628058   3.3820
-1.77928   0.732724   3.7791
-1.77928   0.837391   4.4140
-1.77928   0.942058   4.7598
-1.77928   1.04672   5.3318
-1.77928   1.15139   5.6867
-1.77928   1.25606   5.6631
-1.77928   1.36072   6.5892
-1.77928   1.46539   7.0082
-1.77928   1.57006   6.8739
-1.77928   1.67472   6.7588
-1.77928   1.77939   7.6988
-1.77928   1.88406   6.5808
-1.77928   1.98872   5.9267
-1.77928   2.09339   6.1981
-1.77928   2.19806   6.1302
-1.77928   2.30272   5.3832
-1.77928   2.40739   5.0285
-1.77928   2.51206   4.8490
-1.77928   2.61672   4.5806
-1.77928   2.72139   4.5731
-1.77928   2.82606   4.2462
-1.77928   2.93072   4.4099
-1.77928   3.03539   4.6367
-1.67461   -3.13994   4.8772
-1.67461   -3.03528   5.4841
-1.67461   -2.93061   6.4005
-1.67461   -2.82594   8.4946
-1.67461   -2.72128   7.5133
-1.67461   -2.61661   8.3098
-1.67461   -2.51194   100
-1.67461   -2.40728   100
-1.67461   -2.30261   9.7705
-1.67461   -2.19794   100
-1.67461   -2.09328   100
-1.67461   -1.98861   100
-1.67461   -1.88394   100
-1.67461   -1.77928   100
-1.67461   -1.67461   100
-1.67461   -1.56994   100
-1.67461   -1.46528   8.1813
-1.67461   -1.36061   7.3852
-1.67461   -1.25594   6.8387
-1.67461   -1.15128   6.0028
-1.67461   -1.04661   5.3271
-1.67461   -0.941942   4.2951
-1.67461   -0.837276   3.5393
-1.67461   -0.732609   2.8017
-1.67461   -0.627942   2.1638
-1.67461   -0.523276   1.7234
-1.67461   -0.418609   1.2495
-1.67461   -0.313942   0.9876
-1.67461   -0.209276   0.8317
-1.67461   -0.104609   0.7621
-1.67461   5.75667e-05   0.8874
-1.67461   0.104724   1.1339
-1.67461   0.209391   1.4596
-1.67461   0.314058   1.8913
-1.67461   0.418724   2.3479
-1.67461   0.523391   2.8627
-1.67461   0.628058   3.3077
-1.67461   0.732724   3.7784
-1.67461   0.837391   4.2261
-1.67461   0.942058   4.6403
-1.67461   1.04672   4.9282
-1.67461   1.15139   5.6629
-1.67461   1.25606   5.5861
-1.67461   1.36072   5.8582
-1.67461   1.46539   6.4481
-1.67461   1.57006   6.3133
-1.67461   1.67472   6.8636
-1.67461   1.77939   6.5456
-1.67461   1.88406   6.4659
-1.67461   1.98872   5.7875
-1.67461   2.09339   6.0991
-1.67461   2.19806   5.7224
-1.67461   2.30272   5.2630
-1.67461   2.40739   4.8179
-1.67461   2.51206   4.5381
-1.67461   2.61672   4.5342
-1.67461   2.72139   4.1240
-1.67461   2.82606   4.2461
-1.67461   2.93072   4.3095
-1.67461   3.03539   4.4646
-1.56994   -3.13994   4.7059
-1.56994   -3.03528   5.5005
-1.56994   -2.93061   5.7419
-1.56994   -2.82594   6.7671
-1.56994   -2.72128   7.4430
-1.56994   -2.61661   9.4940
-1.56994   -2.51194   9.0985
-1.56994   -2.40728   100
-1.56994   -2.30261   100
-1.56994   -2.19794   100
-1.56994   -2.09328   100
-1.56994   -1.98861   100
-1.56994   -1.88394   100
-1.56994   -1.77928   8.7586
-1.56994   -1.67461   100
-1.56994   -1.56994   100
-1.56994   -1.46528   8.3565
-1.56994   -1.36061   7.3637
-1.56994   -1.25594   6.4210
-1.56994   -1.15128   5.3309
-1.56994   -1.04661   4.5519
-1.56994   -0.941942   3.8104
-1.56994   -0.837276   3.0324
-1.56994   -0.732609   2.3617
-1.56994   -0.627942   1.7601
-1.56994   -0.523276   1.3094
-1.56994   -0.418609   0.8617
-1.56994   -0.313942   0.6626
-1.56994   -0.209276   0.5283
-1.56994   -0.104609   0.5683
-1.56994   5.75667e-05   0.7338
-1.56994   0.104724   1.0570
-1.56994   0.209391   1.3810
-1.56994   0.314058   1.8813
-1.56994   0.418724   2.3635
-1.56994   0.523391   2.7384
-1.56994   0.628058   3.2773
-1.56994   0.732724   3.5660
-1.56994   0.837391   4.0501
-1.56994   0.942058   4.5183
-1.56994   1.04672   4.8275
-1.56994   1.15139   5.2676
-1.56994   1.25606   5.6813
-1.56994   1.36072   6.0373
-1.56994   1.46539   6.2045
-1.56994   1.57006   6.2285
-1.56994   1.67472   6.1655
-1.56994   1.77939   6.0562
-1.56994   1.88406   6.2776
-1.56994   1.98872   6.0264
-1.56994   2.09339   5.7140
-1.56994   2.19806   5.2761
-1.56994   2.30272   5.0697
-1.56994   2.40739   4.7408
-1.56994   2.51206   4.3556
-1.56994   2.61672   4.1208
-1.56994   2.72139   4.1211
-1.56994   2.82606   4.1712
-1.56994   2.93072   3.9420
-1.56994   3.03539   4.5052
-1.46528   -3.13994   4.6762
-1.46528   -3.03528   5.4500
-1.46528   -2.93061   5.8530
-1.46528   -2.82594   6.9693
-1.46528   -2.72128   6.9286
-1.46528   -2.61661   100
-1.46528   -2.51194   8.8156
-1.46528   -2.40728   100
-1.46528   -2.30261   100
-1.46528   -2.19794   100
-1.46528   -2.09328   100
-1.46528   -1.98861   100
-1.46528   -1.88394   100
-1.46528   -1.77928   100
-1.46528   -1.67461   100
-1.46528   -1.56994   100
-1.46528   -1.46528   8.0303
-1.46528   -1.36061   7.9390
-1.46528   -1.25594   6.4666
-1.46528   -1.15128   5.1123
-1.46528   -1.04661   4.2753
-1.46528   -0.941942   3.4343
-1.46528   -0.837276   2.5337
-1.46528   -0.732609   1.8486
-1.46528   -0.627942   1.2670
-1.46528   -0.523276   0.8443
-1.46528   -0.418609   0.5146
-1.46528   -0.313942   0.3320
-1.46528   -0.209276   0.2592
-1.46528   -0.104609   0.3720
-1.46528   5.75667e-05   0.6072
-1.46528   0.104724   1.0098
-1.46528   0.209391   1.4360
-1.46528   0.314058   1.9053
-1.46528   0.418724   2.3870
-1.46528   0.523391   2.8603
-1.46528   0.628058   3.2826
-1.46528   0.732724   3.7805
-1.46528   0.837391   3.8544
-1.46528   0.942058   4.3919
-1.46528   1.04672   4.8490
-1.46528   1.15139   5.2009
-1.46528   1.25606   5.7181
-1.46528   1.36072   5.9987
-1.46528   1.46539   6.4681
-1.46528   1.57006   5.7637
-1.46528   1.67472   6.4926
-1.46528   1.77939   5.7787
-1.46528   1.88406   5.6920
-1.46528   1.98872   5.5832
-1.46528   2.09339   5.7970
-1.46528   2.19806   4.8899
-1.46528   2.30272   4.6894
-1.46528   2.40739   4.2248
-1.46528   2.51206   3.9964
-1.46528   2.61672   3.7621
-1.46528   2.72139   3.7464
-1.46528   2.82606   3.6780
-1.46528   2.93072   3.7599
-1.46528   3.03539   4.1582
-1.36061   -3.13994   4.6108
-1.36061   -3.03528   5.2751
-1.36061   -2.93061   6.2476
-1.36061   -2.82594   7.1827
-1.36061   -2.72128   8.7765
-1.36061   -2.61661   100
-1.36061   -2.51194   100
-1.36061   -2.40728   100
-1.36061   -2.30261   9.5595
-1.36061   -2.19794   100
-1.36061   -2.09328   100
-1.36061   -1.98861   100
-1.36061   -1.88394   100
-1.36061   -1.77928   100
-1.36061   -1.67461   100
-1.36061   -1.56994   8.8984
-1.36061   -1.46528   8.4292
-1.36061   -1.36061   6.9873
-1.36061   -1.25594   6.4153
-1.36061   -1.15128   4.8419
-1.36061   -1.04661   3.7877
-1.36061   -0.941942   2.9626
-1.36061   -0.837276   2.1260
-1.36061   -0.732609   1.4271
-1.36061   -0.627942   0.8756
-1.36061   -0.523276   0.4581
-1.36061   -0.418609   0.1689
-1.36061   -0.313942   0.0616
-1.36061   -0.209276   0.1225
-1.36061   -0.104609   0.3144
-1.36061   5.75667e-05   0.6345
-1.36061   0.104724   1.0832
-1.36061   0.209391   1.5641
-1.36061   0.314058   2.1699
-1.36061   0.418724   2.6086
-1.36061   0.523391   3.0957
-1.36061   0.628058   3.4969
-1.36061   0.732724   3.9337
-1.36061   0.837391   4.2118
-1.36061   0.942058   4.7039
-1.36061   1.04672   5.1745
-1.36061   1.15139   5.4686
-1.36061   1.25606   5.7152
-1.36061   1.36072   5.4567
-1.36061   1.46539   5.8885
-1.36061   1.57006   6.1049
-1.36061   1.67472   5.8937
-1.36061   1.77939   6.0034
-1.36061   1.88406   5.4153
-1.36061   1.98872   5.1227
-1.36061   2.09339   5.1964
-1.36061   2.19806   4.4930
-1.36061   2.30272   4.2269
-1.36061   2.40739   3.9752
-1.36061   2.51206   3.5841
-1.36061   2.61672   3.4662
-1.36061   2.72139   3.3549
-1.36061   2.82606   3.4230
-1.36061   2.93072   3.5169
-1.36061   3.03539   3.9626
-1.25594   -3.13994   4.4813
-1.25594   -3.03528   5.1914
-1.25594   -2.93061   6.2527
-1.25594   -2.82594   7.2740
-1.25594   -2.72128   8.4442
-1.25594   -2.61661   100
-1.25594   -2.51194   100
-1.25594   -2.40728   100
-1.25594   -2.30261   100
-1.25594   -2.19794   100
-1.25594   -2.09328   100
-1.25594   -1.98861   100
-1.25594   -1.88394   100
-1.25594   -1.77928   100
-1.25594   -1.67461   100
-1.25594   -1.56994   9.4626
-1.25594   -1.46528   8.4609
-1.25594   -1.36061   7.6109
-1.25594   -1.25594   5.7526
-1.25594   -1.15128   4.5595
-1.25594   -1.04661   3.4862
-1.25594   -0.941942   2.4992
-1.25594   -0.837276   1.7163
-1.25594   -0.732609   1.0493
-1.25594   -0.627942   0.5680
-1.25594   -0.523276   0.2020
-1.25594   -0.418609   0.0309
-1.25594   -0.313942   0.0
-1.25594   -0.209276   0.1563
-1.25594   -0.104609   0.4506
-1.25594   5.75667e-05   0.9191
-1.25594   0.104724   1.4551
-1.25594   0.209391   2.0691
-1.25594   0.314058   2.5740
-1.25594   0.418724   3.1637
-1.25594   0.523391   3.5197
-1.25594   0.628058   4.1179
-1.25594   0.732724   4.2955
-1.25594   0.837391   4.4934
-1.25594   0.942058   5.0432
-1.25594   1.04672   5.4053
-1.25594   1.15139   5.7883
-1.25594   1.25606   5.8183
-1.25594   1.36072   5.9225
-1.25594   1.46539   6.2597
-1.25594   1.57006   6.0070
-1.25594   1.67472   5.6445
-1.25594   1.77939   6.0851
-1.25594   1.88406   5.3792
-1.25594   1.98872   4.8400
-1.25594   2.09339   4.5890
-1.25594   2.19806   4.4796
-1.25594   2.30272   4.0481
-1.25594   2.40739   3.6781
-1.25594   2.51206   3.3938
-1.25594   2.61672   3.2168
-1.25594   2.72139   3.1655
-1.25594   2.82606   3.2581
-1.25594   2.93072   3.4234
-1.25594   3.03539   4.0994
-1.15128   -3.13994   5.0492
-1.15128   -3.03528   6.3085
-1.15128   -2.93061   7.6765
-1.15128   -2.82594   9.6520
-1.15128   -2.72128   7.9573
-1.15128   -2.61661   100
-1.15128   -2.51194   100
-1.15128   -2.40728   100
-1.15128   -2.30261   100
-1.15128   -2.19794   100
-1.15128   -2.09328   100
-1.15128   -1.98861   100
-1.15128   -1.88394   100
-1.15128   -1.77928   100
-1.15128   -1.67461   100
-1.15128   -1.56994   8.5543
-1.15128   -1.46528   7.9385
-1.15128   -1.36061   6.5633
-1.15128   -1.25594   5.2334
-1.15128   -1.15128   4.3927
-1.15128   -1.04661   3.2596
-1.15128   -0.941942   2.3390
-1.15128   -0.837276   1.5054
-1.15128   -0.732609   0.8885
-1.15128   -0.627942   0.4345
-1.15128   -0.523276   0.1911
-1.15128   -0.418609   0.0966
-1.15128   -0.313942   0.2062
-1.15128   -0.209276   0.4781
-1.15128   -0.104609   0.9462
-1.15128   5.75667e-05   1.4762
-1.15128   0.104724   2.1101
-1.15128   0.209391   2.7206
-1.15128   0.314058   3.3154
-1.15128   0.418724   3.8036
-1.15128   0.523391   4.2054
-1.15128   0.628058   5.0855
-1.15128   0.732724   4.8585
-1.15128   0.837391   5.2318
-1.15128   0.942058   5.8866
-1.15128   1.04672   5.8482
-1.15128   1.15139   6.5131
-1.15128   1.25606   6.4881
-1.15128   1.36072   5.8977
-1.15128   1.46539   5.9423
-1.15128   1.57006   6.2429
-1.15128   1.67472   6.2126
-1.15128   1.77939   5.8444
-1.15128   1.88406   5.4551
-1.15128   1.98872   4.8748
-1.15128   2.09339   4.6231
-1.15128   2.19806   4.1394
-1.15128   2.30272   3.7815
-1.15128   2.40739   3.5539
-1.15128   2.51206   3.2807
-1.15128   2.61672   3.1359
-1.15128   2.72139   3.1551
-1.15128   2.82606   3.2421
-1.15128   2.93072   3.7211
-1.15128   3.03539   4.2356
-1.04661   -3.13994   5.5436
-1.04661   -3.03528   6.1799
-1.04661   -2.93061   8.7464
-1.04661   -2.82594   9.7832
-1.04661   -2.72128   100
-1.04661   -2.61661   100
-1.04661   -2.51194   100
-1.04661   -2.40728   100
-1.04661   -2.30261   100
-1.04661   -2.19794   100
-1.04661   -2.09328   100
-1.04661   -1.98861   100
-1.04661   -1.88394   100
-1.04661   -1.77928   100
-1.04661   -1.67461   100
-1.04661   -1.56994   100
-1.04661   -1.46528   7.1953
-1.04661   -1.36061   6.5629
-1.04661   -1.25594   5.6372
-1.04661   -1.15128   4.4505
-1.04661   -1.04661   3.1675
-1.04661   -0.941942   2.1979
-1.04661   -0.837276   1.5053
-1.04661   -0.732609   0.9427
-1.04661   -0.627942   0.6186
-1.04661   -0.523276   0.4419
-1.04661   -0.418609   0.4938
-1.04661   -0.313942   0.7312
-1.04661   -0.209276   1.1981
-1.04661   -0.104609   1.8026
-1.04661   5.75667e-05   2.4336
-1.04661   0.104724   3.1770
-1.04661   0.209391   3.7770
-1.04661   0.314058   4.2065
-1.04661   0.418724   5.0768
-1.04661   0.523391   5.8658
-1.04661   0.628058   6.0543
-1.04661   0.732724   6.2451
-1.04661   0.837391   6.2819
-1.04661   0.942058   7.2837
-1.04661   1.04672   7.7010
-1.04661   1.15139   6.5407
-1.04661   1.25606   7.3255
-1.04661   1.36072   7.2961
-1.04661   1.46539   6.4133
-1.04661   1.57006   6.8183
-1.04661   1.67472   5.9416
-1.04661   1.77939   5.7334
-1.04661   1.88406   4.9878
-1.04661   1.98872   4.8583
-1.04661   2.09339   4.8132
-1.04661   2.19806   4.2979
-1.04661   2.30272   3.9634
-1.04661   2.40739   3.6825
-1.04661   2.51206   3.2980
-1.04661   2.61672   3.3858
-1.04661   2.72139   3.4125
-1.04661   2.82606   3.7857
-1.04661   2.93072   4.1019
-1.04661   3.03539   4.7470
-0.941942   -3.13994   6.6847
-0.941942   -3.03528   8.4356
-0.941942   -2.93061   8.4209
-0.941942   -2.82594   100
-0.941942   -2.72128   100
-0.941942   -2.61661   100
-0.941942   -2.51194   100
-0.941942   -2.40728   100
-0.941942   -2.30261   100
-0.941942   -2.19794   100
-0.941942   -2.09328   100
-0.941942   -1.98861   100
-0.941942   -1.88394   100
-0.941942   -1.77928   100
-0.941942   -1.67461   100
-0.941942   -1.56994   100
-0.941942   -1.46528   100
-0.941942   -1.36061   6.6088
-0.941942   -1.25594   5.9377
-0.941942   -1.15128   4.3544
-0.941942   -1.04661   3.3593
-0.941942   -0.941942   2.3706
-0.941942   -0.837276   1.7254
-0.941942   -0.732609   1.3335
-0.941942   -0.627942   1.0864
-0.941942   -0.523276   1.0735
-0.941942   -0.418609   1.2401
-0.941942   -0.313942   1.6381
-0.941942   -0.209276   2.3391
-0.941942   -0.104609   2.9242
-0.941942   5.75667e-05   3.6878
-0.941942   0.104724   4.2963
-0.941942   0.209391   4.9415
-0.941942   0.314058   5.7061
-0.941942   0.418724   6.1245
-0.941942   0.523391   7.0417
-0.941942   0.628058   7.1930
-0.941942   0.732724   7.7781
-0.941942   0.837391   7.5341
-0.941942   0.942058   7.8044
-0.941942   1.04672   7.0442
-0.941942   1.15139   8.4057
-0.941942   1.25606   8.0207
-0.941942   1.36072   8.8919
-0.941942   1.46539   7.6485
-0.941942   1.57006   6.3500
-0.941942   1.67472   6.7432
-0.941942   1.77939   6.2263
-0.941942   1.88406   5.7250
-0.941942   1.98872   5.1084
-0.941942   2.09339   4.8689
-0.941942   2.19806   4.4142
-0.941942   2.30272   4.1337
-0.941942   2.40739   3.9490
-0.941942   2.51206   3.9087
-0.941942   2.61672   3.9412
-0.941942   2.72139   3.8534
-0.941942   2.82606   4.3566
-0.941942   2.93072   5.1208
-0.941942   3.03539   5.7004
-0.837276   -3.13994   7.9073
-0.837276   -3.03528   9.3013
-0.837276   -2.93061   100
-0.837276   -2.82594   100
-0.837276   -2.72128   100
-0.837276   -2.61661   100
-0.837276   -2.51194   100
-0.837276   -2.40728   100
-0.837276   -2.30261   100
-0.837276   -2.19794   100
-0.837276   -2.09328   100
-0.837276   -1.98861   100
-0.837276   -1.88394   100
-0.837276   -1.77928   100
-0.837276   -1.67461   100
-0.837276   -1.56994   9.3315
-0.837276   -1.46528   100
-0.837276   -1.36061   7.8795
-0.837276   -1.25594   6.0403
-0.837276   -1.15128   4.6553
-0.837276   -1.04661   3.7524
-0.837276   -0.941942   2.9159
-0.837276   -0.837276   2.2788
-0.837276   -0.732609   1.9563
-0.837276   -0.627942   1.8260
-0.837276   -0.523276   2.0013
-0.837276   -0.418609   2.4440
-0.837276   -0.313942   3.0023
-0.837276   -0.209276   3.6022
-0.837276   -0.104609   4.4349
-0.837276   5.75667e-05   5.0764
-0.837276   0.104724   5.9416
-0.837276   0.209391   6.5112
-0.837276   0.314058   7.7723
-0.837276   0.418724   7.9951
-0.837276   0.523391   7.9945
-0.837276   0.628058   9.4910
-0.837276   0.732724   100
-0.837276   0.837391   8.3260
-0.837276   0.942058   8.9263
-0.837276   1.04672   100
-0.837276   1.15139   100
-0.837276   1.25606   100
-0.837276   1.36072   8.1938
-0.837276   1.46539   8.2612
-0.837276   1.57006   7.2070
-0.837276   1.67472   7.2163
-0.837276   1.77939   6.2536
-0.837276   1.88406   6.0579
-0.837276   1.98872   5.6024
-0.837276   2.09339   5.3580
-0.837276   2.19806   4.9136
-0.837276   2.30272   4.8214
-0.837276   2.40739   4.5186
-0.837276   2.51206   4.5958
-0.837276   2.61672   4.4942
-0.837276   2.72139   4.7865
-0.837276   2.82606   5.2917
-0.837276   2.93072   6.2276
-0.837276   3.03539   6.6034
-0.732609   -3.13994   8.9624
-0.732609   -3.03528   100
-0.732609   -2.93061   100
-0.732609   -2.82594   100
-0.732609   -2.72128   100
-0.732609   -2.61661   100
-0.732609   -2.51194   100
-0.732609   -2.40728   100
-0.732609   -2.30261   100
-0.732609   -2.19794   100
-0.732609   -2.09328   100
-0.732609   -1.98861   100
-0.732609   -1.88394   100
-0.732609   -1.77928   100
-0.732609   -1.67461   100
-0.732609   -1.56994   100
-0.732609   -1.46528   8.8322
-0.732609   -1.36061   7.4804
-0.732609   -1.25594   6.3335
-0.732609   -1.15128   4.9415
-0.732609   -1.04661   4.1248
-0.732609   -0.941942   3.5243
-0.732609   -0.837276   3.1253
-0.732609   -0.732609   2.9425
-0.732609   -0.627942   3.0688
-0.732609   -0.523276   3.3169
-0.732609   -0.418609   3.9999
-0.732609   -0.313942   4.7471
-0.732609   -0.209276   5.3642
-0.732609   -0.104609   6.0570
-0.732609   5.75667e-05   7.5061
-0.732609   0.104724   7.1042
-0.732609   0.209391   7.5738
-0.732609   0.314058   100
-0.732609   0.418724   100
-0.732609   0.523391   100
-0.732609   0.628058   100
-0.732609   0.732724   100
-0.732609   0.837391   100
-0.732609   0.942058   100
-0.732609   1.04672   100
-0.732609   1.15139   100
-0.732609   1.25606   8.6898
-0.732609   1.36072   100
-0.732609   1.46539   8.7321
-0.732609   1.57006   7.2178
-0.732609   1.67472   6.9196
-0.732609   1.77939   7.2384
-0.732609   1.88406   6.6956
-0.732609   1.98872   5.9989
-0.732609   2.09339   6.2549
-0.732609   2.19806   5.6035
-0.732609   2.30272   5.2928
-0.732609   2.40739   5.4848
-0.732609   2.51206   5.4822
-0.732609   2.61672   5.7764
-0.732609   2.72139   6.3948
-0.732609   2.82606   7.1740
-0.732609   2.93072   7.3095
-0.732609   3.03539   100
-0.627942   -3.13994   100
-0.627942   -3.03528   100
-0.627942   -2.93061   100
-0.627942   -2.82594   100
-0.627942   -2.72128   100
-0.627942   -2.61661   100
-0.627942   -2.51194   100
-0.627942   -2.40728   100
-0.627942   -2.30261   100
-0.627942   -2.19794   100
-0.627942   -2.09328   100
-0.627942   -1.98861   100
-0.627942   -1.88394   100
-0.627942   -1.77928   100
-0.627942   -1.67461   100
-0.627942   -1.56994   100
-0.627942   -1.46528   100
-0.627942   -1.36061   7.8115
-0.627942   -1.25594   7.0719
-0.627942   -1.15128   5.8362
-0.627942   -1.04661   5.2425
-0.627942   -0.941942   4.4361
-0.627942   -0.837276   4.1460
-0.627942   -0.732609   4.3396
-0.627942   -0.627942   4.4946
-0.627942   -0.523276   5.0753
-0.627942   -0.418609   5.7284
-0.627942   -0.313942   7.7577
-0.627942   -0.209276   9.7354
-0.627942   -0.104609   8.7751
-0.627942   5.75667e-05   100
-0.627942   0.104724   100
-0.627942   0.209391   100
-0.627942   0.314058   100
-0.627942   0.418724   100
-0.627942   0.523391   100
-0.627942   0.628058   100
-0.627942   0.732724   100
-0.627942   0.837391   100
-0.627942   0.942058   100
-0.627942   1.04672   100
-0.627942   1.15139   100
-0.627942   1.25606   100
-0.627942   1.36072   100
-0.627942   1.46539   8.3928
-0.627942   1.57006   8.1235
-0.627942   1.67472   7.5559
-0.627942   1.77939   7.7779
-0.627942   1.88406   6.9145
-0.627942   1.98872   6.4605
-0.627942   2.09339   6.8775
-0.627942   2.19806   6.5387
-0.627942   2.30272   6.2992
-0.627942   2.40739   6.5010
-0.627942   2.51206   6.9059
-0.627942   2.61672   6.9229
-0.627942   2.72139   6.9395
-0.627942   2.82606   8.2273
-0.627942   2.93072   9.7855
-0.627942   3.03539   100
-0.523276   -3.13994   100
-0.523276   -3.03528   100
-0.523276   -2.93061   100
-0.523276   -2.82594   100
-0.523276   -2.72128   100
-0.523276   -2.61661   100
-0.523276   -2.51194   100
-0.523276   -2.40728   100
-0.523276   -2.30261   100
-0.523276   -2.19794   100
-0.523276   -2.09328   100
-0.523276   -1.98861   100
-0.523276   -1.88394   100
-0.523276   -1.77928   100
-0.523276   -1.67461   100
-0.523276   -1.56994   100
-0.523276   -1.46528   100
-0.523276   -1.36061   7.3005
-0.523276   -1.25594   100
-0.523276   -1.15128   6.5983
-0.523276   -1.04661   6.1743
-0.523276   -0.941942   5.7928
-0.523276   -0.837276   5.7304
-0.523276   -0.732609   5.7976
-0.523276   -0.627942   6.0474
-0.523276   -0.523276   6.8342
-0.523276   -0.418609   7.7172
-0.523276   -0.313942   8.5192
-0.523276   -0.209276   100
-0.523276   -0.104609   100
-0.523276   5.75667e-05   100
-0.523276   0.104724   100
-0.523276   0.209391   100
-0.523276   0.314058   100
-0.523276   0.418724   100
-0.523276   0.523391   100
-0.523276   0.628058   100
-0.523276   0.732724   100
-0.523276   0.837391   100
-0.523276   0.942058   100
-0.523276   1.04672   100
-0.523276   1.15139   100
-0.523276   1.25606   100
-0.523276   1.36072   100
-0.523276   1.46539   8.8990
-0.523276   1.57006   100
-0.523276   1.67472   8.6589
-0.523276   1.77939   9.3035
-0.523276   1.88406   100
-0.523276   1.98872   8.2707
-0.523276   2.09339   9.3937
-0.523276   2.19806   7.9741
-0.523276   2.30272   7.1603
-0.523276   2.40739   7.3630
-0.523276   2.51206   7.2807
-0.523276   2.61672   100
-0.523276   2.72139   100
-0.523276   2.82606   8.6225
-0.523276   2.93072   100
-0.523276   3.03539   100
-0.418609   -3.13994   100
-0.418609   -3.03528   100
-0.418609   -2.93061   100
-0.418609   -2.82594   100
-0.418609   -2.72128   100
-0.418609   -2.61661   100
-0.418609   -2.51194   100
-0.418609   -2.40728   100
-0.418609   -2.30261   100
-0.418609   -2.19794   100
-0.418609   -2.09328   100
-0.418609   -1.98861   100
-0.418609   -1.88394   100
-0.418609   -1.77928   100
-0.418609   -1.67461   100
-0.418609   -1.56994   100
-0.418609   -1.46528   9.1939
-0.418609   -1.36061   9.2166
-0.418609   -1.25594   8.8229
-0.418609   -1.15128   7.8579
-0.418609   -1.04661   6.9454
-0.418609   -0.941942   7.2651
-0.418609   -0.837276   7.0211
-0.418609   -0.732609   8.5563
-0.418609   -0.627942   9.5527
-0.418609   -0.523276   8.5346
-0.418609   -0.418609   8.7859
-0.418609   -0.313942   100
-0.418609   -0.209276   100
-0.418609   -0.104609   100
-0.418609   5.75667e-05   100
-0.418609   0.104724   100
-0.418609   0.209391   100
-0.418609   0.314058   100
-0.418609   0.418724   100
-0.418609   0.523391   100
-0.418609   0.628058   100
-0.418609   0.732724   100
-0.418609   0.837391   100
-0.418609   0.942058   100
-0.418609   1.04672   100
-0.418609   1.15139   100
-0.418609   1.25606   100
-0.418609   1.36072   8.3946
-0.418609   1.46539   8.8067
-0.418609   1.57006   100
-0.418609   1.67472   100
-0.418609   1.77939   7.8787
-0.418609   1.88406   9.0680
-0.418609   1.98872   9.6177
-0.418609   2.09339   7.7552
-0.418609   2.19806   8.3231
-0.418609   2.30272   100
-0.418609   2.40739   100
-0.418609   2.51206   9.9644
-0.418609   2.61672   100
-0.418609   2.72139   100
-0.418609   2.82606   100
-0.418609   2.93072   100
-0.418609   3.03539   100
-0.313942   -3.13994   100
-0.313942   -3.03528   100
-0.313942   -2.93061   100
-0.313942   -2.82594   100
-0.313942   -2.72128   100
-0.313942   -2.61661   100
-0.313942   -2.51194   100
-0.313942   -2.40728   100
-0.313942   -2.30261   100
-0.313942   -2.19794   100
-0.313942   -2.09328   100
-0.313942   -1.98861   100
-0.313942   -1.88394   100
-0.313942   -1.77928   100
-0.313942   -1.67461   100
-0.313942   -1.56994   100
-0.313942   -1.46528   100
-0.313942   -1.36061   100
-0.313942   -1.25594   100
-0.313942   -1.15128   7.7025
-0.313942   -1.04661   7.1851
-0.313942   -0.941942   9.5575
-0.313942   -0.837276   100
-0.313942   -0.732609   9.5933
-0.313942   -0.627942   100
-0.313942   -0.523276   100
-0.313942   -0.418609   100
-0.313942   -0.313942   100
-0.313942   -0.209276   100
-0.313942   -0.104609   100
-0.313942   5.75667e-05   100
-0.313942   0.104724   100
-0.313942   0.209391   100
-0.313942   0.314058   100
-0.313942   0.418724   100
-0.313942   0.523391   100
-0.313942   0.628058   100
-0.313942   0.732724   100
-0.313942   0.837391   100
-0.313942   0.942058   100
-0.313942   1.04672   100
-0.313942   1.15139   100
-0.313942   1.25606   100
-0.313942   1.36072   100
-0.313942   1.46539   100
-0.313942   1.57006   10.1242
-0.313942   1.67472   8.3222
-0.313942   1.77939   100
-0.313942   1.88406   100
-0.313942   1.98872   100
-0.313942   2.09339   100
-0.313942   2.19806   100
-0.313942   2.30272   100
-0.313942   2.40739   100
-0.313942   2.51206   100
-0.313942   2.61672   100
-0.313942   2.72139   100
-0.313942   2.82606   100
-0.313942   2.93072   100
-0.313942   3.03539   100
-0.209276   -3.13994   100
-0.209276   -3.03528   100
-0.209276   -2.93061   100
-0.209276   -2.82594   100
-0.209276   -2.72128   100
-0.209276   -2.61661   100
-0.209276   -2.51194   100
-0.209276   -2.40728   100
-0.209276   -2.30261   100
-0.209276   -2.19794   100
-0.209276   -2.09328   100
-0.209276   -1.98861   100
-0.209276   -1.88394   100
-0.209276   -1.77928   100
-0.209276   -1.67461   100
-0.209276   -1.56994   100
-0.209276   -1.46528   100
-0.209276   -1.36061   100
-0.209276   -1.25594   100
-0.209276   -1.15128   7.8200
-0.209276   -1.04661   9.2404
-0.209276   -0.941942   8.7981
-0.209276   -0.837276   100
-0.209276   -0.732609   100
-0.209276   -0.627942   100
-0.209276   -0.523276   100
-0.209276   -0.418609   100
-0.209276   -0.313942   100
-0.209276   -0.209276   100
-0.209276   -0.104609   100
-0.209276   5.75667e-05   100
-0.209276   0.104724   100
-0.209276   0.209391   100
-0.209276   0.314058   100
-0.209276   0.418724   100
-0.209276   0.523391   100
-0.209276   0.628058   100
-0.209276   0.732724   100
-0.209276   0.837391   100
-0.209276   0.942058   100
-0.209276   1.04672   100
-0.209276   1.15139   10.0662
-0.209276   1.25606   100
-0.209276   1.36072   8.6948
-0.209276   1.46539   100
-0.209276   1.57006   100
-0.209276   1.67472   8.1242
-0.209276   1.77939   100
-0.209276   1.88406   100
-0.209276   1.98872   100
-0.209276   2.09339   9.3759
-0.209276   2.19806   100
-0.209276   2.30272   100
-0.209276   2.40739   100
-0.209276   2.51206   100
-0.209276   2.61672   100
-0.209276   2.72139   100
-0.209276   2.82606   100
-0.209276   2.93072   100
-0.209276   3.03539   100
-0.104609   -3.13994   100
-0.104609   -3.03528   100
-0.104609   -2.93061   100
-0.104609   -2.82594   100
-0.104609   -2.72128   100
-0.104609   -2.61661   100
-0.104609   -2.51194   100
-0.104609   -2.40728   100
-0.104609   -2.30261   100
-0.104609   -2.19794   100
-0.104609   -2.09328   100
-0.104609   -1.98861   100
-0.104609   -1.88394   100
-0.104609   -1.77928   100
-0.104609   -1.67461   100
-0.104609   -1.56994   100
-0.104609   -1.46528   100
-0.104609   -1.36061   100
-0.104609   -1.25594   100
-0.104609   -1.15128   100
-0.104609   -1.04661   100
-0.104609   -0.941942   100
-0.104609   -0.837276   9.7015
-0.104609   -0.732609   100
-0.104609   -0.627942   100
-0.104609   -0.523276   100
-0.104609   -0.418609   100
-0.104609   -0.313942   100
-0.104609   -0.209276   100
-0.104609   -0.104609   4.0726
-0.104609   5.75667e-05   100
-0.104609   0.104724   100
-0.104609   0.209391   100
-0.104609   0.314058   100
-0.104609   0.418724   100
-0.104609   0.523391   100
-0.104609   0.628058   100
-0.104609   0.732724   100
-0.104609   0.837391   100
-0.104609   0.942058   100
-0.104609   1.04672   8.5464
-0.104609   1.15139   9.0486
-0.104609   1.25606   8.4352
-0.104609   1.36072   100
-0.104609   1.46539   100
-0.104609   1.57006   100
-0.104609   1.67472   100
-0.104609   1.77939   100
-0.104609   1.88406   100
-0.104609   1.98872   100
-0.104609   2.09339   100
-0.104609   2.19806   100
-0.104609   2.30272   100
-0.104609   2.40739   100
-0.104609   2.51206   100
-0.104609   2.61672   100
-0.104609   2.72139   100
-0.104609   2.82606   100
-0.104609   2.93072   100
-0.104609   3.03539   100
5.75667e-05   -3.13994   100
5.75667e-05   -3.03528   100
5.75667e-05   -2.93061   100
5.75667e-05   -2.82594   100
5.75667e-05   -2.72128   100
5.75667e-05   -2.61661   100
5.75667e-05   -2.51194   100
5.75667e-05   -2.40728   100
5.75667e-05   -2.30261   100
5.75667e-05   -2.19794   100
5.75667e-05   -2.09328   100
5.75667e-05   -1.98861   100
5.75667e-05   -1.88394   100
5.75667e-05   -1.77928   100
5.75667e-05   -1.67461   9.3528
5.75667e-05   -1.56994   100
5.75667e-05   -1.46528   100
5.75667e-05   -1.36061   100
5.75667e-05   -1.25594   100
5.75667e-05   -1.15128   100
5.75667e-05   -1.04661   100
5.75667e-05   -0.941942   100
5.75667e-05   -0.837276   100
5.75667e-05   -0.732609   100
5.75667e-05   -0.627942   100
5.75667e-05   -0.523276   100
5.75667e-05   -0.418609   100
5.75667e-05   -0.313942   100
5.75667e-05   -0.209276   100
5.75667e-05   -0.104609   100
5.75667e-05   5.75667e-05   100
5.75667e-05   0.104724   100
5.75667e-05   0.209391   100
5.75667e-05   0.314058   100
5.75667e-05   0.418724   100
5.75667e-05   0.523391   100
5.75667e-05   0.628058   100
5.75667e-05   0.732724   100
5.75667e-05   0.837391   100
5.75667e-05   0.942058   100
5.75667e-05   1.04672   9.3820
5.75667e-05   1.15139   9.3343
5.75667e-05   1.25606   8.7360
5.75667e-05   1.36072   100
5.75667e-05   1.46539   100
5.75667e-05   1.57006   8.9335
5.75667e-05   1.67472   100
5.75667e-05   1.77939   100
5.75667e-05   1.88406   100
5.75667e-05   1.98872   100
5.75667e-05   2.09339   100
5.75667e-05   2.19806   100
5.75667e-05   2.30272   100
5.75667e-05   2.40739   100
5.75667e-05   2.51206   100
5.75667e-05   2.61672   100
5.75667e-05   2.72139   100
5.75667e-05   2.82606   100
5.75667e-05   2.93072   100
5.75667e-05   3.03539   100
0.104724   -3.13994   100
0.104724   -3.03528   100
0.104724   -2.93061   100
0.104724   -2.82594   100
0.104724   -2.72128   100
0.104724   -2.61661   100
0.104724   -2.51194   100
0.104724   -2.40728   100
0.104724   -2.30261   100
0.104724   -2.19794   100
0.104724   -2.09328   100
0.104724   -1.98861   100
0.104724   -1.88394   100
0.104724   -1.77928   9.1738
0.104724   -1.67461   100
0.104724   -1.56994   100
0.104724   -1.46528   100
0.104724   -1.36061   100
0.104724   -1.25594   100
0.104724   -1.15128   100
0.104724   -1.04661   100
0.104724   -0.941942   100
0.104724   -0.837276   100
0.104724   -0.732609   100
0.104724   -0.627942   100
0.104724   -0.523276   100
0.104724   -0.418609   100
0.104724   -0.313942   100
0.104724   -0.209276   100
0.104724   -0.104609   100
0.104724   5.75667e-05   100
0.104724   0.104724   100
0.104724   0.209391   100
0.104724   0.314058   100
0.104724   0.418724   100
0.104724   0.523391   100
0.104724   0.628058   100
0.104724   0.732724   100
0.104724   0.837391   100
0.104724   0.942058   8.8984
0.104724   1.04672   10.6840
0.104724   1.15139   9.7087
0.104724   1.25606   9.0704
0.104724   1.36072   100
0.104724   1.46539   100
0.104724   1.57006   100
0.104724   1.67472   100
0.104724   1.77939   100
0.104724   1.88406   9.0723
0.104724   1.98872   100
0.104724   2.09339   100
0.104724   2.19806   100
0.104724   2.30272   100
0.104724   2.40739   100
0.104724   2.51206   100
0.104724   2.61672   100
0.104724   2.72139   100
0.104724   2.82606   100
0.104724   2.93072   100
0.104724   3.03539   100
0.209391   -3.13994   100
0.209391   -3.03528   100
0.209391   -2.93061   100
0.209391   -2.82594   100
0.209391   -2.72128   100
0.209391   -2.61661   100
0.209391   -2.51194   100
0.209391   -2.40728   100
0.209391   -2.30261   100
0.209391   -2.19794   100
0.209391   -2.09328   100
0.209391   -1.98861   100
0.209391   -1.88394   100
0.209391   -1.77928   100
0.209391   -1.67461   100
0.209391   -1.56994   100
0.209391   -1.46528   100
0.209391   -1.36061   100
0.209391   -1.25594   100
0.209391   -1.15128   100
0.209391   -1.04661   100
0.209391   -0.941942   100
0.209391   -0.837276   100
0.209391   -0.732609   100
0.209391   -0.627942   100
0.209391   -0.523276   100
0.209391   -0.418609   100
0.209391   -0.313942   100
0.209391   -0.209276   100
0.209391   -0.104609   100
0.209391   5.75667e-05   100
0.209391   0.104724   100
0.209391   0.209391   100
0.209391   0.314058   100
0.209391   0.418724   100
0.209391   0.523391   100
0.209391   0.628058   9.5684
0.209391   0.732724   100
0.209391   0.837391   100
0.209391   0.942058   9.3491
0.209391   1.04672   100
0.209391   1.15139   8.6836
0.209391   1.25606   100
0.209391   1.36072   8.8221
0.209391   1.46539   100
0.209391   1.57006   100
0.209391   1.67472   9.0923
0.209391   1.77939   100
0.209391   1.88406   100
0.209391   1.98872   100
0.209391   2.09339   100
0.209391   2.19806   100
0.209391   2.30272   100
0.209391   2.40739   100
0.209391   2.51206   100
0.209391   2.61672   100
0.209391   2.72139   100
0.209391   2.82606   100
0.209391   2.93072   100
0.209391   3.03539   100
0.314058   -3.13994   100
0.314058   -3.03528   100
0.314058   -2.93061   100
0.314058   -2.82594   100
0.314058   -2.72128   100
0.314058   -2.61661   100
0.314058   -2.51194   100
0.314058   -2.40728   100
0.314058   -2.30261   100
0.314058   -2.19794   100
0.314058   -2.09328   100
0.314058   -1.98861   100
0.314058   -1.88394   100
0.314058   -1.77928   100
0.314058   -1.67461   100
0.314058   -1.56994   100
0.314058   -1.46528   100
0.314058   -1.36061   100
0.314058   -1.25594   100
0.314058   -1.15128   100
0.314058   -1.04661   100
0.314058   -0.941942   100
0.314058   -0.837276   100
0.314058   -0.732609   100
0.314058   -0.627942   100
0.314058   -0.523276   100
0.314058   -0.418609   100
0.314058   -0.313942   100
0.314058   -0.209276   100
0.314058   -0.104609   100
0.314058   5.75667e-05   100
0.314058   0.104724   100
0.314058   0.209391   100
0.314058   0.314058   100
0.314058   0.418724   100
0.314058   0.523391   8.5383
0.314058   0.628058   8.9464
0.314058   0.732724   7.9252
0.314058   0.837391   7.1617
0.314058   0.942058   7.9718
0.314058   1.04672   7.6221
0.314058   1.15139   8.8461
0.314058   1.25606   8.4664
0.314058   1.36072   8.9148
0.314058   1.46539   100
0.314058   1.57006   100
0.314058   1.67472   100
0.314058   1.77939   100
0.314058   1.88406   100
0.314058   1.98872   100
0.314058   2.09339   100
0.314058   2.19806   100
0.314058   2.30272   100
0.314058   2.40739   100
0.314058   2.51206   100
0.314058   2.61672   100
0.314058   2.72139   100
0.314058   2.82606   100
0.314058   2.93072   100
0.314058   3.03539   100
0.418724   -3.13994   100
0.418724   -3.03528   100
0.418724   -2.93061   100
0.418724   -2.82594   100
0.418724   -2.72128   100
0.418724   -2.61661   100
0.418724   -2.51194   100
0.418724   -2.40728   9.0639
0.418724   -2.30261   100
0.418724   -2.19794   100
0.418724   -2.09328   100
0.418724   -1.98861   100
0.418724   -1.88394   100
0.418724   -1.77928   100
0.418724   -1.67461   100
0.418724   -1.56994   9.2688
0.418724   -1.46528   100
0.418724   -1.36061   100
0.418724   -1.25594   100
0.418724   -1.15128   100
0.418724   -1.04661   100
0.418724   -0.941942   100
0.418724   -0.837276   100
0.418724   -0.732609   100
0.418724   -0.627942   100
0.418724   -0.523276   100
0.418724   -0.418609   100
0.418724   -0.313942   100
0.418724   -0.209276   100
0.418724   -0.104609   100
0.418724   5.75667e-05   100
0.418724   0.104724   100
0.418724   0.209391   8.7314
0.418724   0.314058   9.5355
0.418724   0.418724   7.1553
0.418724   0.523391   7.7107
0.418724   0.628058   7.7271
0.418724   0.732724   6.7178
0.418724   0.837391   6.5999
0.418724   0.942058   7.1329
0.418724   1.04672   7.0028
0.418724   1.15139   6.8569
0.418724   1.25606   100
0.418724   1.36072   8.4140
0.418724   1.46539   8.3527
0.418724   1.57006   8.8435
0.418724   1.67472   100
0.418724   1.77939   100
0.418724   1.88406   100
0.418724   1.98872   100
0.418724   2.09339   100
0.418724   2.19806   100
0.418724   2.30272   100
0.418724   2.40739   100
0.418724   2.51206   100
0.418724   2.61672   100
0.418724   2.72139   100
0.418724   2.82606   100
0.418724   2.93072   100
0.418724   3.03539   100
0.523391   -3.13994   100
0.523391   -3.03528   100
0.523391   -2.93061   100
0.523391   -2.82594   100
0.523391   -2.72128   100
0.523391   -2.61661   100
0.523391   -2.51194   100
0.523391   -2.40728   100
0.523391   -2.30261   100
0.523391   -2.19794   100
0.523391   -2.09328   100
0.523391   -1.98861   100
0.523391   -1.88394   100
0.523391   -1.77928   100
0.523391   -1.67461   100
0.523391   -1.56994   100
0.523391   -1.46528   100
0.523391   -1.36061   8.8895
0.523391   -1.25594   100
0.523391   -1.15128   100
0.523391   -1.04661   100
0.523391   -0.941942   100
0.523391   -0.837276   100
0.523391   -0.732609   100
0.523391   -0.627942   100
0.523391   -0.523276   100
0.523391   -0.418609   100
0.523391   -0.313942   100
0.523391   -0.209276   100
0.523391   -0.104609   8.3704
0.523391   5.75667e-05   9.1611
0.523391   0.104724   9.7871
0.523391   0.209391   7.5837
0.523391   0.314058   7.8378
0.523391   0.418724   6.6728
0.523391   0.523391   5.8720
0.523391   0.628058   5.9566
0.523391   0.732724   5.7763
0.523391   0.837391   5.7483
0.523391   0.942058   6.1585
0.523391   1.04672   6.1027
0.523391   1.15139   6.9671
0.523391   1.25606   7.5987
0.523391   1.36072   100
0.523391   1.46539   9.6025
0.523391   1.57006   8.6281
0.523391   1.67472   100
0.523391   1.77939   100
0.523391   1.88406   100
0.523391   1.98872   100
0.523391   2.09339   100
0.523391   2.19806   100
0.523391   2.30272   100
0.523391   2.40739   100
0.523391   2.51206   100
0.523391   2.61672   100
0.523391   2.72139   100
0.523391   2.82606   100
0.523391   2.93072   100
0.523391   3.03539   100
0.628058   -3.13994   100
0.628058   -3.03528   100
0.628058   -2.93061   100
0.628058   -2.82594   9.1046
0.628058   -2.72128   100
0.628058   -2.61661   100
0.628058   -2.51194   100
0.628058   -2.40728   8.7886
0.628058   -2.30261   100
0.628058   -2.19794   100
0.628058   -2.09328   100
0.628058   -1.98861   9.8722
0.628058   -1.88394   100
0.628058   -1.77928   100
0.628058   -1.67461   9.5900
0.628058   -1.56994   100
0.628058   -1.46528   100
0.628058   -1.36061   100
0.628058   -1.25594   100
0.628058   -1.15128   100
0.628058   -1.04661   100
0.628058   -0.941942   100
0.628058   -0.837276   100
0.628058   -0.732609   100
0.628058   -0.627942   100
0.628058   -0.523276   8.5228
0.628058   -0.418609   100
0.628058   -0.313942   8.7772
0.628058   -0.209276   7.6457
0.628058   -0.104609   7.9054
0.628058   5.75667e-05   7.8105
0.628058   0.104724   6.4289
0.628058   0.209391   6.5619
0.628058   0.314058   6.0665
0.628058   0.418724   5.6808
0.628058   0.523391   5.1941
0.628058   0.628058   5.1313
0.628058   0.732724   5.2823
0.628058   0.837391   5.3961
0.628058   0.942058   5.9916
0.628058   1.04672   6.5718
0.628058   1.15139   7.1963
0.628058   1.25606   7.5578
0.628058   1.36072   100
0.628058   1.46539   8.3540
0.628058   1.57006   10.8676
0.628058   1.67472   8.7069
0.628058   1.77939   100
0.628058   1.88406   100
0.628058   1.98872   9.0997
0.628058   2.09339   100
0.628058   2.19806   100
0.628058   2.30272   100
0.628058   2.40739   100
0.628058   2.51206   100
0.628058   2.61672   100
0.628058   2.72139   100
0.628058   2.82606   100
0.628058   2.93072   100
0.628058   3.03539   100
0.732724   -3.13994   100
0.732724   -3.03528   9.7342
0.732724   -2.93061   100
0.732724   -2.82594   100
0.732724   -2.72128   9.5311
0.732724   -2.61661   100
0.732724   -2.51194   100
0.732724   -2.40728   100
0.732724   -2.30261   100
0.732724   -2.19794   100
0.732724   -2.09328   100
0.732724   -1.98861   9.5595
0.732724   -1.88394   100
0.732724   -1.77928   9.8302
0.732724   -1.67461   100
0.732724   -1.56994   100
0.732724   -1.46528   100
0.732724   -1.36061   100
0.732724   -1.25594   100
0.732724   -1.15128   8.1253
0.732724   -1.04661   100
0.732724   -0.941942   100
0.732724   -0.837276   100
0.732724   -0.732609   100
0.732724   -0.627942   100
0.732724   -0.523276   8.0790
0.732724   -0.418609   8.3041
0.732724   -0.313942   8.6566
0.732724   -0.209276   7.2033
0.732724   -0.104609   6.7124
0.732724   5.75667e-05   7.2002
0.732724   0.104724   5.8504
0.732724   0.209391   5.5090
0.732724   0.314058   5.1130
0.732724   0.418724   4.7972
0.732724   0.523391   4.4030
0.732724   0.628058   4.4227
0.732724   0.732724   4.8101
0.732724   0.837391   5.3852
0.732724   0.942058   5.5635
0.732724   1.04672   6.6654
0.732724   1.15139   7.2612
0.732724   1.25606   8.6619
0.732724   1.36072   9.8148
0.732724   1.46539   100
0.732724   1.57006   100
0.732724   1.67472   100
0.732724   1.77939   100
0.732724   1.88406   100
0.732724   1.98872   100
0.732724   2.09339   100
0.732724   2.19806   100
0.732724   2.30272   100
0.732724   2.40739   100
0.732724   2.51206   100
0.732724   2.61672   100
0.732724   2.72139   100
0.732724   2.82606   100
0.732724   2.93072   100
0.732724   3.03539   100
0.837391   -3.13994   100
0.837391   -3.03528   100
0.837391   -2.93061   10.3955
0.837391   -2.82594   100
0.837391   -2.72128   100
0.837391   -2.61661   100
0.837391   -2.51194   8.8371
0.837391   -2.40728   8.7091
0.837391   -2.30261   100
0.837391   -2.19794   100
0.837391   -2.09328   100
0.837391   -1.98861   100
0.837391   -1.88394   100
0.837391   -1.77928   10.6606
0.837391   -1.67461   100
0.837391   -1.56994   100
0.837391   -1.46528   100
0.837391   -1.36061   100
0.837391   -1.25594   8.7021
0.837391   -1.15128   100
0.837391   -1.04661   9.5287
0.837391   -0.941942   8.6266
0.837391   -0.837276   100
0.837391   -0.732609   7.6704
0.837391   -0.627942   9.5388
0.837391   -0.523276   7.9016
0.837391   -0.418609   7.3754
0.837391   -0.313942   6.8735
0.837391   -0.209276   6.8509
0.837391   -0.104609   6.5191
0.837391   5.75667e-05   5.6558
0.837391   0.104724   4.8622
0.837391   0.209391   5.0471
0.837391   0.314058   4.5215
0.837391   0.418724   4.4539
0.837391   0.523391   4.4477
0.837391   0.628058   4.5173
0.837391   0.732724   5.0343
0.837391   0.837391   5.7525
0.837391   0.942058   6.1555
0.837391   1.04672   6.3831
0.837391   1.15139   7.7172
0.837391   1.25606   8.2743
0.837391   1.36072   8.8095
0.837391   1.46539   8.5966
0.837391   1.57006   100
0.837391   1.67472   100
0.837391   1.77939   100
0.837391   1.88406   100
0.837391   1.98872   100
0.837391   2.09339   100
0.837391   2.19806   100
0.837391   2.30272   100
0.837391   2.40739   100
0.837391   2.51206   100
0.837391   2.61672   100
0.837391   2.72139   100
0.837391   2.82606   8.8592
0.837391   2.93072   8.7049
0.837391   3.03539   100
0.942058   -3.13994   100
0.942058   -3.03528   100
0.942058   -2.93061   8.3887
0.942058   -2.82594   100
0.942058   -2.72128   100
0.942058   -2.61661   100
0.942058   -2.51194   8.5990
0.942058   -2.40728   100
0.942058   -2.30261   100
0.942058   -2.19794   9.6338
0.942058   -2.09328   100
0.942058   -1.98861   100
0.942058   -1.88394   100
0.942058   -1.77928   100
0.942058   -1.67461   100
0.942058   -1.56994   100
0.942058   -1.46528   100
0.942058   -1.36061   100
0.942058   -1.25594   100
0.942058   -1.15128   8.0960
0.942058   -1.04661   100
0.942058   -0.941942   8.4883
0.942058   -0.837276   8.5532
0.942058   -0.732609   7.8099
0.942058   -0.627942   7.1426
0.942058   -0.523276   6.9272
0.942058   -0.418609   6.6922
0.942058   -0.313942   6.4005
0.942058   -0.209276   6.3158
0.942058   -0.104609   5.4437
0.942058   5.75667e-05   5.2764
0.942058   0.104724   4.8495
0.942058   0.209391   4.6210
0.942058   0.314058   4.5775
0.942058   0.418724   4.6595
0.942058   0.523391   4.7488
0.942058   0.628058   4.8104
0.942058   0.732724   5.2797
0.942058   0.837391   6.0777
0.942058   0.942058   6.5976
0.942058   1.04672   6.9046
0.942058   1.15139   8.2711
0.942058   1.25606   9.5057
0.942058   1.36072   10.2776
0.942058   1.46539   100
0.942058   1.57006   100
0.942058   1.67472   100
0.942058   1.77939   100
0.942058   1.88406   100
0.942058   1.98872   100
0.942058   2.09339   100
0.942058   2.19806   100
0.942058   2.30272   100
0.942058   2.40739   100
0.942058   2.51206   100
0.942058   2.61672   100
0.942058   2.72139   9.3722
0.942058   2.82606   9.8532
0.942058   2.93072   100
0.942058   3.03539   100
1.04672   -3.13994   9.5853
1.04672   -3.03528   100
1.04672   -2.93061   100
1.04672   -2.82594   9.6989
1.04672   -2.72128   9.8465
1.04672   -2.61661   10.1244
1.04672   -2.51194   100
1.04672   -2.40728   100
1.04672   -2.30261   100
1.04672   -2.19794   10.5841
1.04672   -2.09328   100
1.04672   -1.98861   100
1.04672   -1.88394   100
1.04672   -1.77928   100
1.04672   -1.67461   100
1.04672   -1.56994   100
1.04672   -1.46528   100
1.04672   -1.36061   8.8415
1.04672   -1.25594   100
1.04672   -1.15128   8.9608
1.04672   -1.04661   8.2420
1.04672   -0.941942   8.7322
1.04672   -0.837276   100
1.04672   -0.732609   6.3908
1.04672   -0.627942   7.4375
1.04672   -0.523276   6.7000
1.04672   -0.418609   6.0497
1.04672   -0.313942   6.2899
1.04672   -0.209276   6.0076
1.04672   -0.104609   5.4545
1.04672   5.75667e-05   5.1281
1.04672   0.104724   5.1654
1.04672   0.209391   4.6537
1.04672   0.314058   4.7842
1.04672   0.418724   4.8380
1.04672   0.523391   5.3433
1.04672   0.628058   6.1828
1.04672   0.732724   6.3647
1.04672   0.837391   7.3724
1.04672   0.942058   7.8270
1.04672   1.04672   7.7578
1.04672   1.15139   100
1.04672   1.25606   100
1.04672   1.36072   100
1.04672   1.46539   100
1.04672   1.57006   100
1.04672   1.67472   100
1.04672   1.77939   100
1.04672   1.88406   100
1.04672   1.98872   100
1.04672   2.09339   100
1.04672   2.19806   100
1.04672   2.30272   100
1.04672   2.40739   100
1.04672   2.51206   100
1.04672   2.61672   8.9332
1.04672   2.72139   100
1.04672   2.82606   100
1.04672   2.93072   9.7261
1.04672   3.03539   9.4796
1.15139   -3.13994   100
1.15139   -3.03528   100
1.15139   -2.93061   100
1.15139   -2.82594   100
1.15139   -2.72128   10.0492
1.15139   -2.61661   100
1.15139   -2.51194   100
1.15139   -2.40728   100
1.15139   -2.30261   100
1.15139   -2.19794   100
1.15139   -2.09328   100
1.15139   -1.98861   100
1.15139   -1.88394   100
1.15139   -1.77928   100
1.15139   -1.67461   100
1.15139   -1.56994   100
1.15139   -1.46528   100
1.15139   -1.36061   100
1.15139   -1.25594   10.3119
1.15139   -1.15128   9.1176
1.15139   -1.04661   8.6210
1.15139   -0.941942   10.5095
1.15139   -0.837276   100
1.15139   -0.732609   8.0637
1.15139   -0.627942   7.2152
1.15139   -0.523276   6.7554
1.15139   -0.418609   6.2903
1.15139   -0.313942   5.9081
1.15139   -0.209276   5.9523
1.15139   -0.104609   5.3066
1.15139   5.75667e-05   5.6156
1.15139   0.104724   5.4761
1.15139   0.209391   5.0524
1.15139   0.314058   5.7877
1.15139   0.418724   5.7230
1.15139   0.523391   6.0254
1.15139   0.628058   6.8605
1.15139   0.732724   8.3340
1.15139   0.837391   100
1.15139   0.942058   7.5064
1.15139   1.04672   8.6331
1.15139   1.15139   100
1.15139   1.25606   100
1.15139   1.36072   100
1.15139   1.46539   100
1.15139   1.57006   100
1.15139   1.67472   100
1.15139   1.77939   100
1.15139   1.88406   100
1.15139   1.98872   100
1.15139   2.09339   100
1.15139   2.19806   100
1.15139   2.30272   100
1.15139   2.40739   100
1.15139   2.51206   100
1.15139   2.61672   100
1.15139   2.72139   100
1.15139   2.82606   100
1.15139   2.93072   100
1.15139   3.03539   100
1.25606   -3.13994   100
1.25606   -3.03528   100
1.25606   -2.93061   100
1.25606   -2.82594   100
1.25606   -2.72128   100
1.25606   -2.61661   100
1.25606   -2.51194   100
1.25606   -2.40728   100
1.25606   -2.30261   100
1.25606   -2.19794   100
1.25606   -2.09328   100
1.25606   -1.98861   100
1.25606   -1.88394   100
1.25606   -1.77928   100
1.25606   -1.67461   100
1.25606   -1.56994   100
1.25606   -1.46528   100
1.25606   -1.36061   100
1.25606   -1.25594   100
1.25606   -1.15128   8.9016
1.25606   -1.04661   8.9584
1.25606   -0.941942   9.3333
1.25606   -0.837276   7.5413
1.25606   -0.732609   8.1599
1.25606   -0.627942   7.2505
1.25606   -0.523276   9.8646
1.25606   -0.418609   7.1730
1.25606   -0.313942   7.1952
1.25606   -0.209276   6.2701
1.25606   -0.104609   6.3155
1.25606   5.75667e-05   5.7422
1.25606   0.104724   6.3532
1.25606   0.209391   6.3941
1.25606   0.314058   7.4847
1.25606   0.418724   7.3931
1.25606   0.523391   6.5595
1.25606   0.628058   6.9602
1.25606   0.732724   7.8608
1.25606   0.837391   9.2721
1.25606   0.942058   100
1.25606   1.04672   100
1.25606   1.15139   100
1.25606   1.25606   100
1.25606   1.36072   100
1.25606   1.46539   100
1.25606   1.57006   100
1.25606   1.67472   100
1.25606   1.77939   100
1.25606   1.88406   100
1.25606   1.98872   100
1.25606   2.09339   100
1.25606   2.19806   100
1.25606   2.30272   100
1.25606   2.40739   100
1.25606   2.51206   100
1.25606   2.61672   100
1.25606   2.72139   100
1.25606   2.82606   100
1.25606   2.93072   100
1.25606   3.03539   100
1.36072   -3.13994   100
1.36072   -3.03528   100
1.36072   -2.93061   100
1.36072   -2.82594   100
1.36072   -2.72128   100
1.36072   -2.61661   100
1.36072   -2.51194   100
1.36072   -2.40728   100
1.36072   -2.30261   100
1.36072   -2.19794   100
1.36072   -2.09328   100
1.36072   -1.98861   100
1.36072   -1.88394   100
1.36072   -1.77928   100
1.36072   -1.67461   100
1.36072   -1.56994   100
1.36072   -1.46528   100
1.36072   -1.36061   100
1.36072   -1.25594   100
1.36072   -1.15128   100
1.36072   -1.04661   8.8967
1.36072   -0.941942   7.7111
1.36072   -0.837276   9.4702
1.36072   -0.732609   8.4040
1.36072   -0.627942   8.3555
1.36072   -0.523276   8.3801
1.36072   -0.418609   8.0648
1.36072   -0.313942   7.4171
1.36072   -0.209276   7.1532
1.36072   -0.104609   7.8149
1.36072   5.75667e-05   6.6702
1.36072   0.104724   6.7448
1.36072   0.209391   7.0112
1.36072   0.314058   7.3529
1.36072   0.418724   7.8505
1.36072   0.523391   8.6385
1.36072   0.628058   100
1.36072   0.732724   100
1.36072   0.837391   8.3627
1.36072   0.942058   100
1.36072   1.04672   100
1.36072   1.15139   100
1.36072   1.25606   100
1.36072   1.36072   100
1.36072   1.46539   100
1.36072   1.57006   100
1.36072   1.67472   100
1.36072   1.77939   100
1.36072   1.88406   100
1.36072   1.98872   100
1.36072   2.09339   100
1.36072   2.19806   100
1.36072   2.30272   100
1.36072   2.40739   100
1.36072   2.51206   100
1.36072   2.61672   100
1.36072   2.72139   100
1.36072   2.82606   100
1.36072   2.93072   100
1.36072   3.03539   100
1.46539   -3.13994   100
1.46539   -3.03528   100
1.46539   -2.93061   100
1.46539   -2.82594   100
1.46539   -2.72128   100
1.46539   -2.61661   100
1.46539   -2.51194   100
1.46539   -2.40728   100
1.46539   -2.30261   100
1.46539   -2.19794   100
1.46539   -2.09328   100
1.46539   -1.98861   100
1.46539   -1.88394   100
1.46539   -1.77928   100
1.46539   -1.67461   100
1.46539   -1.56994   100
1.46539   -1.46528   100
1.46539   -1.36061   100
1.46539   -1.25594   100
1.46539   -1.15128   100
1.46539   -1.04661   100
1.46539   -0.941942   9.5387
1.46539   -0.837276   100
1.46539   -0.732609   9.2486
1.46539   -0.627942   8.4042
1.46539   -0.523276   7.9212
1.46539   -0.418609   8.4594
1.46539   -0.313942   7.8908
1.46539   -0.209276   8.3520
1.46539   -0.104609   7.8652
1.46539   5.75667e-05   7.6495
1.46539   0.104724   7.4272
1.46539   0.209391   7.8908
1.46539   0.314058   100
1.46539   0.418724   8.7471
1.46539   0.523391   100
1.46539   0.628058   100
1.46539   0.732724   8.9023
1.46539   0.837391   100
1.46539   0.942058   100
1.46539   1.04672   100
1.46539   1.15139   100
1.46539   1.25606   100
1.46539   1.36072   100
1.46539   1.46539   100
1.46539   1.57006   100
1.46539   1.67472   100
1.46539   1.77939   100
1.46539   1.88406   100
1.46539   1.98872   100
1.46539   2.09339   100
1.46539   2.19806   100
1.46539   2.30272   100
1.46539   2.40739   100
1.46539   2.51206   100
1.46539   2.61672   100
1.46539   2.72139   100
1.46539   2.82606   100
1.46539   2.93072   100
1.46539   3.03539   100
1.57006   -3.13994   100
1.57006   -3.03528   100
1.57006   -2.93061   100
1.57006   -2.82594   100
1.57006   -2.72128   100
1.57006   -2.61661   100
1.57006   -2.51194   100
1.57006   -2.40728   100
1.57006   -2.30261   100
1.57006   -2.19794   100
1.57006   -2.09328   100
1.57006   -1.98861   100
1.57006   -1.88394   100
1.57006   -1.77928   100
1.57006   -1.67461   100
1.57006   -1.56994   100
1.57006   -1.46528   100
1.57006   -1.36061   100
1.57006   -1.25594   100
1.57006   -1.15128   100
1.57006   -1.04661   100
1.57006   -0.941942   100
1.57006   -0.837276   100
1.57006   -0.732609   8.6190
1.57006   -0.627942   8.8204
1.57006   -0.523276   100
1.57006   -0.418609   8.9904
1.57006   -0.313942   8.1319
1.57006   -0.209276   8.1386
1.57006   -0.104609   7.9949
1.57006   5.75667e-05   8.0841
1.57006   0.104724   8.8712
1.57006   0.209391   100
1.57006   0.314058   100
1.57006   0.418724   9.4713
1.57006   0.523391   100
1.57006   0.628058   100
1.57006   0.732724   100
1.57006   0.837391   100
1.57006   0.942058   100
1.57006   1.04672   100
1.57006   1.15139   100
1.57006   1.25606   100
1.57006   1.36072   100
1.57006   1.46539   100
1.57006   1.57006   100
1.57006   1.67472   100
1.57006   1.77939   100
1.57006   1.88406   100
1.57006   1.98872   100
1.57006   2.09339   100
1.57006   2.19806   100
1.57006   2.30272   100
1.57006   2.40739   100
1.57006   2.51206   100
1.57006   2.61672   100
1.57006   2.72139   100
1.57006   2.82606   100
1.57006   2.93072   100
1.57006   3.03539   100
1.67472   -3.13994   100
1.67472   -3.03528   100
1.67472   -2.93061   100
1.67472   -2.82594   100
1.67472   -2.72128   100
1.67472   -2.61661   100
1.67472   -2.51194   100
1.67472   -2.40728   100
1.67472   -2.30261   100
1.67472   -2.19794   100
1.67472   -2.09328   100
1.67472   -1.98861   100
1.67472   -1.88394   100
1.67472   -1.77928   100
1.67472   -1.67461   100
1.67472   -1.56994   100
1.67472   -1.46528   100
1.67472   -1.36061   100
1.67472   -1.25594   100
1.67472   -1.15128   100
1.67472   -1.04661   100
1.67472   -0.941942   100
1.67472   -0.837276   100
1.67472   -0.732609   100
1.67472   -0.627942   100
1.67472   -0.523276   100
1.67472   -0.418609   9.3376
1.67472   -0.313942   7.9358
1.67472   -0.209276   100
1.67472   -0.104609   8.9913
1.67472   5.75667e-05   100
1.67472   0.104724   9.1362
1.67472   0.209391   9.1368
1.67472   0.314058   100
1.67472   0.418724   100
1.67472   0.523391   100
1.67472   0.628058   100
1.67472   0.732724   100
1.67472   0.837391   100
1.67472   0.942058   100
1.67472   1.04672   100
1.67472   1.15139   100
1.67472   1.25606   100
1.67472   1.36072   100
1.67472   1.46539   100
1.67472   1.57006   100
1.67472   1.67472   100
1.67472   1.77939   100
1.67472   1.88406   100
1.67472   1.98872   100
1.67472   2.09339   100
1.67472   2.19806   100
1.67472   2.30272   100
1.67472   2.40739   100
1.67472   2.51206   100
1.67472   2.61672   100
1.67472   2.72139   100
1.67472   2.82606   100
1.67472   2.93072   100
1.67472   3.03539   100
1.77939   -3.13994   100
1.77939   -3.03528   100
1.77939   -2.93061   100
1.77939   -2.82594   100
1.77939   -2.72128   100
1.77939   -2.61661   100
1.77939   -2.51194   100
1.77939   -2.40728   100
1.77939   -2.30261   100
1.77939   -2.19794   100
1.77939   -2.09328   100
1.77939   -1.98861   100
1.77939   -1.88394   100
1.77939   -1.77928   100
1.77939   -1.67461   100
1.77939   -1.56994   100
1.77939   -1.46528   100
1.77939   -1.36061   100
1.77939   -1.25594   100
1.77939   -1.15128   100
1.77939   -1.04661   100
1.77939   -0.941942   100
1.77939   -0.837276   100
1.77939   -0.732609   9.1200
1.77939   -0.627942   100
1.77939   -0.523276   100
1.77939   -0.418609   9.5730
1.77939   -0.313942   9.7568
1.77939   -0.209276   100
1.77939   -0.104609   9.0588
1.77939   5.75667e-05   100
1.77939   0.104724   100
1.77939   0.209391   100
1.77939   0.314058   9.7542
1.77939   0.418724   100
1.77939   0.523391   100
1.77939   0.628058   100
1.77939   0.732724   100
1.77939   0.837391   100
1.77939   0.942058   100
1.77939   1.04672   100
1.77939   1.15139   100
1.77939   1.25606   100
1.77939   1.36072   100
1.77939   1.46539   100
1.77939   1.57006   100
1.77939   1.67472   100
1.77939   1.77939   100
1.77939   1.88406   100
1.77939   1.98872   100
1.77939   2.09339   100
1.77939   2.19806   100
1.77939   2.30272   100
1.77939   2.40739   100
1.77939   2.51206   100
1.77939   2.61672   100
1.77939   2.72139   100
1.77939   2.82606   100
1.77939   2.93072   100
1.77939   3.03539   100
1.88406   -3.13994   100
1.88406   -3.03528   100
1.88406   -2.93061   100
1.88406   -2.82594   100
1.88406   -2.72128   100
1.88406   -2.61661   100
1.88406   -2.51194   100
1.88406   -2.40728   100
1.88406   -2.30261   100
1.88406   -2.19794   100
1.88406   -2.09328   100
1.88406   -1.98861   100
1.88406   -1.88394   100
1.88406   -1.77928   100
1.88406   -1.67461   100
1.88406   -1.56994   100
1.88406   -1.46528   100
1.88406   -1.36061   100
1.88406   -1.25594   100
1.88406   -1.15128   100
1.88406   -1.04661   100
1.88406   -0.941942   100
1.88406   -0.837276   100
1.88406   -0.732609   100
1.88406   -0.627942   100
1.88406   -0.523276   9.6650
1.88406   -0.418609   100
1.88406   -0.313942   100
1.88406   -0.209276   8.7325
1.88406   -0.104609   9.5212
1.88406   5.75667e-05   100
1.88406   0.104724   8.9316
1.88406   0.209391   100
1.88406   0.314058   9.7419
1.88406   0.418724   100
1.88406   0.523391   100
1.88406   0.628058   100
1.88406   0.732724   100
1.88406   0.837391   100
1.88406   0.942058   100
1.88406   1.04672   100
1.88406   1.15139   100
1.88406   1.25606   100
1.88406   1.36072   100
1.88406   1.46539   100
1.88406   1.57006   100
1.88406   1.67472   100
1.88406   1.77939   100
1.88406   1.88406   100
1.88406   1.98872   100
1.88406   2.09339   100
1.88406   2.19806   100
1.88406   2.30272   100
1.88406   2.40739   100
1.88406   2.51206   100
1.88406   2.61672   100
1.88406   2.72139   100
1.88406   2.82606   100
1.88406   2.93072   100
1.88406   3.03539   100
1.98872   -3.13994   100
1.98872   -3.03528   100
1.98872   -2.93061   100
1.98872   -2.82594   100
1.98872   -2.72128   100
1.98872   -2.61661   100
1.98872   -2.51194   100
1.98872   -2.40728   100
1.98872   -2.30261   100
1.98872   -2.19794   100
1.98872   -2.09328   100
1.98872   -1.98861   100
1.98872   -1.88394   100
1.98872   -1.77928   100
1.98872   -1.67461   100
1.98872   -1.56994   100
1.98872   -1.46528   100
1.98872   -1.36061   100
1.98872   -1.25594   100
1.98872   -1.15128   100
1.98872   -1.04661   100
1.98872   -0.941942   100
1.98872   -0.837276   100
1.98872   -0.732609   9.1390
1.98872   -0.627942   100
1.98872   -0.523276   9.1618
1.98872   -0.418609   100
1.98872   -0.313942   100
1.98872   -0.209276   100
1.98872   -0.104609   100
1.98872   5.75667e-05   100
1.98872   0.104724   100
1.98872   0.209391   100
1.98872   0.314058   100
1.98872   0.418724   100
1.98872   0.523391   100
1.98872   0.628058   100
1.98872   0.732724   100
1.98872   0.837391   100
1.98872   0.942058   100
1.98872   1.04672   100
1.98872   1.15139   100
1.98872   1.25606   100
1.98872   1.36072   100
1.98872   1.46539   100
1.98872   1.57006   100
1.98872   1.67472   100
1.98872   1.77939   100
1.98872   1.88406   100
1.98872   1.98872   100
1.98872   2.09339   100
1.98872   2.19806   100
1.98872   2.30272   100
1.98872   2.40739   100
1.98872   2.51206   100
1.98872   2.61672   100
1.98872   2.72139   100
1.98872   2.82606   100
1.98872   2.93072   100
1.98872   3.03539   100
2.09339   -3.13994   100
2.09339   -3.03528   100
2.09339   -2.93061   100
2.09339   -2.82594   100
2.09339   -2.72128   100
2.09339   -2.61661   100
2.09339   -2.51194   100
2.09339   -2.40728   100
2.09339   -2.30261   100
2.09339   -2.19794   100
2.09339   -2.09328   100
2.09339   -1.98861   100
2.09339   -1.88394   100
2.09339   -1.77928   100
2.09339   -1.67461   100
2.09339   -1.56994   100
2.09339   -1.46528   100
2.09339   -1.36061   100
2.09339   -1.25594   100
2.09339   -1.15128   100
2.09339   -1.04661   100
2.09339   -0.941942   100
2.09339   -0.837276   100
2.09339   -0.732609   100
2.09339   -0.627942   100
2.09339   -0.523276   8.9684
2.09339   -0.418609   100
2.09339   -0.313942   100
2.09339   -0.209276   8.5454
2.09339   -0.104609   100
2.09339   5.75667e-05   100
2.09339   0.104724   100
2.09339   0.209391   100
2.09339   0.314058   100
2.09339   0.418724   100
2.09339   0.523391   100
2.09339   0.628058   100
2.09339   0.732724   100
2.09339   0.837391   100
2.09339   0.942058   100
2.09339   1.04672   100
2.09339   1.15139   100
2.09339   1.25606   100
2.09339   1.36072   100
2.09339   1.46539   100
2.09339   1.57006   100
2.09339   1.67472   100
2.09339   1.77939   100
2.09339   1.88406   100
2.09339   1.98872   100
2.09339   2.09339   100
2.09339   2.19806   100
2.09339   2.30272   100
2.09339   2.40739   100
2.09339   2.51206   100
2.09339   2.61672   100
2.09339   2.72139   100
2.09339   2.82606   100
2.09339   2.93072   100
2.09339   3.03539   100
2.19806   -3.13994   100
2.19806   -3.03528   100
2.19806   -2.93061   100
2.19806   -2.82594   100
2.19806   -2.72128   100
2.19806   -2.61661   100
2.19806   -2.51194   100
2.19806   -2.40728   100
2.19806   -2.30261   100
2.19806   -2.19794   100
2.19806   -2.09328   100
2.19806   -1.98861   100
2.19806   -1.88394   100
2.19806   -1.77928   100
2.19806   -1.67461   100
2.19806   -1.56994   100
2.19806   -1.46528   100
2.19806   -1.36061   100
2.19806   -1.25594   100
2.19806   -1.15128   100
2.19806   -1.04661   100
2.19806   -0.941942   100
2.19806   -0.837276   100
2.19806   -0.732609   9.2758
2.19806   -0.627942   100
2.19806   -0.523276   100
2.19806   -0.418609   8.4294
2.19806   -0.313942   8.3293
2.19806   -0.209276   9.4610
2.19806   -0.104609   100
2.19806   5.75667e-05   100
2.19806   0.104724   8.8037
2.19806   0.209391   100
2.19806   0.314058   100
2.19806   0.418724   100
2.19806   0.523391   100
2.19806   0.628058   100
2.19806   0.732724   100
2.19806   0.837391   100
2.19806   0.942058   100
2.19806   1.04672   100
2.19806   1.15139   100
2.19806   1.25606   100
2.19806   1.36072   100
2.19806   1.46539   100
2.19806   1.57006   100
2.19806   1.67472   100
2.19806   1.77939   100
2.19806   1.88406   100
2.19806   1.98872   100
2.19806   2.09339   100
2.19806   2.19806   100
2.19806   2.30272   100
2.19806   2.40739   100
2.19806   2.51206   100
2.19806   2.61672   100
2.19806   2.72139   100
2.19806   2.82606   100
2.19806   2.93072   100
2.19806   3.03539   100
2.30272   -3.13994   100
2.30272   -3.03528   100
2.30272   -2.93061   100
2.30272   -2.82594   100
2.30272   -2.72128   100
2.30272   -2.61661   100
2.30272   -2.51194   100
2.30272   -2.40728   100
2.30272   -2.30261   100
2.30272   -2.19794   100
2.30272   -2.09328   100
2.30272   -1.98861   100
2.30272   -1.88394   100
2.30272   -1.77928   100
2.30272   -1.67461   100
2.30272   -1.56994   100
2.30272   -1.46528   100
2.30272   -1.36061   100
2.30272   -1.25594   100
2.30272   -1.15128   100
2.30272   -1.04661   100
2.30272   -0.941942   100
2.30272   -0.837276   100
2.30272   -0.732609   100
2.30272   -0.627942   100
2.30272   -0.523276   100
2.30272   -0.418609   8.9553
2.30272   -0.313942   9.0958
2.30272   -0.209276   9.7311
2.30272   -0.104609   100
2.30272   5.75667e-05   100
2.30272   0.104724   100
2.30272   0.209391   100
2.30272   0.314058   9.1706
2.30272   0.418724   100
2.30272   0.523391   100
2.30272   0.628058   100
2.30272   0.732724   100
2.30272   0.837391   100
2.30272   0.942058   100
2.30272   1.04672   100
2.30272   1.15139   100
2.30272   1.25606   100
2.30272   1.36072   100
2.30272   1.46539   100
2.30272   1.57006   100
2.30272   1.67472   100
2.30272   1.77939   100
2.30272   1.88406   100
2.30272   1.98872   100
2.30272   2.09339   100
2.30272   2.19806   100
2.30272   2.30272   100
2.30272   2.40739   100
2.30272   2.51206   100
2.30272   2.61672   100
2.30272   2.72139   100
2.30272   2.82606   100
2.30272   2.93072   100
2.30272   3.03539   100
2.40739   -3.13994   100
2.40739   -3.03528   100
2.40739   -2.93061   100
2.40739   -2.82594   100
2.40739   -2.72128   100
2.40739   -2.61661   100
2.40739   -2.51194   100
2.40739   -2.40728   100
2.40739   -2.30261   100
2.40739   -2.19794   100
2.40739   -2.09328   100
2.40739   -1.98861   100
2.40739   -1.88394   100
2.40739   -1.77928   100
2.40739   -1.67461   100
2.40739   -1.56994   100
2.40739   -1.46528   100
2.40739   -1.36061   100
2.40739   -1.25594   100
2.40739   -1.15128   100
2.40739   -1.04661   100
2.40739   -0.941942   100
2.40739   -0.837276   100
2.40739   -0.732609   100
2.40739   -0.627942   100
2.40739   -0.523276   8.8634
2.40739   -0.418609   9.2744
2.40739   -0.313942   100
2.40739   -0.209276   100
2.40739   -0.104609   100
2.40739   5.75667e-05   9.0302
2.40739   0.104724   100
2.40739   0.209391   100
2.40739   0.314058   100
2.40739   0.418724   100
2.40739   0.523391   100
2.40739   0.628058   100
2.40739   0.732724   100
2.40739   0.837391   100
2.40739   0.942058   100
2.40739   1.04672   100
2.40739   1.15139   100
2.40739   1.25606   100
2.40739   1.36072   100
2.40739   1.46539   100
2.40739   1.57006   100
2.40739   1.67472   100
2.40739   1.77939   100
2.40739   1.88406   100
2.40739   1.98872   100
2.40739   2.09339   100
2.40739   2.19806   100
2.40739   2.30272   100
2.40739   2.40739   100
2.40739   2.51206   100
2.40739   2.61672   8.8332
2.40739   2.72139   100
2.40739   2.82606   100
2.40739   2.93072   100
2.40739   3.03539   100
2.51206   -3.13994   100
2.51206   -3.03528   100
2.51206   -2.93061   100
2.51206   -2.82594   100
2.51206   -2.72128   100
2.51206   -2.61661   100
2.51206   -2.51194   100
2.51206   -2.40728   100
2.51206   -2.30261   100
2.51206   -2.19794   100
2.51206   -2.09328   100
2.51206   -1.98861   100
2.51206   -1.88394   100
2.51206   -1.77928   100
2.51206   -1.67461   100
2.51206   -1.56994   100
2.51206   -1.46528   100
2.51206   -1.36061   100
2.51206   -1.25594   100
2.51206   -1.15128   100
2.51206   -1.04661   100
2.51206   -0.941942   100
2.51206   -0.837276   9.0829
2.51206   -0.732609   8.9325
2.51206   -0.627942   100
2.51206   -0.523276   9.4838
2.51206   -0.418609   9.4071
2.51206   -0.313942   100
2.51206   -0.209276   100
2.51206   -0.104609   100
2.51206   5.75667e-05   100
2.51206   0.104724   100
2.51206   0.209391   100
2.51206   0.314058   100
2.51206   0.418724   100
2.51206   0.523391   100
2.51206   0.628058   100
2.51206   0.732724   100
2.51206   0.837391   100
2.51206   0.942058   100
2.51206   1.04672   100
2.51206   1.15139   100
2.51206   1.25606   100
2.51206   1.36072   100
2.51206   1.46539   100
2.51206   1.57006   100
2.51206   1.67472   100
2.51206   1.77939   100
2.51206   1.88406   100
2.51206   1.98872   100
2.51206   2.09339   100
2.51206   2.19806   100
2.51206   2.30272   100
2.51206   2.40739   100
2.51206   2.51206   100
2.51206   2.61672   100
2.51206   2.72139   100
2.51206   2.82606   100
2.51206   2.93072   100
2.51206   3.03539   100
2.61672   -3.13994   100
2.61672   -3.03528   100
2.61672   -2.93061   100
2.61672   -2.82594   100
2.61672   -2.72128   100
2.61672   -2.61661   100
2.61672   -2.51194   100
2.61672   -2.40728   100
2.61672   -2.30261   100
2.61672   -2.19794   100
2.61672   -2.09328   100
2.61672   -1.98861   100
2.61672   -1.88394   100
2.61672   -1.77928   100
2.61672   -1.67461   100
2.61672   -1.56994   100
2.61672   -1.46528   100
2.61672   -1.36061   100
2.61672   -1.25594   100
2.61672   -1.15128   100
2.61672   -1.04661   100
2.61672   -0.941942   100
2.61672   -0.837276   9.2353
2.61672   -0.732609   100
2.61672   -0.627942   100
2.61672   -0.523276   10.1297
2.61672   -0.418609   9.1285
2.61672   -0.313942   100
2.61672   -0.209276   100
2.61672   -0.104609   100
2.61672   5.75667e-05   100
2.61672   0.104724   100
2.61672   0.209391   100
2.61672   0.314058   100
2.61672   0.418724   100
2.61672   0.523391   100
2.61672   0.628058   100
2.61672   0.732724   100
2.61672   0.837391   100
2.61672   0.942058   100
2.61672   1.04672   100
2.61672   1.15139   100
2.61672   1.25606   100
2.61672   1.36072   100
2.61672   1.46539   100
2.61672   1.57006   100
2.61672   1.67472   100
2.61672   1.77939   100
2.61672   1.88406   100
2.61672   1.98872   100
2.61672   2.09339   100
2.61672   2.19806   100
2.61672   2.30272   100
2.61672   2.40739   10.4158
2.61672   2.51206   100
2.61672   2.61672   100
2.61672   2.72139   8.9488
2.61672   2.82606   100
2.61672   2.93072   100
2.61672   3.03539   100
2.72139   -3.13994   100
2.72139   -3.03528   100
2.72139   -2.93061   100
2.72139   -2.82594   100
2.72139   -2.72128   100
2.72139   -2.61661   100
2.72139   -2.51194   100
2.72139   -2.40728   100
2.72139   -2.30261   100
2.72139   -2.19794   100
2.72139   -2.09328   100
2.72139   -1.98861   100
2.72139   -1.88394   100
2.72139   -1.77928   100
2.72139   -1.67461   100
2.72139   -1.56994   100
2.72139   -1.46528   100
2.72139   -1.36061   100
2.72139   -1.25594   100
2.72139   -1.15128   100
2.72139   -1.04661   9.5776
2.72139   -0.941942   100
2.72139   -0.837276   9.2782
2.72139   -0.732609   8.4311
2.72139   -0.627942   7.5368
2.72139   -0.523276   8.2072
2.72139   -0.418609   100
2.72139   -0.313942   100
2.72139   -0.209276   100
2.72139   -0.104609   100
2.72139   5.75667e-05   100
2.72139   0.104724   100
2.72139   0.209391   100
2.72139   0.314058   100
2.72139   0.418724   100
2.72139   0.523391   100
2.72139   0.628058   100
2.72139   0.732724   100
2.72139   0.837391   100
2.72139   0.942058   100
2.72139   1.04672   100
2.72139   1.15139   100
2.72139   1.25606   100
2.72139   1.36072   100
2.72139   1.46539   100
2.72139   1.57006   100
2.72139   1.67472   100
2.72139   1.77939   100
2.72139   1.88406   100
2.72139   1.98872   100
2.72139   2.09339   100
2.72139   2.19806   100
2.72139   2.30272   100
2.72139   2.40739   100
2.72139   2.51206   9.9193
2.72139   2.61672   100
2.72139   2.72139   9.0264
2.72139   2.82606   8.9928
2.72139   2.93072   100
2.72139   3.03539   100
2.82606   -3.13994   8.8118
2.82606   -3.03528   8.0280
2.82606   -2.93061   100
2.82606   -2.82594   100
2.82606   -2.72128   9.5140
2.82606   -2.61661   100
2.82606   -2.51194   100
2.82606   -2.40728   100
2.82606   -2.30261   100
2.82606   -2.19794   100
2.82606   -2.09328   100
2.82606   -1.98861   100
2.82606   -1.88394   100
2.82606   -1.77928   100
2.82606   -1.67461   100
2.82606   -1.56994   100
2.82606   -1.46528   100
2.82606   -1.36061   100
2.82606   -1.25594   9.3830
2.82606   -1.15128   100
2.82606   -1.04661   8.2420
2.82606   -0.941942   7.6367
2.82606   -0.837276   100
2.82606   -0.732609   8.7535
2.82606   -0.627942   100
2.82606   -0.523276   9.2832
2.82606   -0.418609   7.9449
2.82606   -0.313942   8.8333
2.82606   -0.209276   7.8014
2.82606   -0.104609   100
2.82606   5.75667e-05   9.2316
2.82606   0.104724   100
2.82606   0.209391   9.3482
2.82606   0.314058   9.5718
2.82606   0.418724   100
2.82606   0.523391   100
2.82606   0.628058   100
2.82606   0.732724   9.4759
2.82606   0.837391   100
2.82606   0.942058   100
2.82606   1.04672   9.0518
2.82606   1.15139   100
2.82606   1.25606   100
2.82606   1.36072   100
2.82606   1.46539   100
2.82606   1.57006   100
2.82606   1.67472   100
2.82606   1.77939   100
2.82606   1.88406   100
2.82606   1.98872   100
2.82606   2.09339   100
2.82606   2.19806   100
2.82606   2.30272   100
2.82606   2.40739   100
2.82606   2.51206   10.2651
2.82606   2.61672   8.1942
2.82606   2.72139   8.0763
2.82606   2.82606   9.1512
2.82606   2.93072   9.4049
2.82606   3.03539   8.3084
2.93072   -3.13994   7.4072
2.93072   -3.03528   100
2.93072   -2.93061   100
2.93072   -2.82594   100
2.93072   -2.72128   100
2.93072   -2.61661   100
2.93072   -2.51194   100
2.93072   -2.40728   100
2.93072   -2.30261   100
2.93072   -2.19794   100
2.93072   -2.09328   100
2.93072   -1.98861   100
2.93072   -1.88394   100
2.93072   -1.77928   100
2.93072   -1.67461   100
2.93072   -1.56994   100
2.93072   -1.46528   100
2.93072   -1.36061   100
2.93072   -1.25594   100
2.93072   -1.15128   8.8373
2.93072   -1.04661   8.6082
2.93072   -0.941942   8.1021
2.93072   -0.837276   7.4602
2.93072   -0.732609   6.7923
2.93072   -0.627942   7.5655
2.93072   -0.523276   7.1765
2.93072   -0.418609   6.8572
2.93072   -0.313942   7.2432
2.93072   -0.209276   8.6359
2.93072   -0.104609   8.4629
2.93072   5.75667e-05   100
2.93072   0.104724   8.6644
2.93072   0.209391   9.2587
2.93072   0.314058   7.7631
2.93072   0.418724   100
2.93072   0.523391   100
2.93072   0.628058   100
2.93072   0.732724   8.9509
2.93072   0.837391   100
2.93072   0.942058   100
2.93072   1.04672   8.9012
2.93072   1.15139   100
2.93072   1.25606   100
2.93072   1.36072   100
2.93072   1.46539   100
2.93072   1.57006   100
2.93072   1.67472   8.7302
2.93072   1.77939   100
2.93072   1.88406   100
2.93072   1.98872   100
2.93072   2.09339   8.3687
2.93072   2.19806   100
2.93072   2.30272   100
2.93072   2.40739   9.4264
2.93072   2.51206   7.1435
2.93072   2.61672   7.2843
2.93072   2.72139   6.9861
2.93072   2.82606   6.8735
2.93072   2.93072   7.1348
2.93072   3.03539   7.8876
3.03539   -3.13994   6.9109
3.03539   -3.03528   7.1448
3.03539   -2.93061   8.6942
3.03539   -2.82594   8.6791
3.03539   -2.72128   100
3.03539   -2.61661   100
3.03539   -2.51194   100
3.03539   -2.40728   100
3.03539   -2.30261   100
3.03539   -2.19794   100
3.03539   -2.09328   100
3.03539   -1.98861   100
3.03539   -1.88394   100
3.03539   -1.77928   100
3.03539   -1.67461   100
3.03539   -1.56994   100
3.03539   -1.46528   100
3.03539   -1.36061   9.0620
3.03539   -1.25594   100
3.03539   -1.15128   8.7761
3.03539   -1.04661   8.5262
3.03539   -0.941942   7.0699
3.03539   -0.837276   6.2552
3.03539   -0.732609   5.6501
3.03539   -0.627942   5.9074
3.03539   -0.523276   5.8562
3.03539   -0.418609   5.9869
3.03539   -0.313942   5.9849
3.03539   -0.209276   6.6595
3.03539   -0.104609   6.4382
3.03539   5.75667e-05   7.3740
3.03539   0.104724   6.6209
3.03539   0.209391   6.9446
3.03539   0.314058   7.3208
3.03539   0.418724   5.9125
3.03539   0.523391   7.1753
3.03539   0.628058   7.2828
3.03539   0.732724   7.6042
3.03539   0.837391   7.6275
3.03539   0.942058   100
3.03539   1.04672   9.1960
3.03539   1.15139   8.4489
3.03539   1.25606   100
3.03539   1.36072   9.4460
3.03539   1.46539   100
3.03539   1.57006   100
3.03539   1.67472   8.0301
3.03539   1.77939   100
3.03539   1.88406   100
3.03539   1.98872   7.5733
3.03539   2.09339   8.5978
3.03539   2.19806   7.3601
3.03539   2.30272   6.9135
3.03539   2.40739   6.4564
3.03539   2.51206   6.8769
3.03539   2.61672   5.9653
3.03539   2.72139   5.4276
3.03539   2.82606   5.6879
3.03539   2.93072   5.7308
3.03539   3.03539   6.2715
