      0.0000      -1.4137       1.0996       0.0582       0.0000
      0.4959      -1.4137       0.7854       0.0594       0.0000
      0.7438      -1.0996       0.7854       1.1355       0.0000
      1.4463      -1.0996       0.4712       1.4735       0.0000
      1.9835      -0.7854       0.4712       4.2624       0.0000
      2.4380      -0.7854       0.1571       4.1486       0.0000
      3.2231      -0.4712       0.1571       7.4634       0.0000
      3.3884      -0.4712      -0.1571       7.0924       0.0000
      4.3802      -0.4712      -0.4712       7.0922       0.0000
      4.4628      -0.1571      -0.4712       9.1075       0.0000
      5.3306      -0.1571      -0.7854       9.0488       0.0000
      5.6612       0.1571      -0.7854       8.7152       0.0000
      6.9008       0.4712      -0.7854       6.3503       0.0000
      8.1405       0.7854      -0.7854       3.4504       0.0000
      9.3802       1.0996      -0.7854       2.2691       0.0000
