      0.0000      -1.4137       1.0996       0.1353       0.0000
      0.4959      -1.4137       0.7854       0.2705       0.0000
      0.7438      -1.0996       0.7854       1.1101       0.0000
      1.4463      -1.0996       0.4712       1.4508       0.0000
      1.9835      -0.7854       0.4712       3.8026       0.0000
      2.4380      -0.7854       0.1571       3.9901       0.0000
      3.2231      -0.4712       0.1571       7.4510       0.0000
      3.3884      -0.4712      -0.1571       7.1191       0.0000
      4.3802      -0.4712      -0.4712       7.3911       0.0000
      4.4628      -0.1571      -0.4712       9.1772       0.0000
      5.3306      -0.1571      -0.7854      10.1426       0.0000
      5.6612       0.1571      -0.7854       9.3272       0.0000
      6.9008       0.4712      -0.7854       7.1955       0.0000
      8.1405       0.7854      -0.7854       4.3923       0.0000
      9.3802       1.0996      -0.7854       3.6201       0.0000
