    0.0000     0.0000 100
    0.0000     0.0100 100
    0.0000     0.0200 100
    0.0000     0.0300 100
    0.0000     0.0400 100
    0.0000     0.0500 100
    0.0000     0.0600 100
    0.0000     0.0700 100
    0.0000     0.0800 100
    0.0000     0.0900 100
    0.0000     0.1000 100
    0.0000     0.1100 100
    0.0000     0.1200 100
    0.0000     0.1300 100
    0.0000     0.1400 100
    0.0000     0.1500 100
    0.0000     0.1600     5.3536
    0.0000     0.1700 100
    0.0000     0.1800 100
    0.0000     0.1900 100
    0.0000     0.2000 100
    0.0000     0.2100 100
    0.0000     0.2200 100
    0.0000     0.2300 100
    0.0000     0.2400 100
    0.0000     0.2500 100
    0.0000     0.2600 100
    0.0000     0.2700 100
    0.0000     0.2800 100
    0.0000     0.2900 100
    0.0000     0.3000 100
    0.0100     0.0000 100
    0.0100     0.0100 100
    0.0100     0.0200 100
    0.0100     0.0300 100
    0.0100     0.0400 100
    0.0100     0.0500 100
    0.0100     0.0600 100
    0.0100     0.0700 100
    0.0100     0.0800 100
    0.0100     0.0900 100
    0.0100     0.1000 100
    0.0100     0.1100 100
    0.0100     0.1200 100
    0.0100     0.1300 100
    0.0100     0.1400 100
    0.0100     0.1500 100
    0.0100     0.1600     6.3345
    0.0100     0.1700 100
    0.0100     0.1800 100
    0.0100     0.1900 100
    0.0100     0.2000 100
    0.0100     0.2100 100
    0.0100     0.2200 100
    0.0100     0.2300 100
    0.0100     0.2400 100
    0.0100     0.2500 100
    0.0100     0.2600 100
    0.0100     0.2700 100
    0.0100     0.2800 100
    0.0100     0.2900 100
    0.0100     0.3000 100
    0.0200     0.0000 100
    0.0200     0.0100 100
    0.0200     0.0200 100
    0.0200     0.0300 100
    0.0200     0.0400 100
    0.0200     0.0500 100
    0.0200     0.0600 100
    0.0200     0.0700 100
    0.0200     0.0800 100
    0.0200     0.0900 100
    0.0200     0.1000 100
    0.0200     0.1100 100
    0.0200     0.1200 100
    0.0200     0.1300 100
    0.0200     0.1400     5.6413
    0.0200     0.1500     4.0319
    0.0200     0.1600     3.4077
    0.0200     0.1700     4.7250
    0.0200     0.1800     6.3345
    0.0200     0.1900 100
    0.0200     0.2000 100
    0.0200     0.2100 100
    0.0200     0.2200 100
    0.0200     0.2300 100
    0.0200     0.2400 100
    0.0200     0.2500 100
    0.0200     0.2600 100
    0.0200     0.2700 100
    0.0200     0.2800 100
    0.0200     0.2900 100
    0.0200     0.3000 100
    0.0300     0.0000 100
    0.0300     0.0100 100
    0.0300     0.0200 100
    0.0300     0.0300 100
    0.0300     0.0400 100
    0.0300     0.0500 100
    0.0300     0.0600 100
    0.0300     0.0700 100
    0.0300     0.0800 100
    0.0300     0.0900 100
    0.0300     0.1000 100
    0.0300     0.1100 100
    0.0300     0.1200 100
    0.0300     0.1300     5.3536
    0.0300     0.1400     2.5968
    0.0300     0.1500     1.4317
    0.0300     0.1600     1.6616
    0.0300     0.1700     2.2626
    0.0300     0.1800     3.4628
    0.0300     0.1900     5.4872
    0.0300     0.2000     7.4331
    0.0300     0.2100 100
    0.0300     0.2200 100
    0.0300     0.2300 100
    0.0300     0.2400 100
    0.0300     0.2500 100
    0.0300     0.2600 100
    0.0300     0.2700 100
    0.0300     0.2800 100
    0.0300     0.2900 100
    0.0300     0.3000 100
    0.0400     0.0000 100
    0.0400     0.0100 100
    0.0400     0.0200 100
    0.0400     0.0300 100
    0.0400     0.0400 100
    0.0400     0.0500 100
    0.0400     0.0600 100
    0.0400     0.0700 100
    0.0400     0.0800 100
    0.0400     0.0900 100
    0.0400     0.1000 100
    0.0400     0.1100 100
    0.0400     0.1200     5.8236
    0.0400     0.1300     2.5503
    0.0400     0.1400     1.0892
    0.0400     0.1500     0.5283
    0.0400     0.1600     0.7104
    0.0400     0.1700     1.1341
    0.0400     0.1800     2.0259
    0.0400     0.1900     3.3222
    0.0400     0.2000     5.6413
    0.0400     0.2100 100
    0.0400     0.2200 100
    0.0400     0.2300 100
    0.0400     0.2400 100
    0.0400     0.2500 100
    0.0400     0.2600 100
    0.0400     0.2700 100
    0.0400     0.2800 100
    0.0400     0.2900 100
    0.0400     0.3000 100
    0.0500     0.0000 100
    0.0500     0.0100 100
    0.0500     0.0200 100
    0.0500     0.0300 100
    0.0500     0.0400 100
    0.0500     0.0500 100
    0.0500     0.0600 100
    0.0500     0.0700 100
    0.0500     0.0800 100
    0.0500     0.0900 100
    0.0500     0.1000 100
    0.0500     0.1100     6.0468
    0.0500     0.1200     3.1426
    0.0500     0.1300     1.3952
    0.0500     0.1400     0.4391
    0.0500     0.1500     0.1593
    0.0500     0.1600     0.2018
    0.0500     0.1700     0.5537
    0.0500     0.1800     1.3763
    0.0500     0.1900     2.2236
    0.0500     0.2000     4.1009
    0.0500     0.2100     6.7399
    0.0500     0.2200 100
    0.0500     0.2300 100
    0.0500     0.2400 100
    0.0500     0.2500 100
    0.0500     0.2600 100
    0.0500     0.2700 100
    0.0500     0.2800 100
    0.0500     0.2900 100
    0.0500     0.3000 100
    0.0600     0.0000 100
    0.0600     0.0100 100
    0.0600     0.0200 100
    0.0600     0.0300 100
    0.0600     0.0400 100
    0.0600     0.0500 100
    0.0600     0.0600 100
    0.0600     0.0700 100
    0.0600     0.0800 100
    0.0600     0.0900 100
    0.0600     0.1000     4.8681
    0.0600     0.1100     2.5733
    0.0600     0.1200     1.5924
    0.0600     0.1300     0.6949
    0.0600     0.1400     0.1428
    0.0600     0.1500     0.0000
    0.0600     0.1600     0.1040
    0.0600     0.1700     0.5104
    0.0600     0.1800     1.1051
    0.0600     0.1900     1.9318
    0.0600     0.2000     3.0510
    0.0600     0.2100     4.7940
    0.0600     0.2200 100
    0.0600     0.2300 100
    0.0600     0.2400 100
    0.0600     0.2500 100
    0.0600     0.2600 100
    0.0600     0.2700 100
    0.0600     0.2800 100
    0.0600     0.2900 100
    0.0600     0.3000 100
    0.0700     0.0000 100
    0.0700     0.0100 100
    0.0700     0.0200 100
    0.0700     0.0300 100
    0.0700     0.0400 100
    0.0700     0.0500 100
    0.0700     0.0600 100
    0.0700     0.0700 100
    0.0700     0.0800 100
    0.0700     0.0900     4.0658
    0.0700     0.1000     1.7030
    0.0700     0.1100     1.0245
    0.0700     0.1200     0.7398
    0.0700     0.1300     0.3102
    0.0700     0.1400     0.1053
    0.0700     0.1500     0.1219
    0.0700     0.1600     0.3191
    0.0700     0.1700     0.7841
    0.0700     0.1800     1.4000
    0.0700     0.1900     2.1398
    0.0700     0.2000     3.0636
    0.0700     0.2100     4.1372
    0.0700     0.2200     5.4872
    0.0700     0.2300 100
    0.0700     0.2400 100
    0.0700     0.2500 100
    0.0700     0.2600 100
    0.0700     0.2700 100
    0.0700     0.2800 100
    0.0700     0.2900 100
    0.0700     0.3000 100
    0.0800     0.0000 100
    0.0800     0.0100 100
    0.0800     0.0200 100
    0.0800     0.0300 100
    0.0800     0.0400 100
    0.0800     0.0500 100
    0.0800     0.0600 100
    0.0800     0.0700 100
    0.0800     0.0800     4.4886
    0.0800     0.0900     1.5638
    0.0800     0.1000     0.4699
    0.0800     0.1100     0.3624
    0.0800     0.1200     0.3752
    0.0800     0.1300     0.3078
    0.0800     0.1400     0.2500
    0.0800     0.1500     0.4373
    0.0800     0.1600     0.8441
    0.0800     0.1700     1.1378
    0.0800     0.1800     1.6648
    0.0800     0.1900     2.7696
    0.0800     0.2000     3.4077
    0.0800     0.2100     4.2976
    0.0800     0.2200     5.8236
    0.0800     0.2300     7.4331
    0.0800     0.2400 100
    0.0800     0.2500 100
    0.0800     0.2600 100
    0.0800     0.2700 100
    0.0800     0.2800 100
    0.0800     0.2900 100
    0.0800     0.3000 100
    0.0900     0.0000 100
    0.0900     0.0100 100
    0.0900     0.0200 100
    0.0900     0.0300 100
    0.0900     0.0400 100
    0.0900     0.0500 100
    0.0900     0.0600 100
    0.0900     0.0700     7.4331
    0.0900     0.0800     3.0636
    0.0900     0.0900     0.8497
    0.0900     0.1000     0.3232
    0.0900     0.1100     0.2769
    0.0900     0.1200     0.2761
    0.0900     0.1300     0.4210
    0.0900     0.1400     0.5872
    0.0900     0.1500     0.8949
    0.0900     0.1600     1.3440
    0.0900     0.1700     1.8236
    0.0900     0.1800     2.4359
    0.0900     0.1900     2.9787
    0.0900     0.2000     3.7955
    0.0900     0.2100     4.9482
    0.0900     0.2200     6.0468
    0.0900     0.2300 100
    0.0900     0.2400 100
    0.0900     0.2500 100
    0.0900     0.2600 100
    0.0900     0.2700 100
    0.0900     0.2800 100
    0.0900     0.2900 100
    0.0900     0.3000 100
    0.1000     0.0000 100
    0.1000     0.0100 100
    0.1000     0.0200 100
    0.1000     0.0300 100
    0.1000     0.0400 100
    0.1000     0.0500 100
    0.1000     0.0600 100
    0.1000     0.0700     5.2359
    0.1000     0.0800     2.4291
    0.1000     0.0900     0.9779
    0.1000     0.1000     0.4803
    0.1000     0.1100     0.4183
    0.1000     0.1200     0.4558
    0.1000     0.1300     0.7410
    0.1000     0.1400     1.0513
    0.1000     0.1500     1.4517
    0.1000     0.1600     1.8840
    0.1000     0.1700     2.3768
    0.1000     0.1800     3.2899
    0.1000     0.1900     3.6489
    0.1000     0.2000     4.2550
    0.1000     0.2100     5.1305
    0.1000     0.2200     6.0468
    0.1000     0.2300 100
    0.1000     0.2400 100
    0.1000     0.2500 100
    0.1000     0.2600 100
    0.1000     0.2700 100
    0.1000     0.2800 100
    0.1000     0.2900 100
    0.1000     0.3000 100
    0.1100     0.0000 100
    0.1100     0.0100 100
    0.1100     0.0200 100
    0.1100     0.0300 100
    0.1100     0.0400 100
    0.1100     0.0500     6.7399
    0.1100     0.0600     5.1305
    0.1100     0.0700     3.9991
    0.1100     0.0800     2.4772
    0.1100     0.0900     1.3577
    0.1100     0.1000     0.8706
    0.1100     0.1100     0.7323
    0.1100     0.1200     0.7598
    0.1100     0.1300     1.0017
    0.1100     0.1400     1.4747
    0.1100     0.1500     1.9116
    0.1100     0.1600     2.4772
    0.1100     0.1700     3.1426
    0.1100     0.1800     3.5829
    0.1100     0.1900     4.1750
    0.1100     0.2000     4.7940
    0.1100     0.2100     5.8236
    0.1100     0.2200     6.0468
    0.1100     0.2300     5.8236
    0.1100     0.2400     7.4331
    0.1100     0.2500 100
    0.1100     0.2600 100
    0.1100     0.2700 100
    0.1100     0.2800 100
    0.1100     0.2900 100
    0.1100     0.3000 100
    0.1200     0.0000 100
    0.1200     0.0100 100
    0.1200     0.0200 100
    0.1200     0.0300 100
    0.1200     0.0400     5.6413
    0.1200     0.0500     3.4628
    0.1200     0.0600     2.5579
    0.1200     0.0700     2.4092
    0.1200     0.0800     2.2798
    0.1200     0.0900     1.8533
    0.1200     0.1000     1.3786
    0.1200     0.1100     1.1909
    0.1200     0.1200     1.2165
    0.1200     0.1300     1.4798
    0.1200     0.1400     1.9994
    0.1200     0.1500     2.6624
    0.1200     0.1600     3.1156
    0.1200     0.1700     3.6044
    0.1200     0.1800     4.2976
    0.1200     0.1900     5.0352
    0.1200     0.2000     5.8236
    0.1200     0.2100     5.8236
    0.1200     0.2200     6.3345
    0.1200     0.2300     6.7399
    0.1200     0.2400     7.4331
    0.1200     0.2500 100
    0.1200     0.2600 100
    0.1200     0.2700 100
    0.1200     0.2800 100
    0.1200     0.2900 100
    0.1200     0.3000 100
    0.1300     0.0000 100
    0.1300     0.0100 100
    0.1300     0.0200 100
    0.1300     0.0300     4.8681
    0.1300     0.0400     2.4702
    0.1300     0.0500     1.5414
    0.1300     0.0600     1.3763
    0.1300     0.0700     1.3395
    0.1300     0.0800     1.7062
    0.1300     0.0900     1.8458
    0.1300     0.1000     1.7326
    0.1300     0.1100     1.6742
    0.1300     0.1200     1.6462
    0.1300     0.1300     1.9650
    0.1300     0.1400     2.4633
    0.1300     0.1500     2.9904
    0.1300     0.1600     3.9366
    0.1300     0.1700     4.0319
    0.1300     0.1800     5.6413
    0.1300     0.1900     6.7399
    0.1300     0.2000     6.0468
    0.1300     0.2100 100
    0.1300     0.2200     6.7399
    0.1300     0.2300 100
    0.1300     0.2400 100
    0.1300     0.2500 100
    0.1300     0.2600 100
    0.1300     0.2700 100
    0.1300     0.2800 100
    0.1300     0.2900 100
    0.1300     0.3000 100
    0.1400     0.0000 100
    0.1400     0.0100 100
    0.1400     0.0200     5.8236
    0.1400     0.0300     2.5204
    0.1400     0.0400     1.2761
    0.1400     0.0500     0.8511
    0.1400     0.0600     0.7522
    0.1400     0.0700     0.8428
    0.1400     0.0800     1.2614
    0.1400     0.0900     1.6837
    0.1400     0.1000     2.0907
    0.1400     0.1100     2.3897
    0.1400     0.1200     2.4026
    0.1400     0.1300     2.9113
    0.1400     0.1400     3.0510
    0.1400     0.1500     3.8496
    0.1400     0.1600     4.2976
    0.1400     0.1700     4.7250
    0.1400     0.1800     5.3536
    0.1400     0.1900     6.3345
    0.1400     0.2000     6.7399
    0.1400     0.2100 100
    0.1400     0.2200 100
    0.1400     0.2300 100
    0.1400     0.2400 100
    0.1400     0.2500 100
    0.1400     0.2600 100
    0.1400     0.2700 100
    0.1400     0.2800 100
    0.1400     0.2900 100
    0.1400     0.3000 100
    0.1500     0.0000 100
    0.1500     0.0100 100
    0.1500     0.0200     4.3420
    0.1500     0.0300     2.1966
    0.1500     0.0400     1.1928
    0.1500     0.0500     0.8157
    0.1500     0.0600     0.6937
    0.1500     0.0700     0.7177
    0.1500     0.0800     1.1087
    0.1500     0.0900     1.6041
    0.1500     0.1000     2.2181
    0.1500     0.1100     2.7696
    0.1500     0.1200     3.3222
    0.1500     0.1300     3.8777
    0.1500     0.1400     3.7695
    0.1500     0.1500     4.3420
    0.1500     0.1600     5.0352
    0.1500     0.1700     5.8236
    0.1500     0.1800     6.3345
    0.1500     0.1900     6.7399
    0.1500     0.2000 100
    0.1500     0.2100     6.7399
    0.1500     0.2200     7.4331
    0.1500     0.2300 100
    0.1500     0.2400 100
    0.1500     0.2500 100
    0.1500     0.2600 100
    0.1500     0.2700 100
    0.1500     0.2800 100
    0.1500     0.2900 100
    0.1500     0.3000 100
    0.1600     0.0000 100
    0.1600     0.0100 100
    0.1600     0.0200     4.8681
    0.1600     0.0300     2.3579
    0.1600     0.0400     1.4243
    0.1600     0.0500     0.8777
    0.1600     0.0600     0.7958
    0.1600     0.0700     0.8920
    0.1600     0.0800     1.3018
    0.1600     0.0900     1.7393
    0.1600     0.1000     2.4772
    0.1600     0.1100     3.2899
    0.1600     0.1200     3.9067
    0.1600     0.1300     4.3420
    0.1600     0.1400     4.9482
    0.1600     0.1500     5.8236
    0.1600     0.1600     5.8236
    0.1600     0.1700     6.3345
    0.1600     0.1800     7.4331
    0.1600     0.1900     7.4331
    0.1600     0.2000 100
    0.1600     0.2100 100
    0.1600     0.2200     7.4331
    0.1600     0.2300 100
    0.1600     0.2400 100
    0.1600     0.2500 100
    0.1600     0.2600 100
    0.1600     0.2700 100
    0.1600     0.2800 100
    0.1600     0.2900 100
    0.1600     0.3000 100
    0.1700     0.0000 100
    0.1700     0.0100 100
    0.1700     0.0200     5.4872
    0.1700     0.0300     3.0264
    0.1700     0.0400     1.8571
    0.1700     0.0500     1.2489
    0.1700     0.0600     1.0050
    0.1700     0.0700     1.2782
    0.1700     0.0800     1.6279
    0.1700     0.0900     2.2973
    0.1700     0.1000     2.9005
    0.1700     0.1100     3.3900
    0.1700     0.1200     4.7250
    0.1700     0.1300     5.1305
    0.1700     0.1400     5.6413
    0.1700     0.1500     6.7399
    0.1700     0.1600     6.7399
    0.1700     0.1700     7.4331
    0.1700     0.1800     7.4331
    0.1700     0.1900 100
    0.1700     0.2000 100
    0.1700     0.2100 100
    0.1700     0.2200     7.4331
    0.1700     0.2300 100
    0.1700     0.2400 100
    0.1700     0.2500 100
    0.1700     0.2600 100
    0.1700     0.2700 100
    0.1700     0.2800 100
    0.1700     0.2900 100
    0.1700     0.3000 100
    0.1800     0.0000 100
    0.1800     0.0100 100
    0.1800     0.0200     6.7399
    0.1800     0.0300     4.1009
    0.1800     0.0400     2.5579
    0.1800     0.0500     1.9692
    0.1800     0.0600     1.7260
    0.1800     0.0700     1.7495
    0.1800     0.0800     2.1861
    0.1800     0.0900     2.6709
    0.1800     0.1000     3.1564
    0.1800     0.1100     3.8496
    0.1800     0.1200     4.7250
    0.1800     0.1300     5.6413
    0.1800     0.1400 100
    0.1800     0.1500     7.4331
    0.1800     0.1600     7.4331
    0.1800     0.1700     7.4331
    0.1800     0.1800     7.4331
    0.1800     0.1900     7.4331
    0.1800     0.2000 100
    0.1800     0.2100 100
    0.1800     0.2200 100
    0.1800     0.2300 100
    0.1800     0.2400 100
    0.1800     0.2500 100
    0.1800     0.2600 100
    0.1800     0.2700 100
    0.1800     0.2800 100
    0.1800     0.2900 100
    0.1800     0.3000 100
    0.1900     0.0000 100
    0.1900     0.0100 100
    0.1900     0.0200 100
    0.1900     0.0300     6.7399
    0.1900     0.0400     4.0319
    0.1900     0.0500     2.8180
    0.1900     0.0600     2.6209
    0.1900     0.0700     2.5889
    0.1900     0.0800     2.8687
    0.1900     0.0900     3.2899
    0.1900     0.1000     3.9673
    0.1900     0.1100     4.9482
    0.1900     0.1200     4.7940
    0.1900     0.1300     5.6413
    0.1900     0.1400     6.0468
    0.1900     0.1500 100
    0.1900     0.1600 100
    0.1900     0.1700 100
    0.1900     0.1800 100
    0.1900     0.1900 100
    0.1900     0.2000 100
    0.1900     0.2100 100
    0.1900     0.2200 100
    0.1900     0.2300 100
    0.1900     0.2400 100
    0.1900     0.2500 100
    0.1900     0.2600 100
    0.1900     0.2700 100
    0.1900     0.2800 100
    0.1900     0.2900 100
    0.1900     0.3000 100
    0.2000     0.0000 100
    0.2000     0.0100 100
    0.2000     0.0200 100
    0.2000     0.0300 100
    0.2000     0.0400     6.0468
    0.2000     0.0500     4.7940
    0.2000     0.0600     3.6719
    0.2000     0.0700     3.4818
    0.2000     0.0800     3.5413
    0.2000     0.0900     3.7442
    0.2000     0.1000     5.0352
    0.2000     0.1100     6.0468
    0.2000     0.1200     5.8236
    0.2000     0.1300     6.7399
    0.2000     0.1400 100
    0.2000     0.1500 100
    0.2000     0.1600 100
    0.2000     0.1700 100
    0.2000     0.1800 100
    0.2000     0.1900 100
    0.2000     0.2000 100
    0.2000     0.2100 100
    0.2000     0.2200 100
    0.2000     0.2300 100
    0.2000     0.2400 100
    0.2000     0.2500 100
    0.2000     0.2600 100
    0.2000     0.2700 100
    0.2000     0.2800 100
    0.2000     0.2900 100
    0.2000     0.3000 100
    0.2100     0.0000 100
    0.2100     0.0100 100
    0.2100     0.0200 100
    0.2100     0.0300 100
    0.2100     0.0400 100
    0.2100     0.0500     6.3345
    0.2100     0.0600     5.2359
    0.2100     0.0700     4.5999
    0.2100     0.0800     4.8681
    0.2100     0.0900     4.7250
    0.2100     0.1000     5.4872
    0.2100     0.1100     6.7399
    0.2100     0.1200     6.7399
    0.2100     0.1300     6.7399
    0.2100     0.1400     7.4331
    0.2100     0.1500 100
    0.2100     0.1600 100
    0.2100     0.1700 100
    0.2100     0.1800 100
    0.2100     0.1900 100
    0.2100     0.2000 100
    0.2100     0.2100 100
    0.2100     0.2200 100
    0.2100     0.2300 100
    0.2100     0.2400 100
    0.2100     0.2500 100
    0.2100     0.2600 100
    0.2100     0.2700 100
    0.2100     0.2800 100
    0.2100     0.2900 100
    0.2100     0.3000 100
    0.2200     0.0000 100
    0.2200     0.0100 100
    0.2200     0.0200 100
    0.2200     0.0300 100
    0.2200     0.0400 100
    0.2200     0.0500 100
    0.2200     0.0600 100
    0.2200     0.0700     5.8236
    0.2200     0.0800     6.0468
    0.2200     0.0900     5.3536
    0.2200     0.1000     6.3345
    0.2200     0.1100     5.6413
    0.2200     0.1200     7.4331
    0.2200     0.1300     6.7399
    0.2200     0.1400 100
    0.2200     0.1500     7.4331
    0.2200     0.1600 100
    0.2200     0.1700 100
    0.2200     0.1800 100
    0.2200     0.1900 100
    0.2200     0.2000 100
    0.2200     0.2100 100
    0.2200     0.2200 100
    0.2200     0.2300 100
    0.2200     0.2400 100
    0.2200     0.2500 100
    0.2200     0.2600 100
    0.2200     0.2700 100
    0.2200     0.2800 100
    0.2200     0.2900 100
    0.2200     0.3000 100
    0.2300     0.0000 100
    0.2300     0.0100 100
    0.2300     0.0200 100
    0.2300     0.0300 100
    0.2300     0.0400 100
    0.2300     0.0500 100
    0.2300     0.0600 100
    0.2300     0.0700 100
    0.2300     0.0800     7.4331
    0.2300     0.0900     6.7399
    0.2300     0.1000     7.4331
    0.2300     0.1100     6.0468
    0.2300     0.1200     7.4331
    0.2300     0.1300 100
    0.2300     0.1400 100
    0.2300     0.1500 100
    0.2300     0.1600     7.4331
    0.2300     0.1700 100
    0.2300     0.1800 100
    0.2300     0.1900 100
    0.2300     0.2000 100
    0.2300     0.2100 100
    0.2300     0.2200 100
    0.2300     0.2300 100
    0.2300     0.2400 100
    0.2300     0.2500 100
    0.2300     0.2600 100
    0.2300     0.2700 100
    0.2300     0.2800 100
    0.2300     0.2900 100
    0.2300     0.3000 100
    0.2400     0.0000 100
    0.2400     0.0100 100
    0.2400     0.0200 100
    0.2400     0.0300 100
    0.2400     0.0400 100
    0.2400     0.0500 100
    0.2400     0.0600 100
    0.2400     0.0700 100
    0.2400     0.0800 100
    0.2400     0.0900 100
    0.2400     0.1000 100
    0.2400     0.1100     7.4331
    0.2400     0.1200     7.4331
    0.2400     0.1300 100
    0.2400     0.1400     7.4331
    0.2400     0.1500 100
    0.2400     0.1600     6.3345
    0.2400     0.1700     7.4331
    0.2400     0.1800 100
    0.2400     0.1900 100
    0.2400     0.2000 100
    0.2400     0.2100 100
    0.2400     0.2200 100
    0.2400     0.2300 100
    0.2400     0.2400 100
    0.2400     0.2500 100
    0.2400     0.2600 100
    0.2400     0.2700 100
    0.2400     0.2800 100
    0.2400     0.2900 100
    0.2400     0.3000 100
    0.2500     0.0000 100
    0.2500     0.0100 100
    0.2500     0.0200 100
    0.2500     0.0300 100
    0.2500     0.0400 100
    0.2500     0.0500 100
    0.2500     0.0600 100
    0.2500     0.0700 100
    0.2500     0.0800 100
    0.2500     0.0900 100
    0.2500     0.1000 100
    0.2500     0.1100 100
    0.2500     0.1200 100
    0.2500     0.1300 100
    0.2500     0.1400 100
    0.2500     0.1500 100
    0.2500     0.1600 100
    0.2500     0.1700     7.4331
    0.2500     0.1800     7.4331
    0.2500     0.1900 100
    0.2500     0.2000 100
    0.2500     0.2100 100
    0.2500     0.2200 100
    0.2500     0.2300 100
    0.2500     0.2400 100
    0.2500     0.2500 100
    0.2500     0.2600 100
    0.2500     0.2700 100
    0.2500     0.2800 100
    0.2500     0.2900 100
    0.2500     0.3000 100
    0.2600     0.0000 100
    0.2600     0.0100 100
    0.2600     0.0200 100
    0.2600     0.0300 100
    0.2600     0.0400 100
    0.2600     0.0500 100
    0.2600     0.0600 100
    0.2600     0.0700 100
    0.2600     0.0800 100
    0.2600     0.0900 100
    0.2600     0.1000 100
    0.2600     0.1100 100
    0.2600     0.1200 100
    0.2600     0.1300 100
    0.2600     0.1400 100
    0.2600     0.1500 100
    0.2600     0.1600 100
    0.2600     0.1700 100
    0.2600     0.1800 100
    0.2600     0.1900 100
    0.2600     0.2000 100
    0.2600     0.2100 100
    0.2600     0.2200 100
    0.2600     0.2300 100
    0.2600     0.2400 100
    0.2600     0.2500 100
    0.2600     0.2600 100
    0.2600     0.2700 100
    0.2600     0.2800 100
    0.2600     0.2900 100
    0.2600     0.3000 100
    0.2700     0.0000 100
    0.2700     0.0100 100
    0.2700     0.0200 100
    0.2700     0.0300 100
    0.2700     0.0400 100
    0.2700     0.0500 100
    0.2700     0.0600 100
    0.2700     0.0700 100
    0.2700     0.0800 100
    0.2700     0.0900 100
    0.2700     0.1000 100
    0.2700     0.1100 100
    0.2700     0.1200 100
    0.2700     0.1300 100
    0.2700     0.1400 100
    0.2700     0.1500 100
    0.2700     0.1600 100
    0.2700     0.1700 100
    0.2700     0.1800 100
    0.2700     0.1900 100
    0.2700     0.2000 100
    0.2700     0.2100 100
    0.2700     0.2200 100
    0.2700     0.2300 100
    0.2700     0.2400 100
    0.2700     0.2500 100
    0.2700     0.2600 100
    0.2700     0.2700 100
    0.2700     0.2800 100
    0.2700     0.2900 100
    0.2700     0.3000 100
    0.2800     0.0000 100
    0.2800     0.0100 100
    0.2800     0.0200 100
    0.2800     0.0300 100
    0.2800     0.0400 100
    0.2800     0.0500 100
    0.2800     0.0600 100
    0.2800     0.0700 100
    0.2800     0.0800 100
    0.2800     0.0900 100
    0.2800     0.1000 100
    0.2800     0.1100 100
    0.2800     0.1200 100
    0.2800     0.1300 100
    0.2800     0.1400 100
    0.2800     0.1500 100
    0.2800     0.1600 100
    0.2800     0.1700 100
    0.2800     0.1800 100
    0.2800     0.1900 100
    0.2800     0.2000 100
    0.2800     0.2100 100
    0.2800     0.2200 100
    0.2800     0.2300 100
    0.2800     0.2400 100
    0.2800     0.2500 100
    0.2800     0.2600 100
    0.2800     0.2700 100
    0.2800     0.2800 100
    0.2800     0.2900 100
    0.2800     0.3000 100
    0.2900     0.0000 100
    0.2900     0.0100 100
    0.2900     0.0200 100
    0.2900     0.0300 100
    0.2900     0.0400 100
    0.2900     0.0500 100
    0.2900     0.0600 100
    0.2900     0.0700 100
    0.2900     0.0800 100
    0.2900     0.0900 100
    0.2900     0.1000 100
    0.2900     0.1100 100
    0.2900     0.1200 100
    0.2900     0.1300 100
    0.2900     0.1400 100
    0.2900     0.1500 100
    0.2900     0.1600 100
    0.2900     0.1700 100
    0.2900     0.1800 100
    0.2900     0.1900 100
    0.2900     0.2000 100
    0.2900     0.2100 100
    0.2900     0.2200 100
    0.2900     0.2300 100
    0.2900     0.2400 100
    0.2900     0.2500 100
    0.2900     0.2600 100
    0.2900     0.2700 100
    0.2900     0.2800 100
    0.2900     0.2900 100
    0.2900     0.3000 100
    0.3000     0.0000 100
    0.3000     0.0100 100
    0.3000     0.0200 100
    0.3000     0.0300 100
    0.3000     0.0400 100
    0.3000     0.0500 100
    0.3000     0.0600 100
    0.3000     0.0700 100
    0.3000     0.0800 100
    0.3000     0.0900 100
    0.3000     0.1000 100
    0.3000     0.1100 100
    0.3000     0.1200 100
    0.3000     0.1300 100
    0.3000     0.1400 100
    0.3000     0.1500 100
    0.3000     0.1600 100
    0.3000     0.1700 100
    0.3000     0.1800 100
    0.3000     0.1900 100
    0.3000     0.2000 100
    0.3000     0.2100 100
    0.3000     0.2200 100
    0.3000     0.2300 100
    0.3000     0.2400 100
    0.3000     0.2500 100
    0.3000     0.2600 100
    0.3000     0.2700 100
    0.3000     0.2800 100
    0.3000     0.2900 100
    0.3000     0.3000 100
