-3.0   -3.0   7.55667
-3.0   -2.7   12.9
-3.0   -2.4   20.0567
-3.0   -2.0   31.6733
-3.0   -1.7   32.1333
-3.0   -1.4   21.9833
-3.0   -1.1   19.0733
-3.0   -0.8   20.9033
-3.0   -0.5   21.8833
-3.0   -0.2   20.8033
-3.0   0.2   21.6867
-3.0   0.5   18.9033
-3.0   0.8   19.5033
-3.0   1.1   22.6667
-3.0   1.4   18.1367
-3.0   1.7   15.2133
-3.0   2.0   10.3467
-3.0   2.4   6.69
-3.0   2.7   3.99333
-3.0   3.0   4.34667
-2.7   -3.0   4.04333
-2.7   -2.7   9.22
-2.7   -2.4   15.8333
-2.7   -2.0   19.3067
-2.7   -1.7   20.87
-2.7   -1.4   19.16
-2.7   -1.1   17.6367
-2.7   -0.8   17.2133
-2.7   -0.5   16.4667
-2.7   -0.2   15.61
-2.7   0.2   13
-2.7   0.5   12.3567
-2.7   0.8   12.7833
-2.7   1.1   12.2967
-2.7   1.4   11.2133
-2.7   1.7   9.22
-2.7   2.0   5.46667
-2.7   2.4   2.03667
-2.7   2.7   0.196667
-2.7   3.0   0.79
-2.4   -3.0   4.44333
-2.4   -2.7   10.59
-2.4   -2.4   16.13
-2.4   -2.0   19.8333
-2.4   -1.7   21.7067
-2.4   -1.4   21.6867
-2.4   -1.1   20.2533
-2.4   -0.8   17.3567
-2.4   -0.5   14.4567
-2.4   -0.2   12.2667
-2.4   0.2   10.3033
-2.4   0.5   8.74
-2.4   0.8   9.06333
-2.4   1.1   9.14
-2.4   1.4   8.48333
-2.4   1.7   6.87
-2.4   2.0   3.93667
-2.4   2.4   1.18667
-2.4   2.7   0
-2.4   3.0   0.896667
-2.0   -3.0   7.19667
-2.0   -2.7   12.9367
-2.0   -2.4   18.7
-2.0   -2.0   24.6167
-2.0   -1.7   23.3967
-2.0   -1.4   22.1967
-2.0   -1.1   21.66
-2.0   -0.8   18.8067
-2.0   -0.5   12.57
-2.0   -0.2   10.4933
-2.0   0.2   8.01333
-2.0   0.5   7.18333
-2.0   0.8   6.56667
-2.0   1.1   6.50333
-2.0   1.4   6.67667
-2.0   1.7   5.55667
-2.0   2.0   3.93667
-2.0   2.4   1.94667
-2.0   2.7   1.35667
-2.0   3.0   3.10333
-1.7   -3.0   9.29667
-1.7   -2.7   16.4633
-1.7   -2.4   21.6533
-1.7   -2.0   24.0133
-1.7   -1.7   34.8067
-1.7   -1.4   38.3067
-1.7   -1.1   21.9333
-1.7   -0.8   14.31
-1.7   -0.5   12.0867
-1.7   -0.2   7.77667
-1.7   0.2   5.76333
-1.7   0.5   3.90667
-1.7   0.8   2.75333
-1.7   1.1   2.60667
-1.7   1.4   3.21
-1.7   1.7   3.84
-1.7   2.0   3.19667
-1.7   2.4   2.22
-1.7   2.7   2.42667
-1.7   3.0   4.65333
-1.4   -3.0   11.6033
-1.4   -2.7   18.2933
-1.4   -2.4   26.4533
  -1.4   -2.0 **** 
-1.4   -1.7   32.9067
-1.4   -1.4   25.37
-1.4   -1.1   19.9267
-1.4   -0.8   13.3267
-1.4   -0.5   8.76667
-1.4   -0.2   5.4
-1.4   0.2   3.33
-1.4   0.5   1.52667
-1.4   0.8   0.436667
-1.4   1.1   0.296667
-1.4   1.4   1.07
-1.4   1.7   2.09667
-1.4   2.0   2.39667
-1.4   2.4   2.27333
-1.4   2.7   3.04
-1.4   3.0   5.82667
-1.1   -3.0   17.19
-1.1   -2.7   22.2467
-1.1   -2.4   26.6567
  -1.1   -2.0 **** 
  -1.1   -1.7 **** 
  -1.1   -1.4 **** 
-1.1   -1.1   20.89
-1.1   -0.8   12.0433
-1.1   -0.5   8.47333
-1.1   -0.2   5.46
-1.1   0.2   4.18667
-1.1   0.5   3.73667
-1.1   0.8   3.22333
-1.1   1.1   3.03
-1.1   1.4   3.51667
-1.1   1.7   3.63333
-1.1   2.0   3.76
-1.1   2.4   3.97667
-1.1   2.7   5.27
-1.1   3.0   8.92
  -0.8   -3.0 **** 
  -0.8   -2.7 **** 
  -0.8   -2.4 **** 
  -0.8   -2.0 **** 
  -0.8   -1.7 **** 
  -0.8   -1.4 **** 
-0.8   -1.1   22.3567
-0.8   -0.8   14.6
-0.8   -0.5   11.0867
-0.8   -0.2   9.71
-0.8   0.2   9.90667
-0.8   0.5   11.14
-0.8   0.8   11.3733
-0.8   1.1   10.9933
-0.8   1.4   9.72333
-0.8   1.7   9.44667
-0.8   2.0   8.81333
-0.8   2.4   9.27667
-0.8   2.7   11.81
-0.8   3.0   18.99
  -0.5   -3.0 **** 
  -0.5   -2.7 **** 
  -0.5   -2.4 **** 
  -0.5   -2.0 **** 
  -0.5   -1.7 **** 
  -0.5   -1.4 **** 
-0.5   -1.1   23.14
-0.5   -0.8   18.93
-0.5   -0.5   18.14
-0.5   -0.2   17.6733
-0.5   0.2   20.5967
-0.5   0.5   23.53
-0.5   0.8   21.3733
-0.5   1.1   19.4333
-0.5   1.4   20.6433
-0.5   1.7   17.1267
-0.5   2.0   17.14
-0.5   2.4   18.7567
-0.5   2.7   23.1233
  -0.5    3.0 **** 
  -0.2   -3.0 **** 
  -0.2   -2.7 **** 
  -0.2   -2.4 **** 
  -0.2   -2.0 **** 
  -0.2   -1.7 **** 
  -0.2   -1.4 **** 
-0.2   -1.1   25.7433
-0.2   -0.8   28.0667
-0.2   -0.5   22.74
-0.2   -0.2   25.9133
  -0.2    0.2 **** 
  -0.2    0.5 **** 
-0.2   0.8   25.9667
-0.2   1.1   45.2667
  -0.2    1.4 **** 
-0.2   1.7   23.3667
-0.2   2.0   26.2367
  -0.2    2.4 **** 
-0.2   2.7   25.7433
  -0.2    3.0 **** 
   0.2   -3.0 **** 
   0.2   -2.7 **** 
   0.2   -2.4 **** 
   0.2   -2.0 **** 
0.2   -1.7   25.8267
0.2   -1.4   29.34
0.2   -1.1   21.8
0.2   -0.8   24.4267
0.2   -0.5   24.31
0.2   -0.2   29.41
0.2   0.2   23.84
0.2   0.5   28.68
0.2   0.8   26.3033
   0.2    1.1 **** 
0.2   1.4   23.3533
0.2   1.7   32.4667
   0.2    2.0 **** 
   0.2    2.4 **** 
   0.2    2.7 **** 
   0.2    3.0 **** 
   0.5   -3.0 **** 
   0.5   -2.7 **** 
   0.5   -2.4 **** 
0.5   -2.0   26.54
0.5   -1.7   19.9967
0.5   -1.4   18.4
0.5   -1.1   18.21
0.5   -0.8   18.0667
0.5   -0.5   15.7567
0.5   -0.2   18.0267
0.5   0.2   18.7633
0.5   0.5   19.5567
0.5   0.8   21.9967
0.5   1.1   23.9467
   0.5    1.4 **** 
   0.5    1.7 **** 
   0.5    2.0 **** 
   0.5    2.4 **** 
   0.5    2.7 **** 
   0.5    3.0 **** 
0.8   -3.0   26.7367
0.8   -2.7   21.8467
0.8   -2.4   18.29
0.8   -2.0   16.8133
0.8   -1.7   13.31
0.8   -1.4   11.2033
0.8   -1.1   10.43
0.8   -0.8   9.39333
0.8   -0.5   9.63
0.8   -0.2   9.74333
0.8   0.2   11.7833
0.8   0.5   13.68
0.8   0.8   16.8667
0.8   1.1   30.7867
   0.8    1.4 **** 
   0.8    1.7 **** 
   0.8    2.0 **** 
   0.8    2.4 **** 
   0.8    2.7 **** 
0.8   3.0   29.92
1.1   -3.0   19.9133
1.1   -2.7   18.0667
1.1   -2.4   16.9967
1.1   -2.0   15.1233
1.1   -1.7   12.5433
1.1   -1.4   9.55667
1.1   -1.1   7.62333
1.1   -0.8   7.3
1.1   -0.5   7.34
1.1   -0.2   8.54667
1.1   0.2   11.9633
1.1   0.5   15.1967
1.1   0.8   24.1733
1.1   1.1   33.3867
1.1   1.4   25.6833
   1.1    1.7 **** 
   1.1    2.0 **** 
   1.1    2.4 **** 
   1.1    2.7 **** 
1.1   3.0   22.6167
1.4   -3.0   26.46
1.4   -2.7   26.6067
1.4   -2.4   25.4467
1.4   -2.0   19.2467
1.4   -1.7   17.8067
1.4   -1.4   14.5433
1.4   -1.1   12.52
1.4   -0.8   11.2033
1.4   -0.5   12.4
1.4   -0.2   14.15
1.4   0.2   18.5167
1.4   0.5   21.8533
   1.4    0.8 **** 
   1.4    1.1 **** 
   1.4    1.4 **** 
   1.4    1.7 **** 
   1.4    2.0 **** 
   1.4    2.4 **** 
   1.4    2.7 **** 
1.4   3.0   32.4733
   1.7   -3.0 **** 
   1.7   -2.7 **** 
   1.7   -2.4 **** 
   1.7   -2.0 **** 
1.7   -1.7   29.8733
1.7   -1.4   25.84
1.7   -1.1   27.7833
1.7   -0.8   27.29
   1.7   -0.5 **** 
   1.7   -0.2 **** 
   1.7    0.2 **** 
   1.7    0.5 **** 
   1.7    0.8 **** 
   1.7    1.1 **** 
   1.7    1.4 **** 
   1.7    1.7 **** 
   1.7    2.0 **** 
   1.7    2.4 **** 
   1.7    2.7 **** 
   1.7    3.0 **** 
   2.0   -3.0 **** 
   2.0   -2.7 **** 
   2.0   -2.4 **** 
   2.0   -2.0 **** 
   2.0   -1.7 **** 
   2.0   -1.4 **** 
   2.0   -1.1 **** 
   2.0   -0.8 **** 
   2.0   -0.5 **** 
   2.0   -0.2 **** 
   2.0    0.2 **** 
   2.0    0.5 **** 
   2.0    0.8 **** 
   2.0    1.1 **** 
   2.0    1.4 **** 
   2.0    1.7 **** 
   2.0    2.0 **** 
   2.0    2.4 **** 
   2.0    2.7 **** 
   2.0    3.0 **** 
   2.4   -3.0 **** 
   2.4   -2.7 **** 
   2.4   -2.4 **** 
   2.4   -2.0 **** 
   2.4   -1.7 **** 
   2.4   -1.4 **** 
   2.4   -1.1 **** 
   2.4   -0.8 **** 
   2.4   -0.5 **** 
   2.4   -0.2 **** 
   2.4    0.2 **** 
   2.4    0.5 **** 
   2.4    0.8 **** 
   2.4    1.1 **** 
   2.4    1.4 **** 
   2.4    1.7 **** 
   2.4    2.0 **** 
   2.4    2.4 **** 
   2.4    2.7 **** 
   2.4    3.0 **** 
   2.7   -3.0 **** 
   2.7   -2.7 **** 
   2.7   -2.4 **** 
   2.7   -2.0 **** 
   2.7   -1.7 **** 
   2.7   -1.4 **** 
   2.7   -1.1 **** 
   2.7   -0.8 **** 
   2.7   -0.5 **** 
   2.7   -0.2 **** 
   2.7    0.2 **** 
   2.7    0.5 **** 
   2.7    0.8 **** 
   2.7    1.1 **** 
   2.7    1.4 **** 
   2.7    1.7 **** 
   2.7    2.0 **** 
2.7   2.4   26.0467
2.7   2.7   24.2533
2.7   3.0   24.2133
3.0   -3.0   16.9767
3.0   -2.7   22.3167
   3.0   -2.4 **** 
   3.0   -2.0 **** 
   3.0   -1.7 **** 
   3.0   -1.4 **** 
   3.0   -1.1 **** 
3.0   -0.8   25.7367
   3.0   -0.5 **** 
3.0   -0.2   25.6733
   3.0    0.2 **** 
   3.0    0.5 **** 
   3.0    0.8 **** 
3.0   1.1   26.4467
   3.0    1.4 **** 
3.0   1.7   27.1133
3.0   2.0   20.1367
3.0   2.4   15.6967
3.0   2.7   12.0733
3.0   3.0   12.87

