-3.063053   -3.063053   2.971376
-3.063053   -2.905973   3.825863
-3.063053   -2.748894   4.714327
-3.063053   -2.591814   5.623809
-3.063053   -2.434734   6.618698
-3.063053   -2.277655   7.380968
-3.063053   -2.120575   -1
-3.063053   -1.963495   -1
-3.063053   -1.806416   7.606481
-3.063053   -1.649336   -1
-3.063053   -1.492257   -1
-3.063053   -1.335177   -1
-3.063053   -1.178097   -1
-3.063053   -1.021018   -1
-3.063053   -0.863938   -1
-3.063053   -0.706858   7.721668
-3.063053   -0.549779   -1
-3.063053   -0.392699   7.734894
-3.063053   -0.235619   -1
-3.063053   -0.078540   -1
-3.063053   0.078540   -1
-3.063053   0.235619   -1
-3.063053   0.392699   -1
-3.063053   0.549779   -1
-3.063053   0.706858   -1
-3.063053   0.863938   -1
-3.063053   1.021018   -1
-3.063053   1.178097   -1
-3.063053   1.335177   -1
-3.063053   1.492257   -1
-3.063053   1.649336   6.840639
-3.063053   1.806416   6.333621
-3.063053   1.963495   5.702767
-3.063053   2.120575   4.624387
-3.063053   2.277655   3.821050
-3.063053   2.434734   2.931439
-3.063053   2.591814   2.478388
-3.063053   2.748894   2.211767
-3.063053   2.905973   2.145102
-3.063053   3.063053   2.444736
-2.905973   -3.063053   1.833065
-2.905973   -2.905973   2.621970
-2.905973   -2.748894   3.623493
-2.905973   -2.591814   4.701286
-2.905973   -2.434734   5.675559
-2.905973   -2.277655   6.798584
-2.905973   -2.120575   7.303230
-2.905973   -1.963495   -1
-2.905973   -1.806416   -1
-2.905973   -1.649336   -1
-2.905973   -1.492257   7.088647
-2.905973   -1.335177   -1
-2.905973   -1.178097   7.521146
-2.905973   -1.021018   -1
-2.905973   -0.863938   7.523917
-2.905973   -0.706858   7.113458
-2.905973   -0.549779   7.528533
-2.905973   -0.392699   7.530114
-2.905973   -0.235619   -1
-2.905973   -0.078540   7.516259
-2.905973   0.078540   -1
-2.905973   0.235619   7.045174
-2.905973   0.392699   6.448451
-2.905973   0.549779   6.513960
-2.905973   0.706858   6.603161
-2.905973   0.863938   6.337441
-2.905973   1.021018   6.404485
-2.905973   1.178097   6.536091
-2.905973   1.335177   6.837697
-2.905973   1.492257   5.572259
-2.905973   1.649336   6.215919
-2.905973   1.806416   4.965087
-2.905973   1.963495   4.078123
-2.905973   2.120575   3.175223
-2.905973   2.277655   2.418122
-2.905973   2.434734   1.731797
-2.905973   2.591814   1.248659
-2.905973   2.748894   0.992803
-2.905973   2.905973   1.007067
-2.905973   3.063053   1.292580
-2.748894   -3.063053   1.245095
-2.748894   -2.905973   2.029666
-2.748894   -2.748894   2.937814
-2.748894   -2.591814   4.002248
-2.748894   -2.434734   4.925299
-2.748894   -2.277655   6.100189
-2.748894   -2.120575   -1
-2.748894   -1.963495   -1
-2.748894   -1.806416   7.279265
-2.748894   -1.649336   7.317727
-2.748894   -1.492257   -1
-2.748894   -1.335177   -1
-2.748894   -1.178097   -1
-2.748894   -1.021018   7.348068
-2.748894   -0.863938   6.688601
-2.748894   -0.706858   6.379408
-2.748894   -0.549779   6.679089
-2.748894   -0.392699   6.915717
-2.748894   -0.235619   6.666581
-2.748894   -0.078540   6.347794
-2.748894   0.078540   5.972843
-2.748894   0.235619   6.175726
-2.748894   0.392699   5.503242
-2.748894   0.549779   5.230105
-2.748894   0.706858   5.227272
-2.748894   0.863938   5.465626
-2.748894   1.021018   5.413677
-2.748894   1.178097   5.424178
-2.748894   1.335177   5.051682
-2.748894   1.492257   5.036960
-2.748894   1.649336   4.663898
-2.748894   1.806416   3.823378
-2.748894   1.963495   2.978589
-2.748894   2.120575   2.266223
-2.748894   2.277655   1.541164
-2.748894   2.434734   0.919046
-2.748894   2.591814   0.518195
-2.748894   2.748894   0.309250
-2.748894   2.905973   0.360915
-2.748894   3.063053   0.664812
-2.591814   -3.063053   1.077424
-2.591814   -2.905973   1.878830
-2.591814   -2.748894   2.811744
-2.591814   -2.591814   3.821694
-2.591814   -2.434734   4.957522
-2.591814   -2.277655   5.865818
-2.591814   -2.120575   6.369670
-2.591814   -1.963495   7.096144
-2.591814   -1.806416   -1
-2.591814   -1.649336   6.532857
-2.591814   -1.492257   -1
-2.591814   -1.335177   7.211617
-2.591814   -1.178097   6.552970
-2.591814   -1.021018   6.540985
-2.591814   -0.863938   7.179474
-2.591814   -0.706858   6.098437
-2.591814   -0.549779   6.084479
-2.591814   -0.392699   5.899875
-2.591814   -0.235619   6.296782
-2.591814   -0.078540   5.530733
-2.591814   0.078540   5.156149
-2.591814   0.235619   4.881551
-2.591814   0.392699   4.684289
-2.591814   0.549779   4.554993
-2.591814   0.706858   4.472261
-2.591814   0.863938   4.666673
-2.591814   1.021018   4.545370
-2.591814   1.178097   4.353857
-2.591814   1.335177   4.329994
-2.591814   1.492257   4.054916
-2.591814   1.649336   3.726308
-2.591814   1.806416   3.126437
-2.591814   1.963495   2.482907
-2.591814   2.120575   1.727273
-2.591814   2.277655   1.089073
-2.591814   2.434734   0.567002
-2.591814   2.591814   0.190750
-2.591814   2.748894   0.036995
-2.591814   2.905973   0.139924
-2.591814   3.063053   0.491525
-2.434734   -3.063053   1.273794
-2.434734   -2.905973   2.079718
-2.434734   -2.748894   3.080359
-2.434734   -2.591814   4.214813
-2.434734   -2.434734   5.307039
-2.434734   -2.277655   5.884657
-2.434734   -2.120575   6.932852
-2.434734   -1.963495   6.592244
-2.434734   -1.806416   -1
-2.434734   -1.649336   -1
-2.434734   -1.492257   7.105996
-2.434734   -1.335177   -1
-2.434734   -1.178097   6.681379
-2.434734   -1.021018   6.660002
-2.434734   -0.863938   6.392437
-2.434734   -0.706858   6.605829
-2.434734   -0.549779   5.754170
-2.434734   -0.392699   6.140723
-2.434734   -0.235619   5.512788
-2.434734   -0.078540   4.949143
-2.434734   0.078540   4.523034
-2.434734   0.235619   4.157315
-2.434734   0.392699   4.029985
-2.434734   0.549779   3.947302
-2.434734   0.706858   3.925304
-2.434734   0.863938   4.028806
-2.434734   1.021018   4.154903
-2.434734   1.178097   4.049511
-2.434734   1.335177   3.825503
-2.434734   1.492257   3.759065
-2.434734   1.649336   3.284827
-2.434734   1.806416   2.807550
-2.434734   1.963495   2.166569
-2.434734   2.120575   1.544664
-2.434734   2.277655   0.967506
-2.434734   2.434734   0.505418
-2.434734   2.591814   0.178345
-2.434734   2.748894   0.092400
-2.434734   2.905973   0.240493
-2.434734   3.063053   0.650943
-2.277655   -3.063053   1.706901
-2.277655   -2.905973   2.580519
-2.277655   -2.748894   3.449713
-2.277655   -2.591814   4.601645
-2.277655   -2.434734   5.448863
-2.277655   -2.277655   6.140211
-2.277655   -2.120575   -1
-2.277655   -1.963495   -1
-2.277655   -1.806416   -1
-2.277655   -1.649336   -1
-2.277655   -1.492257   -1
-2.277655   -1.335177   -1
-2.277655   -1.178097   -1
-2.277655   -1.021018   -1
-2.277655   -0.863938   -1
-2.277655   -0.706858   6.082596
-2.277655   -0.549779   6.039477
-2.277655   -0.392699   5.252447
-2.277655   -0.235619   4.891074
-2.277655   -0.078540   4.659903
-2.277655   0.078540   4.058329
-2.277655   0.235619   3.759462
-2.277655   0.392699   3.618001
-2.277655   0.549779   3.528283
-2.277655   0.706858   3.572742
-2.277655   0.863938   3.427105
-2.277655   1.021018   3.470509
-2.277655   1.178097   3.590010
-2.277655   1.335177   3.342806
-2.277655   1.492257   3.497346
-2.277655   1.649336   3.122532
-2.277655   1.806416   2.631121
-2.277655   1.963495   2.096870
-2.277655   2.120575   1.548018
-2.277655   2.277655   1.006663
-2.277655   2.434734   0.626674
-2.277655   2.591814   0.388521
-2.277655   2.748894   0.342555
-2.277655   2.905973   0.553840
-2.277655   3.063053   0.992089
-2.120575   -3.063053   2.212876
-2.120575   -2.905973   3.122680
-2.120575   -2.748894   4.158300
-2.120575   -2.591814   5.250557
-2.120575   -2.434734   6.026680
-2.120575   -2.277655   -1
-2.120575   -2.120575   -1
-2.120575   -1.963495   -1
-2.120575   -1.806416   -1
-2.120575   -1.649336   7.021043
-2.120575   -1.492257   -1
-2.120575   -1.335177   -1
-2.120575   -1.178097   -1
-2.120575   -1.021018   -1
-2.120575   -0.863938   -1
-2.120575   -0.706858   6.013332
-2.120575   -0.549779   5.819303
-2.120575   -0.392699   5.030414
-2.120575   -0.235619   4.492751
-2.120575   -0.078540   4.088550
-2.120575   0.078540   3.691626
-2.120575   0.235619   3.476472
-2.120575   0.392699   3.223620
-2.120575   0.549779   3.135016
-2.120575   0.706858   3.122892
-2.120575   0.863938   3.027295
-2.120575   1.021018   3.103064
-2.120575   1.178097   3.106081
-2.120575   1.335177   3.127566
-2.120575   1.492257   2.940640
-2.120575   1.649336   2.777343
-2.120575   1.806416   2.429941
-2.120575   1.963495   2.004162
-2.120575   2.120575   1.548870
-2.120575   2.277655   1.153029
-2.120575   2.434734   0.823492
-2.120575   2.591814   0.689127
-2.120575   2.748894   0.703417
-2.120575   2.905973   0.968097
-2.120575   3.063053   1.488939
-1.963495   -3.063053   2.680890
-1.963495   -2.905973   3.621886
-1.963495   -2.748894   4.543964
-1.963495   -2.591814   6.591926
-1.963495   -2.434734   -1
-1.963495   -2.277655   -1
-1.963495   -2.120575   -1
-1.963495   -1.963495   -1
-1.963495   -1.806416   7.020189
-1.963495   -1.649336   -1
-1.963495   -1.492257   -1
-1.963495   -1.335177   -1
-1.963495   -1.178097   -1
-1.963495   -1.021018   -1
-1.963495   -0.863938   6.886928
-1.963495   -0.706858   6.813078
-1.963495   -0.549779   5.667616
-1.963495   -0.392699   4.932674
-1.963495   -0.235619   4.209952
-1.963495   -0.078540   3.650828
-1.963495   0.078540   3.293148
-1.963495   0.235619   3.061416
-1.963495   0.392699   2.819879
-1.963495   0.549779   2.651949
-1.963495   0.706858   2.527483
-1.963495   0.863938   2.499078
-1.963495   1.021018   2.415632
-1.963495   1.178097   2.392519
-1.963495   1.335177   2.498921
-1.963495   1.492257   2.557215
-1.963495   1.649336   2.444950
-1.963495   1.806416   2.244846
-1.963495   1.963495   1.889003
-1.963495   2.120575   1.585747
-1.963495   2.277655   1.273290
-1.963495   2.434734   1.000582
-1.963495   2.591814   0.934854
-1.963495   2.748894   1.027105
-1.963495   2.905973   1.366636
-1.963495   3.063053   1.920066
-1.806416   -3.063053   3.122783
-1.806416   -2.905973   4.226409
-1.806416   -2.748894   5.158607
-1.806416   -2.591814   6.659254
-1.806416   -2.434734   -1
-1.806416   -2.277655   -1
-1.806416   -2.120575   -1
-1.806416   -1.963495   -1
-1.806416   -1.806416   -1
-1.806416   -1.649336   -1
-1.806416   -1.492257   -1
-1.806416   -1.335177   -1
-1.806416   -1.178097   -1
-1.806416   -1.021018   -1
-1.806416   -0.863938   6.264171
-1.806416   -0.706858   5.765122
-1.806416   -0.549779   5.577481
-1.806416   -0.392699   4.369642
-1.806416   -0.235619   3.694293
-1.806416   -0.078540   3.215843
-1.806416   0.078540   2.863374
-1.806416   0.235619   2.519309
-1.806416   0.392699   2.258952
-1.806416   0.549779   2.059844
-1.806416   0.706858   1.806808
-1.806416   0.863938   1.633532
-1.806416   1.021018   1.556355
-1.806416   1.178097   1.642648
-1.806416   1.335177   1.757565
-1.806416   1.492257   1.897004
-1.806416   1.649336   1.953883
-1.806416   1.806416   1.886832
-1.806416   1.963495   1.679026
-1.806416   2.120575   1.517884
-1.806416   2.277655   1.269912
-1.806416   2.434734   1.143241
-1.806416   2.591814   1.138059
-1.806416   2.748894   1.289378
-1.806416   2.905973   1.700729
-1.806416   3.063053   2.357020
-1.649336   -3.063053   3.519289
-1.649336   -2.905973   4.409127
-1.649336   -2.748894   5.466672
-1.649336   -2.591814   -1
-1.649336   -2.434734   -1
-1.649336   -2.277655   -1
-1.649336   -2.120575   -1
-1.649336   -1.963495   -1
-1.649336   -1.806416   -1
-1.649336   -1.649336   -1
-1.649336   -1.492257   -1
-1.649336   -1.335177   -1
-1.649336   -1.178097   -1
-1.649336   -1.021018   7.063616
-1.649336   -0.863938   6.329342
-1.649336   -0.706858   6.232838
-1.649336   -0.549779   4.754140
-1.649336   -0.392699   4.053355
-1.649336   -0.235619   3.281095
-1.649336   -0.078540   2.725927
-1.649336   0.078540   2.296806
-1.649336   0.235619   1.975084
-1.649336   0.392699   1.625390
-1.649336   0.549779   1.298021
-1.649336   0.706858   0.979984
-1.649336   0.863938   0.760665
-1.649336   1.021018   0.694998
-1.649336   1.178097   0.776345
-1.649336   1.335177   0.967984
-1.649336   1.492257   1.212276
-1.649336   1.649336   1.431560
-1.649336   1.806416   1.520168
-1.649336   1.963495   1.486779
-1.649336   2.120575   1.347911
-1.649336   2.277655   1.247974
-1.649336   2.434734   1.195925
-1.649336   2.591814   1.216738
-1.649336   2.748894   1.480353
-1.649336   2.905973   1.924389
-1.649336   3.063053   2.544427
-1.492257   -3.063053   3.938303
-1.492257   -2.905973   4.856274
-1.492257   -2.748894   5.915424
-1.492257   -2.591814   6.866120
-1.492257   -2.434734   -1
-1.492257   -2.277655   -1
-1.492257   -2.120575   -1
-1.492257   -1.963495   -1
-1.492257   -1.806416   -1
-1.492257   -1.649336   -1
-1.492257   -1.492257   -1
-1.492257   -1.335177   -1
-1.492257   -1.178097   -1
-1.492257   -1.021018   7.162099
-1.492257   -0.863938   6.664642
-1.492257   -0.706858   5.192205
-1.492257   -0.549779   4.364565
-1.492257   -0.392699   3.498677
-1.492257   -0.235619   2.813400
-1.492257   -0.078540   2.268444
-1.492257   0.078540   1.818644
-1.492257   0.235619   1.455025
-1.492257   0.392699   1.032780
-1.492257   0.549779   0.652648
-1.492257   0.706858   0.334141
-1.492257   0.863938   0.144017
-1.492257   1.021018   0.082806
-1.492257   1.178097   0.172918
-1.492257   1.335177   0.404010
-1.492257   1.492257   0.732193
-1.492257   1.649336   1.036051
-1.492257   1.806416   1.220100
-1.492257   1.963495   1.302571
-1.492257   2.120575   1.296694
-1.492257   2.277655   1.229927
-1.492257   2.434734   1.226202
-1.492257   2.591814   1.367884
-1.492257   2.748894   1.632955
-1.492257   2.905973   2.145682
-1.492257   3.063053   2.886173
-1.335177   -3.063053   4.268210
-1.335177   -2.905973   5.431031
-1.335177   -2.748894   -1
-1.335177   -2.591814   -1
-1.335177   -2.434734   -1
-1.335177   -2.277655   -1
-1.335177   -2.120575   -1
-1.335177   -1.963495   -1
-1.335177   -1.806416   -1
-1.335177   -1.649336   -1
-1.335177   -1.492257   -1
-1.335177   -1.335177   -1
-1.335177   -1.178097   -1
-1.335177   -1.021018   -1
-1.335177   -0.863938   6.778358
-1.335177   -0.706858   5.042090
-1.335177   -0.549779   3.887335
-1.335177   -0.392699   3.090565
-1.335177   -0.235619   2.490315
-1.335177   -0.078540   1.978108
-1.335177   0.078540   1.549053
-1.335177   0.235619   1.164680
-1.335177   0.392699   0.766015
-1.335177   0.549779   0.411935
-1.335177   0.706858   0.165520
-1.335177   0.863938   0.026762
-1.335177   1.021018   0.000000
-1.335177   1.178097   0.105463
-1.335177   1.335177   0.307715
-1.335177   1.492257   0.625573
-1.335177   1.649336   0.920995
-1.335177   1.806416   1.159986
-1.335177   1.963495   1.252091
-1.335177   2.120575   1.299689
-1.335177   2.277655   1.302759
-1.335177   2.434734   1.372112
-1.335177   2.591814   1.531407
-1.335177   2.748894   1.881185
-1.335177   2.905973   2.511386
-1.335177   3.063053   3.303740
-1.178097   -3.063053   5.316461
-1.178097   -2.905973   6.459200
-1.178097   -2.748894   -1
-1.178097   -2.591814   -1
-1.178097   -2.434734   -1
-1.178097   -2.277655   -1
-1.178097   -2.120575   -1
-1.178097   -1.963495   -1
-1.178097   -1.806416   -1
-1.178097   -1.649336   -1
-1.178097   -1.492257   -1
-1.178097   -1.335177   -1
-1.178097   -1.178097   -1
-1.178097   -1.021018   6.748390
-1.178097   -0.863938   6.076865
-1.178097   -0.706858   4.751890
-1.178097   -0.549779   3.727572
-1.178097   -0.392699   3.007034
-1.178097   -0.235619   2.405432
-1.178097   -0.078540   1.975944
-1.178097   0.078540   1.617235
-1.178097   0.235619   1.269630
-1.178097   0.392699   0.985596
-1.178097   0.549779   0.756783
-1.178097   0.706858   0.593683
-1.178097   0.863938   0.529612
-1.178097   1.021018   0.523450
-1.178097   1.178097   0.599562
-1.178097   1.335177   0.770623
-1.178097   1.492257   0.995855
-1.178097   1.649336   1.248271
-1.178097   1.806416   1.469494
-1.178097   1.963495   1.514604
-1.178097   2.120575   1.598163
-1.178097   2.277655   1.618613
-1.178097   2.434734   1.729016
-1.178097   2.591814   1.961629
-1.178097   2.748894   2.382671
-1.178097   2.905973   3.037404
-1.178097   3.063053   4.115708
-1.021018   -3.063053   -1
-1.021018   -2.905973   7.002118
-1.021018   -2.748894   -1
-1.021018   -2.591814   -1
-1.021018   -2.434734   -1
-1.021018   -2.277655   -1
-1.021018   -2.120575   -1
-1.021018   -1.963495   -1
-1.021018   -1.806416   -1
-1.021018   -1.649336   -1
-1.021018   -1.492257   -1
-1.021018   -1.335177   -1
-1.021018   -1.178097   7.594805
-1.021018   -1.021018   -1
-1.021018   -0.863938   6.070301
-1.021018   -0.706858   4.995032
-1.021018   -0.549779   3.995273
-1.021018   -0.392699   3.210533
-1.021018   -0.235619   2.734334
-1.021018   -0.078540   2.440394
-1.021018   0.078540   2.146812
-1.021018   0.235619   1.923581
-1.021018   0.392699   1.754634
-1.021018   0.549779   1.703759
-1.021018   0.706858   1.622178
-1.021018   0.863938   1.616645
-1.021018   1.021018   1.605404
-1.021018   1.178097   1.670585
-1.021018   1.335177   1.783714
-1.021018   1.492257   1.907549
-1.021018   1.649336   2.076939
-1.021018   1.806416   2.160721
-1.021018   1.963495   2.144209
-1.021018   2.120575   2.216873
-1.021018   2.277655   2.246166
-1.021018   2.434734   2.391055
-1.021018   2.591814   2.693053
-1.021018   2.748894   3.273052
-1.021018   2.905973   4.047959
-1.021018   3.063053   5.324735
-0.863938   -3.063053   -1
-0.863938   -2.905973   -1
-0.863938   -2.748894   -1
-0.863938   -2.591814   -1
-0.863938   -2.434734   -1
-0.863938   -2.277655   -1
-0.863938   -2.120575   -1
-0.863938   -1.963495   -1
-0.863938   -1.806416   -1
-0.863938   -1.649336   -1
-0.863938   -1.492257   -1
-0.863938   -1.335177   -1
-0.863938   -1.178097   -1
-0.863938   -1.021018   6.825368
-0.863938   -0.863938   6.739598
-0.863938   -0.706858   5.133557
-0.863938   -0.549779   4.446579
-0.863938   -0.392699   3.904264
-0.863938   -0.235619   3.493405
-0.863938   -0.078540   3.331486
-0.863938   0.078540   3.197427
-0.863938   0.235619   3.093872
-0.863938   0.392699   3.137513
-0.863938   0.549779   3.204187
-0.863938   0.706858   3.220859
-0.863938   0.863938   3.275327
-0.863938   1.021018   3.307680
-0.863938   1.178097   3.188021
-0.863938   1.335177   3.289641
-0.863938   1.492257   3.236214
-0.863938   1.649336   3.265886
-0.863938   1.806416   3.157209
-0.863938   1.963495   3.207651
-0.863938   2.120575   3.137128
-0.863938   2.277655   3.276921
-0.863938   2.434734   3.422832
-0.863938   2.591814   3.806495
-0.863938   2.748894   4.515243
-0.863938   2.905973   5.522198
-0.863938   3.063053   -1
-0.706858   -3.063053   -1
-0.706858   -2.905973   -1
-0.706858   -2.748894   -1
-0.706858   -2.591814   -1
-0.706858   -2.434734   -1
-0.706858   -2.277655   -1
-0.706858   -2.120575   -1
-0.706858   -1.963495   -1
-0.706858   -1.806416   -1
-0.706858   -1.649336   -1
-0.706858   -1.492257   -1
-0.706858   -1.335177   -1
-0.706858   -1.178097   -1
-0.706858   -1.021018   7.766214
-0.706858   -0.863938   6.858851
-0.706858   -0.706858   5.773255
-0.706858   -0.549779   5.207375
-0.706858   -0.392699   4.789545
-0.706858   -0.235619   4.539610
-0.706858   -0.078540   4.496279
-0.706858   0.078540   4.516203
-0.706858   0.235619   4.870500
-0.706858   0.392699   4.901938
-0.706858   0.549779   5.157205
-0.706858   0.706858   5.167369
-0.706858   0.863938   5.210167
-0.706858   1.021018   5.410913
-0.706858   1.178097   4.934689
-0.706858   1.335177   5.434952
-0.706858   1.492257   4.551688
-0.706858   1.649336   4.554857
-0.706858   1.806416   4.486694
-0.706858   1.963495   4.669587
-0.706858   2.120575   4.737808
-0.706858   2.277655   4.603891
-0.706858   2.434734   5.035064
-0.706858   2.591814   6.006206
-0.706858   2.748894   6.352117
-0.706858   2.905973   -1
-0.706858   3.063053   -1
-0.549779   -3.063053   -1
-0.549779   -2.905973   -1
-0.549779   -2.748894   -1
-0.549779   -2.591814   -1
-0.549779   -2.434734   -1
-0.549779   -2.277655   -1
-0.549779   -2.120575   -1
-0.549779   -1.963495   -1
-0.549779   -1.806416   -1
-0.549779   -1.649336   -1
-0.549779   -1.492257   -1
-0.549779   -1.335177   -1
-0.549779   -1.178097   -1
-0.549779   -1.021018   -1
-0.549779   -0.863938   7.796817
-0.549779   -0.706858   6.277682
-0.549779   -0.549779   6.534504
-0.549779   -0.392699   5.919802
-0.549779   -0.235619   6.310571
-0.549779   -0.078540   6.027280
-0.549779   0.078540   6.089828
-0.549779   0.235619   6.094057
-0.549779   0.392699   6.951042
-0.549779   0.549779   6.853497
-0.549779   0.706858   -1
-0.549779   0.863938   -1
-0.549779   1.021018   -1
-0.549779   1.178097   6.097869
-0.549779   1.335177   -1
-0.549779   1.492257   6.416918
-0.549779   1.649336   -1
-0.549779   1.806416   6.419952
-0.549779   1.963495   6.045189
-0.549779   2.120575   5.861617
-0.549779   2.277655   5.764004
-0.549779   2.434734   -1
-0.549779   2.591814   -1
-0.549779   2.748894   -1
-0.549779   2.905973   -1
-0.549779   3.063053   -1
-0.392699   -3.063053   -1
-0.392699   -2.905973   -1
-0.392699   -2.748894   -1
-0.392699   -2.591814   -1
-0.392699   -2.434734   -1
-0.392699   -2.277655   -1
-0.392699   -2.120575   -1
-0.392699   -1.963495   -1
-0.392699   -1.806416   -1
-0.392699   -1.649336   -1
-0.392699   -1.492257   -1
-0.392699   -1.335177   -1
-0.392699   -1.178097   -1
-0.392699   -1.021018   -1
-0.392699   -0.863938   7.904915
-0.392699   -0.706858   7.820970
-0.392699   -0.549779   7.728680
-0.392699   -0.392699   7.219893
-0.392699   -0.235619   7.123053
-0.392699   -0.078540   -1
-0.392699   0.078540   -1
-0.392699   0.235619   -1
-0.392699   0.392699   -1
-0.392699   0.549779   -1
-0.392699   0.706858   -1
-0.392699   0.863938   -1
-0.392699   1.021018   -1
-0.392699   1.178097   -1
-0.392699   1.335177   -1
-0.392699   1.492257   -1
-0.392699   1.649336   -1
-0.392699   1.806416   -1
-0.392699   1.963495   -1
-0.392699   2.120575   -1
-0.392699   2.277655   -1
-0.392699   2.434734   -1
-0.392699   2.591814   -1
-0.392699   2.748894   -1
-0.392699   2.905973   -1
-0.392699   3.063053   -1
-0.235619   -3.063053   -1
-0.235619   -2.905973   -1
-0.235619   -2.748894   -1
-0.235619   -2.591814   -1
-0.235619   -2.434734   -1
-0.235619   -2.277655   -1
-0.235619   -2.120575   -1
-0.235619   -1.963495   -1
-0.235619   -1.806416   -1
-0.235619   -1.649336   -1
-0.235619   -1.492257   -1
-0.235619   -1.335177   -1
-0.235619   -1.178097   -1
-0.235619   -1.021018   -1
-0.235619   -0.863938   -1
-0.235619   -0.706858   -1
-0.235619   -0.549779   -1
-0.235619   -0.392699   -1
-0.235619   -0.235619   -1
-0.235619   -0.078540   -1
-0.235619   0.078540   -1
-0.235619   0.235619   -1
-0.235619   0.392699   -1
-0.235619   0.549779   -1
-0.235619   0.706858   -1
-0.235619   0.863938   -1
-0.235619   1.021018   -1
-0.235619   1.178097   -1
-0.235619   1.335177   -1
-0.235619   1.492257   -1
-0.235619   1.649336   -1
-0.235619   1.806416   -1
-0.235619   1.963495   -1
-0.235619   2.120575   -1
-0.235619   2.277655   -1
-0.235619   2.434734   -1
-0.235619   2.591814   -1
-0.235619   2.748894   -1
-0.235619   2.905973   -1
-0.235619   3.063053   -1
-0.078540   -3.063053   -1
-0.078540   -2.905973   -1
-0.078540   -2.748894   -1
-0.078540   -2.591814   -1
-0.078540   -2.434734   -1
-0.078540   -2.277655   -1
-0.078540   -2.120575   -1
-0.078540   -1.963495   -1
-0.078540   -1.806416   -1
-0.078540   -1.649336   -1
-0.078540   -1.492257   -1
-0.078540   -1.335177   -1
-0.078540   -1.178097   -1
-0.078540   -1.021018   -1
-0.078540   -0.863938   -1
-0.078540   -0.706858   -1
-0.078540   -0.549779   -1
-0.078540   -0.392699   -1
-0.078540   -0.235619   -1
-0.078540   -0.078540   -1
-0.078540   0.078540   -1
-0.078540   0.235619   -1
-0.078540   0.392699   -1
-0.078540   0.549779   -1
-0.078540   0.706858   -1
-0.078540   0.863938   -1
-0.078540   1.021018   -1
-0.078540   1.178097   -1
-0.078540   1.335177   -1
-0.078540   1.492257   -1
-0.078540   1.649336   -1
-0.078540   1.806416   -1
-0.078540   1.963495   -1
-0.078540   2.120575   -1
-0.078540   2.277655   -1
-0.078540   2.434734   -1
-0.078540   2.591814   -1
-0.078540   2.748894   -1
-0.078540   2.905973   -1
-0.078540   3.063053   -1
0.078540   -3.063053   -1
0.078540   -2.905973   -1
0.078540   -2.748894   -1
0.078540   -2.591814   -1
0.078540   -2.434734   -1
0.078540   -2.277655   -1
0.078540   -2.120575   -1
0.078540   -1.963495   -1
0.078540   -1.806416   -1
0.078540   -1.649336   -1
0.078540   -1.492257   -1
0.078540   -1.335177   -1
0.078540   -1.178097   -1
0.078540   -1.021018   -1
0.078540   -0.863938   -1
0.078540   -0.706858   -1
0.078540   -0.549779   -1
0.078540   -0.392699   -1
0.078540   -0.235619   -1
0.078540   -0.078540   -1
0.078540   0.078540   -1
0.078540   0.235619   -1
0.078540   0.392699   -1
0.078540   0.549779   -1
0.078540   0.706858   -1
0.078540   0.863938   -1
0.078540   1.021018   -1
0.078540   1.178097   -1
0.078540   1.335177   -1
0.078540   1.492257   -1
0.078540   1.649336   -1
0.078540   1.806416   -1
0.078540   1.963495   -1
0.078540   2.120575   -1
0.078540   2.277655   -1
0.078540   2.434734   -1
0.078540   2.591814   -1
0.078540   2.748894   -1
0.078540   2.905973   -1
0.078540   3.063053   -1
0.235619   -3.063053   -1
0.235619   -2.905973   -1
0.235619   -2.748894   -1
0.235619   -2.591814   -1
0.235619   -2.434734   -1
0.235619   -2.277655   -1
0.235619   -2.120575   -1
0.235619   -1.963495   -1
0.235619   -1.806416   -1
0.235619   -1.649336   -1
0.235619   -1.492257   -1
0.235619   -1.335177   -1
0.235619   -1.178097   -1
0.235619   -1.021018   -1
0.235619   -0.863938   -1
0.235619   -0.706858   -1
0.235619   -0.549779   -1
0.235619   -0.392699   -1
0.235619   -0.235619   -1
0.235619   -0.078540   -1
0.235619   0.078540   -1
0.235619   0.235619   -1
0.235619   0.392699   -1
0.235619   0.549779   -1
0.235619   0.706858   -1
0.235619   0.863938   -1
0.235619   1.021018   -1
0.235619   1.178097   -1
0.235619   1.335177   -1
0.235619   1.492257   -1
0.235619   1.649336   -1
0.235619   1.806416   -1
0.235619   1.963495   -1
0.235619   2.120575   -1
0.235619   2.277655   -1
0.235619   2.434734   -1
0.235619   2.591814   -1
0.235619   2.748894   -1
0.235619   2.905973   -1
0.235619   3.063053   -1
0.392699   -3.063053   -1
0.392699   -2.905973   -1
0.392699   -2.748894   -1
0.392699   -2.591814   -1
0.392699   -2.434734   -1
0.392699   -2.277655   -1
0.392699   -2.120575   -1
0.392699   -1.963495   -1
0.392699   -1.806416   -1
0.392699   -1.649336   -1
0.392699   -1.492257   -1
0.392699   -1.335177   -1
0.392699   -1.178097   -1
0.392699   -1.021018   -1
0.392699   -0.863938   -1
0.392699   -0.706858   -1
0.392699   -0.549779   -1
0.392699   -0.392699   -1
0.392699   -0.235619   -1
0.392699   -0.078540   8.331089
0.392699   0.078540   -1
0.392699   0.235619   8.255269
0.392699   0.392699   -1
0.392699   0.549779   -1
0.392699   0.706858   -1
0.392699   0.863938   -1
0.392699   1.021018   -1
0.392699   1.178097   -1
0.392699   1.335177   -1
0.392699   1.492257   -1
0.392699   1.649336   -1
0.392699   1.806416   -1
0.392699   1.963495   -1
0.392699   2.120575   -1
0.392699   2.277655   -1
0.392699   2.434734   -1
0.392699   2.591814   -1
0.392699   2.748894   -1
0.392699   2.905973   -1
0.392699   3.063053   -1
0.549779   -3.063053   -1
0.549779   -2.905973   -1
0.549779   -2.748894   -1
0.549779   -2.591814   -1
0.549779   -2.434734   -1
0.549779   -2.277655   -1
0.549779   -2.120575   -1
0.549779   -1.963495   -1
0.549779   -1.806416   -1
0.549779   -1.649336   8.535823
0.549779   -1.492257   -1
0.549779   -1.335177   8.563353
0.549779   -1.178097   8.148378
0.549779   -1.021018   7.244972
0.549779   -0.863938   7.716354
0.549779   -0.706858   7.004492
0.549779   -0.549779   6.950939
0.549779   -0.392699   7.085078
0.549779   -0.235619   6.929717
0.549779   -0.078540   7.656953
0.549779   0.078540   7.217053
0.549779   0.235619   7.589506
0.549779   0.392699   8.360245
0.549779   0.549779   7.879400
0.549779   0.706858   -1
0.549779   0.863938   -1
0.549779   1.021018   -1
0.549779   1.178097   -1
0.549779   1.335177   -1
0.549779   1.492257   -1
0.549779   1.649336   -1
0.549779   1.806416   -1
0.549779   1.963495   -1
0.549779   2.120575   -1
0.549779   2.277655   -1
0.549779   2.434734   -1
0.549779   2.591814   -1
0.549779   2.748894   -1
0.549779   2.905973   -1
0.549779   3.063053   -1
0.706858   -3.063053   -1
0.706858   -2.905973   -1
0.706858   -2.748894   -1
0.706858   -2.591814   -1
0.706858   -2.434734   -1
0.706858   -2.277655   -1
0.706858   -2.120575   -1
0.706858   -1.963495   -1
0.706858   -1.806416   -1
0.706858   -1.649336   8.196237
0.706858   -1.492257   7.566094
0.706858   -1.335177   7.336199
0.706858   -1.178097   6.685353
0.706858   -1.021018   6.406421
0.706858   -0.863938   5.860655
0.706858   -0.706858   5.733093
0.706858   -0.549779   5.759182
0.706858   -0.392699   5.515756
0.706858   -0.235619   5.532231
0.706858   -0.078540   5.802384
0.706858   0.078540   6.195861
0.706858   0.235619   6.903605
0.706858   0.392699   6.930673
0.706858   0.549779   8.020664
0.706858   0.706858   8.351048
0.706858   0.863938   -1
0.706858   1.021018   -1
0.706858   1.178097   -1
0.706858   1.335177   -1
0.706858   1.492257   -1
0.706858   1.649336   -1
0.706858   1.806416   -1
0.706858   1.963495   -1
0.706858   2.120575   -1
0.706858   2.277655   -1
0.706858   2.434734   -1
0.706858   2.591814   -1
0.706858   2.748894   -1
0.706858   2.905973   -1
0.706858   3.063053   -1
0.863938   -3.063053   -1
0.863938   -2.905973   -1
0.863938   -2.748894   -1
0.863938   -2.591814   -1
0.863938   -2.434734   -1
0.863938   -2.277655   -1
0.863938   -2.120575   -1
0.863938   -1.963495   8.580354
0.863938   -1.806416   7.679087
0.863938   -1.649336   7.306801
0.863938   -1.492257   6.720203
0.863938   -1.335177   6.014383
0.863938   -1.178097   5.628281
0.863938   -1.021018   5.170364
0.863938   -0.863938   4.794454
0.863938   -0.706858   4.572250
0.863938   -0.549779   4.501654
0.863938   -0.392699   4.531591
0.863938   -0.235619   4.692743
0.863938   -0.078540   5.088318
0.863938   0.078540   5.603775
0.863938   0.235619   6.151373
0.863938   0.392699   6.969489
0.863938   0.549779   -1
0.863938   0.706858   7.816641
0.863938   0.863938   -1
0.863938   1.021018   -1
0.863938   1.178097   -1
0.863938   1.335177   -1
0.863938   1.492257   -1
0.863938   1.649336   -1
0.863938   1.806416   -1
0.863938   1.963495   -1
0.863938   2.120575   -1
0.863938   2.277655   -1
0.863938   2.434734   -1
0.863938   2.591814   -1
0.863938   2.748894   -1
0.863938   2.905973   -1
0.863938   3.063053   -1
1.021018   -3.063053   -1
1.021018   -2.905973   -1
1.021018   -2.748894   -1
1.021018   -2.591814   -1
1.021018   -2.434734   -1
1.021018   -2.277655   -1
1.021018   -2.120575   -1
1.021018   -1.963495   8.224668
1.021018   -1.806416   -1
1.021018   -1.649336   7.498730
1.021018   -1.492257   6.413065
1.021018   -1.335177   5.665697
1.021018   -1.178097   5.048174
1.021018   -1.021018   4.549589
1.021018   -0.863938   4.242486
1.021018   -0.706858   4.051043
1.021018   -0.549779   4.024733
1.021018   -0.392699   4.146313
1.021018   -0.235619   4.467091
1.021018   -0.078540   4.957703
1.021018   0.078540   5.671991
1.021018   0.235619   6.359650
1.021018   0.392699   7.103213
1.021018   0.549779   8.647617
1.021018   0.706858   -1
1.021018   0.863938   -1
1.021018   1.021018   -1
1.021018   1.178097   -1
1.021018   1.335177   -1
1.021018   1.492257   -1
1.021018   1.649336   -1
1.021018   1.806416   -1
1.021018   1.963495   -1
1.021018   2.120575   -1
1.021018   2.277655   -1
1.021018   2.434734   -1
1.021018   2.591814   -1
1.021018   2.748894   -1
1.021018   2.905973   -1
1.021018   3.063053   -1
1.178097   -3.063053   -1
1.178097   -2.905973   -1
1.178097   -2.748894   -1
1.178097   -2.591814   -1
1.178097   -2.434734   -1
1.178097   -2.277655   -1
1.178097   -2.120575   -1
1.178097   -1.963495   -1
1.178097   -1.806416   -1
1.178097   -1.649336   7.545297
1.178097   -1.492257   6.768755
1.178097   -1.335177   5.934990
1.178097   -1.178097   5.289362
1.178097   -1.021018   4.728702
1.178097   -0.863938   4.381902
1.178097   -0.706858   4.255476
1.178097   -0.549779   4.310418
1.178097   -0.392699   4.572978
1.178097   -0.235619   5.016957
1.178097   -0.078540   5.621703
1.178097   0.078540   6.351450
1.178097   0.235619   7.225206
1.178097   0.392699   8.373699
1.178097   0.549779   8.719758
1.178097   0.706858   -1
1.178097   0.863938   -1
1.178097   1.021018   -1
1.178097   1.178097   -1
1.178097   1.335177   -1
1.178097   1.492257   -1
1.178097   1.649336   -1
1.178097   1.806416   -1
1.178097   1.963495   -1
1.178097   2.120575   -1
1.178097   2.277655   -1
1.178097   2.434734   -1
1.178097   2.591814   -1
1.178097   2.748894   -1
1.178097   2.905973   -1
1.178097   3.063053   -1
1.335177   -3.063053   -1
1.335177   -2.905973   -1
1.335177   -2.748894   -1
1.335177   -2.591814   -1
1.335177   -2.434734   -1
1.335177   -2.277655   -1
1.335177   -2.120575   -1
1.335177   -1.963495   -1
1.335177   -1.806416   -1
1.335177   -1.649336   -1
1.335177   -1.492257   -1
1.335177   -1.335177   6.973072
1.335177   -1.178097   6.214255
1.335177   -1.021018   5.699930
1.335177   -0.863938   5.406048
1.335177   -0.706858   5.336331
1.335177   -0.549779   5.482444
1.335177   -0.392699   5.899808
1.335177   -0.235619   6.496046
1.335177   -0.078540   7.097172
1.335177   0.078540   7.759909
1.335177   0.235619   -1
1.335177   0.392699   -1
1.335177   0.549779   -1
1.335177   0.706858   -1
1.335177   0.863938   -1
1.335177   1.021018   -1
1.335177   1.178097   -1
1.335177   1.335177   -1
1.335177   1.492257   -1
1.335177   1.649336   -1
1.335177   1.806416   -1
1.335177   1.963495   -1
1.335177   2.120575   -1
1.335177   2.277655   -1
1.335177   2.434734   -1
1.335177   2.591814   -1
1.335177   2.748894   -1
1.335177   2.905973   -1
1.335177   3.063053   -1
1.492257   -3.063053   -1
1.492257   -2.905973   -1
1.492257   -2.748894   -1
1.492257   -2.591814   -1
1.492257   -2.434734   -1
1.492257   -2.277655   -1
1.492257   -2.120575   -1
1.492257   -1.963495   -1
1.492257   -1.806416   -1
1.492257   -1.649336   -1
1.492257   -1.492257   -1
1.492257   -1.335177   -1
1.492257   -1.178097   8.892852
1.492257   -1.021018   7.948246
1.492257   -0.863938   7.269381
1.492257   -0.706858   7.181386
1.492257   -0.549779   7.520793
1.492257   -0.392699   7.892910
1.492257   -0.235619   8.551598
1.492257   -0.078540   8.305491
1.492257   0.078540   -1
1.492257   0.235619   -1
1.492257   0.392699   -1
1.492257   0.549779   -1
1.492257   0.706858   -1
1.492257   0.863938   -1
1.492257   1.021018   -1
1.492257   1.178097   -1
1.492257   1.335177   -1
1.492257   1.492257   -1
1.492257   1.649336   -1
1.492257   1.806416   -1
1.492257   1.963495   -1
1.492257   2.120575   -1
1.492257   2.277655   -1
1.492257   2.434734   -1
1.492257   2.591814   -1
1.492257   2.748894   -1
1.492257   2.905973   -1
1.492257   3.063053   -1
1.649336   -3.063053   -1
1.649336   -2.905973   -1
1.649336   -2.748894   -1
1.649336   -2.591814   -1
1.649336   -2.434734   -1
1.649336   -2.277655   -1
1.649336   -2.120575   -1
1.649336   -1.963495   -1
1.649336   -1.806416   -1
1.649336   -1.649336   -1
1.649336   -1.492257   -1
1.649336   -1.335177   -1
1.649336   -1.178097   -1
1.649336   -1.021018   -1
1.649336   -0.863938   8.914660
1.649336   -0.706858   -1
1.649336   -0.549779   -1
1.649336   -0.392699   -1
1.649336   -0.235619   -1
1.649336   -0.078540   -1
1.649336   0.078540   -1
1.649336   0.235619   -1
1.649336   0.392699   -1
1.649336   0.549779   -1
1.649336   0.706858   -1
1.649336   0.863938   -1
1.649336   1.021018   -1
1.649336   1.178097   -1
1.649336   1.335177   -1
1.649336   1.492257   -1
1.649336   1.649336   -1
1.649336   1.806416   -1
1.649336   1.963495   -1
1.649336   2.120575   -1
1.649336   2.277655   -1
1.649336   2.434734   -1
1.649336   2.591814   -1
1.649336   2.748894   -1
1.649336   2.905973   -1
1.649336   3.063053   -1
1.806416   -3.063053   -1
1.806416   -2.905973   -1
1.806416   -2.748894   -1
1.806416   -2.591814   -1
1.806416   -2.434734   -1
1.806416   -2.277655   -1
1.806416   -2.120575   -1
1.806416   -1.963495   -1
1.806416   -1.806416   -1
1.806416   -1.649336   -1
1.806416   -1.492257   -1
1.806416   -1.335177   -1
1.806416   -1.178097   -1
1.806416   -1.021018   -1
1.806416   -0.863938   -1
1.806416   -0.706858   -1
1.806416   -0.549779   -1
1.806416   -0.392699   -1
1.806416   -0.235619   -1
1.806416   -0.078540   -1
1.806416   0.078540   -1
1.806416   0.235619   -1
1.806416   0.392699   -1
1.806416   0.549779   -1
1.806416   0.706858   -1
1.806416   0.863938   -1
1.806416   1.021018   -1
1.806416   1.178097   -1
1.806416   1.335177   -1
1.806416   1.492257   -1
1.806416   1.649336   -1
1.806416   1.806416   -1
1.806416   1.963495   -1
1.806416   2.120575   -1
1.806416   2.277655   -1
1.806416   2.434734   -1
1.806416   2.591814   -1
1.806416   2.748894   -1
1.806416   2.905973   -1
1.806416   3.063053   -1
1.963495   -3.063053   -1
1.963495   -2.905973   -1
1.963495   -2.748894   -1
1.963495   -2.591814   -1
1.963495   -2.434734   -1
1.963495   -2.277655   -1
1.963495   -2.120575   -1
1.963495   -1.963495   -1
1.963495   -1.806416   -1
1.963495   -1.649336   -1
1.963495   -1.492257   -1
1.963495   -1.335177   -1
1.963495   -1.178097   -1
1.963495   -1.021018   -1
1.963495   -0.863938   -1
1.963495   -0.706858   -1
1.963495   -0.549779   -1
1.963495   -0.392699   -1
1.963495   -0.235619   -1
1.963495   -0.078540   -1
1.963495   0.078540   -1
1.963495   0.235619   -1
1.963495   0.392699   -1
1.963495   0.549779   -1
1.963495   0.706858   -1
1.963495   0.863938   -1
1.963495   1.021018   -1
1.963495   1.178097   -1
1.963495   1.335177   -1
1.963495   1.492257   -1
1.963495   1.649336   -1
1.963495   1.806416   -1
1.963495   1.963495   -1
1.963495   2.120575   -1
1.963495   2.277655   -1
1.963495   2.434734   -1
1.963495   2.591814   -1
1.963495   2.748894   -1
1.963495   2.905973   -1
1.963495   3.063053   -1
2.120575   -3.063053   -1
2.120575   -2.905973   -1
2.120575   -2.748894   -1
2.120575   -2.591814   -1
2.120575   -2.434734   -1
2.120575   -2.277655   -1
2.120575   -2.120575   -1
2.120575   -1.963495   -1
2.120575   -1.806416   -1
2.120575   -1.649336   -1
2.120575   -1.492257   -1
2.120575   -1.335177   -1
2.120575   -1.178097   -1
2.120575   -1.021018   -1
2.120575   -0.863938   -1
2.120575   -0.706858   -1
2.120575   -0.549779   -1
2.120575   -0.392699   -1
2.120575   -0.235619   -1
2.120575   -0.078540   -1
2.120575   0.078540   -1
2.120575   0.235619   -1
2.120575   0.392699   -1
2.120575   0.549779   -1
2.120575   0.706858   -1
2.120575   0.863938   -1
2.120575   1.021018   -1
2.120575   1.178097   -1
2.120575   1.335177   -1
2.120575   1.492257   -1
2.120575   1.649336   -1
2.120575   1.806416   -1
2.120575   1.963495   -1
2.120575   2.120575   -1
2.120575   2.277655   -1
2.120575   2.434734   -1
2.120575   2.591814   -1
2.120575   2.748894   -1
2.120575   2.905973   -1
2.120575   3.063053   -1
2.277655   -3.063053   -1
2.277655   -2.905973   -1
2.277655   -2.748894   -1
2.277655   -2.591814   -1
2.277655   -2.434734   -1
2.277655   -2.277655   -1
2.277655   -2.120575   -1
2.277655   -1.963495   -1
2.277655   -1.806416   -1
2.277655   -1.649336   -1
2.277655   -1.492257   -1
2.277655   -1.335177   -1
2.277655   -1.178097   -1
2.277655   -1.021018   -1
2.277655   -0.863938   -1
2.277655   -0.706858   -1
2.277655   -0.549779   -1
2.277655   -0.392699   -1
2.277655   -0.235619   -1
2.277655   -0.078540   -1
2.277655   0.078540   -1
2.277655   0.235619   -1
2.277655   0.392699   -1
2.277655   0.549779   -1
2.277655   0.706858   -1
2.277655   0.863938   -1
2.277655   1.021018   -1
2.277655   1.178097   -1
2.277655   1.335177   -1
2.277655   1.492257   -1
2.277655   1.649336   -1
2.277655   1.806416   -1
2.277655   1.963495   -1
2.277655   2.120575   -1
2.277655   2.277655   -1
2.277655   2.434734   -1
2.277655   2.591814   -1
2.277655   2.748894   -1
2.277655   2.905973   -1
2.277655   3.063053   -1
2.434734   -3.063053   -1
2.434734   -2.905973   -1
2.434734   -2.748894   -1
2.434734   -2.591814   -1
2.434734   -2.434734   -1
2.434734   -2.277655   -1
2.434734   -2.120575   -1
2.434734   -1.963495   -1
2.434734   -1.806416   -1
2.434734   -1.649336   -1
2.434734   -1.492257   -1
2.434734   -1.335177   -1
2.434734   -1.178097   -1
2.434734   -1.021018   -1
2.434734   -0.863938   -1
2.434734   -0.706858   -1
2.434734   -0.549779   -1
2.434734   -0.392699   -1
2.434734   -0.235619   -1
2.434734   -0.078540   -1
2.434734   0.078540   -1
2.434734   0.235619   -1
2.434734   0.392699   -1
2.434734   0.549779   -1
2.434734   0.706858   -1
2.434734   0.863938   -1
2.434734   1.021018   -1
2.434734   1.178097   -1
2.434734   1.335177   -1
2.434734   1.492257   -1
2.434734   1.649336   -1
2.434734   1.806416   -1
2.434734   1.963495   -1
2.434734   2.120575   -1
2.434734   2.277655   -1
2.434734   2.434734   -1
2.434734   2.591814   -1
2.434734   2.748894   -1
2.434734   2.905973   -1
2.434734   3.063053   -1
2.591814   -3.063053   -1
2.591814   -2.905973   -1
2.591814   -2.748894   -1
2.591814   -2.591814   -1
2.591814   -2.434734   -1
2.591814   -2.277655   -1
2.591814   -2.120575   -1
2.591814   -1.963495   -1
2.591814   -1.806416   -1
2.591814   -1.649336   -1
2.591814   -1.492257   -1
2.591814   -1.335177   -1
2.591814   -1.178097   -1
2.591814   -1.021018   -1
2.591814   -0.863938   -1
2.591814   -0.706858   -1
2.591814   -0.549779   -1
2.591814   -0.392699   -1
2.591814   -0.235619   -1
2.591814   -0.078540   -1
2.591814   0.078540   -1
2.591814   0.235619   -1
2.591814   0.392699   -1
2.591814   0.549779   -1
2.591814   0.706858   -1
2.591814   0.863938   -1
2.591814   1.021018   -1
2.591814   1.178097   -1
2.591814   1.335177   -1
2.591814   1.492257   -1
2.591814   1.649336   -1
2.591814   1.806416   -1
2.591814   1.963495   -1
2.591814   2.120575   -1
2.591814   2.277655   -1
2.591814   2.434734   -1
2.591814   2.591814   -1
2.591814   2.748894   -1
2.591814   2.905973   -1
2.591814   3.063053   -1
2.748894   -3.063053   -1
2.748894   -2.905973   -1
2.748894   -2.748894   -1
2.748894   -2.591814   -1
2.748894   -2.434734   -1
2.748894   -2.277655   -1
2.748894   -2.120575   -1
2.748894   -1.963495   -1
2.748894   -1.806416   -1
2.748894   -1.649336   -1
2.748894   -1.492257   -1
2.748894   -1.335177   -1
2.748894   -1.178097   -1
2.748894   -1.021018   -1
2.748894   -0.863938   -1
2.748894   -0.706858   -1
2.748894   -0.549779   -1
2.748894   -0.392699   -1
2.748894   -0.235619   -1
2.748894   -0.078540   -1
2.748894   0.078540   -1
2.748894   0.235619   -1
2.748894   0.392699   -1
2.748894   0.549779   -1
2.748894   0.706858   -1
2.748894   0.863938   -1
2.748894   1.021018   -1
2.748894   1.178097   -1
2.748894   1.335177   -1
2.748894   1.492257   -1
2.748894   1.649336   -1
2.748894   1.806416   -1
2.748894   1.963495   -1
2.748894   2.120575   -1
2.748894   2.277655   -1
2.748894   2.434734   -1
2.748894   2.591814   -1
2.748894   2.748894   -1
2.748894   2.905973   -1
2.748894   3.063053   -1
2.905973   -3.063053   -1
2.905973   -2.905973   7.237286
2.905973   -2.748894   -1
2.905973   -2.591814   -1
2.905973   -2.434734   -1
2.905973   -2.277655   -1
2.905973   -2.120575   -1
2.905973   -1.963495   -1
2.905973   -1.806416   -1
2.905973   -1.649336   -1
2.905973   -1.492257   -1
2.905973   -1.335177   -1
2.905973   -1.178097   -1
2.905973   -1.021018   -1
2.905973   -0.863938   -1
2.905973   -0.706858   -1
2.905973   -0.549779   -1
2.905973   -0.392699   -1
2.905973   -0.235619   -1
2.905973   -0.078540   -1
2.905973   0.078540   -1
2.905973   0.235619   -1
2.905973   0.392699   -1
2.905973   0.549779   -1
2.905973   0.706858   -1
2.905973   0.863938   -1
2.905973   1.021018   -1
2.905973   1.178097   -1
2.905973   1.335177   -1
2.905973   1.492257   -1
2.905973   1.649336   -1
2.905973   1.806416   -1
2.905973   1.963495   -1
2.905973   2.120575   -1
2.905973   2.277655   -1
2.905973   2.434734   -1
2.905973   2.591814   -1
2.905973   2.748894   6.209008
2.905973   2.905973   6.500249
2.905973   3.063053   6.584823
3.063053   -3.063053   4.707393
3.063053   -2.905973   5.308990
3.063053   -2.748894   6.370740
3.063053   -2.591814   -1
3.063053   -2.434734   -1
3.063053   -2.277655   -1
3.063053   -2.120575   -1
3.063053   -1.963495   -1
3.063053   -1.806416   -1
3.063053   -1.649336   -1
3.063053   -1.492257   -1
3.063053   -1.335177   -1
3.063053   -1.178097   -1
3.063053   -1.021018   -1
3.063053   -0.863938   -1
3.063053   -0.706858   -1
3.063053   -0.549779   -1
3.063053   -0.392699   -1
3.063053   -0.235619   -1
3.063053   -0.078540   -1
3.063053   0.078540   -1
3.063053   0.235619   -1
3.063053   0.392699   -1
3.063053   0.549779   -1
3.063053   0.706858   -1
3.063053   0.863938   -1
3.063053   1.021018   -1
3.063053   1.178097   -1
3.063053   1.335177   -1
3.063053   1.492257   -1
3.063053   1.649336   -1
3.063053   1.806416   -1
3.063053   1.963495   6.864030
3.063053   2.120575   6.375054
3.063053   2.277655   5.766759
3.063053   2.434734   4.741772
3.063053   2.591814   4.246622
3.063053   2.748894   3.962473
3.063053   2.905973   3.839233
3.063053   3.063053   3.954447
