   -3.1416    -3.1416     1.3625
   -3.1416    -2.8416     2.3526
   -3.1416    -2.5416     3.4797
   -3.1416    -2.2416     4.3772
   -3.1416    -1.9416     4.9927
   -3.1416    -1.6416     4.7789
   -3.1416    -1.3416     4.2889
   -3.1416    -1.0416     3.3346
   -3.1416    -0.7416     3.6648
   -3.1416    -0.4416     3.1277
   -3.1416    -0.1416     2.9375
   -3.1416     0.1584     2.8555
   -3.1416     0.4584     2.7827
   -3.1416     0.7584     3.0595
   -3.1416     1.0584     3.0777
   -3.1416     1.3584     2.6348
   -3.1416     1.6584     2.1249
   -3.1416     1.9584     1.2029
   -3.1416     2.2584     0.7126
   -3.1416     2.5584     0.3352
   -3.1416     2.8584     0.6271
   -2.8416    -3.1416     0.7083
   -2.8416    -2.8416     1.6193
   -2.8416    -2.5416     2.8470
   -2.8416    -2.2416     4.0963
   -2.8416    -1.9416     4.5445
   -2.8416    -1.6416     4.2841
   -2.8416    -1.3416     3.7917
   -2.8416    -1.0416     3.5539
   -2.8416    -0.7416     2.7400
   -2.8416    -0.4416     2.4977
   -2.8416    -0.1416     1.9371
   -2.8416     0.1584     1.8185
   -2.8416     0.4584     1.8262
   -2.8416     0.7584     1.9308
   -2.8416     1.0584     1.8294
   -2.8416     1.3584     1.7640
   -2.8416     1.6584     1.2162
   -2.8416     1.9584     0.6739
   -2.8416     2.2584     0.1474
   -2.8416     2.5584 0.0
   -2.8416     2.8584     0.1592
   -2.5416    -3.1416     0.5504
   -2.5416    -2.8416     1.4481
   -2.5416    -2.5416     2.6458
   -2.5416    -2.2416     3.9216
   -2.5416    -1.9416     4.1597
   -2.5416    -1.6416     4.2515
   -2.5416    -1.3416     3.3607
   -2.5416    -1.0416     3.0253
   -2.5416    -0.7416     2.3627
   -2.5416    -0.4416     1.8185
   -2.5416    -0.1416     1.5650
   -2.5416     0.1584     1.5254
   -2.5416     0.4584     1.4845
   -2.5416     0.7584     1.5005
   -2.5416     1.0584     1.5832
   -2.5416     1.3584     1.6677
   -2.5416     1.6584     1.0975
   -2.5416     1.9584     0.6564
   -2.5416     2.2584     0.2892
   -2.5416     2.5584     0.0633
   -2.5416     2.8584     0.2546
   -2.2416    -3.1416     0.6451
   -2.2416    -2.8416     1.8006
   -2.2416    -2.5416     2.8327
   -2.2416    -2.2416     4.1920
   -2.2416    -1.9416     4.3375
   -2.2416    -1.6416     4.6099
   -2.2416    -1.3416     3.6893
   -2.2416    -1.0416     2.7708
   -2.2416    -0.7416     1.8836
   -2.2416    -0.4416     1.3710
   -2.2416    -0.1416     1.1674
   -2.2416     0.1584     0.8634
   -2.2416     0.4584     0.9591
   -2.2416     0.7584     1.1627
   -2.2416     1.0584     1.1655
   -2.2416     1.3584     1.2413
   -2.2416     1.6584     1.0366
   -2.2416     1.9584     0.6972
   -2.2416     2.2584     0.2427
   -2.2416     2.5584     0.0676
   -2.2416     2.8584     0.1780
   -1.9416    -3.1416     0.8115
   -1.9416    -2.8416     1.8823
   -1.9416    -2.5416     3.0343
   -1.9416    -2.2416     4.4617
   -1.9416    -1.9416     4.7342
   -1.9416    -1.6416     3.9313
   -1.9416    -1.3416     3.2447
   -1.9416    -1.0416     2.3191
   -1.9416    -0.7416     1.5100
   -1.9416    -0.4416     0.9559
   -1.9416    -0.1416     0.7075
   -1.9416     0.1584     0.5436
   -1.9416     0.4584     0.6543
   -1.9416     0.7584     0.6391
   -1.9416     1.0584     0.9165
   -1.9416     1.3584     1.0174
   -1.9416     1.6584     0.9338
   -1.9416     1.9584     0.5246
   -1.9416     2.2584     0.2195
   -1.9416     2.5584     0.0361
   -1.9416     2.8584     0.2981
   -1.6416    -3.1416     1.1910
   -1.6416    -2.8416     2.1969
   -1.6416    -2.5416     3.5662
   -1.6416    -2.2416     4.7503
   -1.6416    -1.9416     4.9777
   -1.6416    -1.6416     4.1126
   -1.6416    -1.3416     3.1014
   -1.6416    -1.0416     2.0338
   -1.6416    -0.7416     1.1036
   -1.6416    -0.4416     0.7078
   -1.6416    -0.1416     0.5398
   -1.6416     0.1584     0.5671
   -1.6416     0.4584     0.4141
   -1.6416     0.7584     0.5280
   -1.6416     1.0584     0.6939
   -1.6416     1.3584     0.7718
   -1.6416     1.6584     0.8465
   -1.6416     1.9584     0.4995
   -1.6416     2.2584     0.2531
   -1.6416     2.5584     0.1834
   -1.6416     2.8584     0.3313
   -1.3416    -3.1416     1.6534
   -1.3416    -2.8416     3.1222
   -1.3416    -2.5416     4.4231
   -1.3416    -2.2416     5.4578
   -1.3416    -1.9416     5.2486
   -1.3416    -1.6416     3.9588
   -1.3416    -1.3416     2.7202
   -1.3416    -1.0416     1.7725
   -1.3416    -0.7416     1.0588
   -1.3416    -0.4416     0.7445
   -1.3416    -0.1416     0.5731
   -1.3416     0.1584     0.7971
   -1.3416     0.4584     0.9056
   -1.3416     0.7584     1.0707
   -1.3416     1.0584     1.0084
   -1.3416     1.3584     1.0298
   -1.3416     1.6584     0.7407
   -1.3416     1.9584     0.5178
   -1.3416     2.2584     0.2479
   -1.3416     2.5584     0.2275
   -1.3416     2.8584     0.6603
   -1.0416    -3.1416     2.9048
   -1.0416    -2.8416     4.4348
   -1.0416    -2.5416     5.0242
   -1.0416    -2.2416     6.8515
   -1.0416    -1.9416     5.5445
   -1.0416    -1.6416     3.9000
   -1.0416    -1.3416     2.8438
   -1.0416    -1.0416     1.8552
   -1.0416    -0.7416     1.1409
   -1.0416    -0.4416     1.2136
   -1.0416    -0.1416     1.4060
   -1.0416     0.1584     1.6982
   -1.0416     0.4584     1.9970
   -1.0416     0.7584     2.1563
   -1.0416     1.0584     1.9164
   -1.0416     1.3584     1.5216
   -1.0416     1.6584     1.1848
   -1.0416     1.9584     0.7460
   -1.0416     2.2584     0.4277
   -1.0416     2.5584     0.7936
   -1.0416     2.8584     1.4333
   -0.7416    -3.1416     4.6551
   -0.7416    -2.8416     6.5192
   -0.7416    -2.5416     8.8924
   -0.7416    -2.2416     8.5867
   -0.7416    -1.9416     6.2326
   -0.7416    -1.6416     5.1903
   -0.7416    -1.3416     3.7515
   -0.7416    -1.0416     2.4873
   -0.7416    -0.7416     2.1269
   -0.7416    -0.4416     2.4946
   -0.7416    -0.1416     3.1494
   -0.7416     0.1584     3.5827
   -0.7416     0.4584     3.7284
   -0.7416     0.7584     3.6467
   -0.7416     1.0584     3.1517
   -0.7416     1.3584     2.8324
   -0.7416     1.6584     2.4338
   -0.7416     1.9584     1.8653
   -0.7416     2.2584     1.7590
   -0.7416     2.5584     2.1701
   -0.7416     2.8584     3.2942
   -0.4416    -3.1416     8.6596
   -0.4416    -2.8416 100
   -0.4416    -2.5416    10.2735
   -0.4416    -2.2416     7.2217
   -0.4416    -1.9416     7.0016
   -0.4416    -1.6416     5.7291
   -0.4416    -1.3416     4.4670
   -0.4416    -1.0416     3.5566
   -0.4416    -0.7416     4.2316
   -0.4416    -0.4416     4.4151
   -0.4416    -0.1416     5.5703
   -0.4416     0.1584     5.4954
   -0.4416     0.4584     5.3992
   -0.4416     0.7584     5.3818
   -0.4416     1.0584     5.1383
   -0.4416     1.3584     3.8332
   -0.4416     1.6584     3.8397
   -0.4416     1.9584     3.8851
   -0.4416     2.2584     3.8356
   -0.4416     2.5584     4.6087
   -0.4416     2.8584     5.7360
   -0.1416    -3.1416    11.0078
   -0.1416    -2.8416     8.2723
   -0.1416    -2.5416     8.2498
   -0.1416    -2.2416     6.1228
   -0.1416    -1.9416     5.5055
   -0.1416    -1.6416     5.1377
   -0.1416    -1.3416     4.7546
   -0.1416    -1.0416     5.0799
   -0.1416    -0.7416     5.3208
   -0.1416    -0.4416     5.9549
   -0.1416    -0.1416     5.7131
   -0.1416     0.1584     6.4566
   -0.1416     0.4584     5.4206
   -0.1416     0.7584     5.6164
   -0.1416     1.0584     5.5365
   -0.1416     1.3584     5.4552
   -0.1416     1.6584     4.5277
   -0.1416     1.9584     5.3833
   -0.1416     2.2584     5.1439
   -0.1416     2.5584     7.2338
   -0.1416     2.8584     9.2744
    0.1584    -3.1416     5.6189
    0.1584    -2.8416     5.0009
    0.1584    -2.5416     4.8750
    0.1584    -2.2416     4.2568
    0.1584    -1.9416     4.4364
    0.1584    -1.6416     3.9378
    0.1584    -1.3416     4.0023
    0.1584    -1.0416     4.1846
    0.1584    -0.7416     4.1446
    0.1584    -0.4416     4.1536
    0.1584    -0.1416     4.2566
    0.1584     0.1584     3.7467
    0.1584     0.4584     3.3748
    0.1584     0.7584     4.0058
    0.1584     1.0584     4.0887
    0.1584     1.3584     5.6464
    0.1584     1.6584     5.5635
    0.1584     1.9584     6.5957
    0.1584     2.2584     7.9903
    0.1584     2.5584     7.8329
    0.1584     2.8584     7.3537
    0.4584    -3.1416     4.2514
    0.4584    -2.8416     3.7115
    0.4584    -2.5416     3.4231
    0.4584    -2.2416     3.6049
    0.4584    -1.9416     3.1153
    0.4584    -1.6416     3.0648
    0.4584    -1.3416     2.9301
    0.4584    -1.0416     2.7653
    0.4584    -0.7416     2.7456
    0.4584    -0.4416     2.7206
    0.4584    -0.1416     2.5536
    0.4584     0.1584     2.2773
    0.4584     0.4584     2.6196
    0.4584     0.7584     2.9931
    0.4584     1.0584     3.6647
    0.4584     1.3584     4.7606
    0.4584     1.6584     6.5187
    0.4584     1.9584     5.7163
    0.4584     2.2584     6.1107
    0.4584     2.5584     6.0017
    0.4584     2.8584     4.5138
    0.7584    -3.1416     3.8826
    0.7584    -2.8416     3.4777
    0.7584    -2.5416     3.4284
    0.7584    -2.2416     3.1695
    0.7584    -1.9416     2.9417
    0.7584    -1.6416     2.5815
    0.7584    -1.3416     2.2943
    0.7584    -1.0416     2.1436
    0.7584    -0.7416     1.8266
    0.7584    -0.4416     1.6510
    0.7584    -0.1416     1.6011
    0.7584     0.1584     1.9031
    0.7584     0.4584     2.1803
    0.7584     0.7584     2.8694
    0.7584     1.0584     3.6172
    0.7584     1.3584     5.0358
    0.7584     1.6584     5.4862
    0.7584     1.9584     5.3929
    0.7584     2.2584     5.0400
    0.7584     2.5584     4.1191
    0.7584     2.8584     3.9444
    1.0584    -3.1416     3.8747
    1.0584    -2.8416     3.5507
    1.0584    -2.5416     3.3278
    1.0584    -2.2416     3.4830
    1.0584    -1.9416     3.0249
    1.0584    -1.6416     2.6448
    1.0584    -1.3416     1.9885
    1.0584    -1.0416     1.7289
    1.0584    -0.7416     1.6926
    1.0584    -0.4416     1.5942
    1.0584    -0.1416     1.6766
    1.0584     0.1584     2.2087
    1.0584     0.4584     2.5252
    1.0584     0.7584     3.4713
    1.0584     1.0584     3.7627
    1.0584     1.3584     5.6879
    1.0584     1.6584     5.6666
    1.0584     1.9584     5.2627
    1.0584     2.2584     5.1713
    1.0584     2.5584     3.9378
    1.0584     2.8584     3.6564
    1.3584    -3.1416     4.8407
    1.3584    -2.8416     4.2075
    1.3584    -2.5416     4.5231
    1.3584    -2.2416     4.3138
    1.3584    -1.9416     3.9746
    1.3584    -1.6416     3.3649
    1.3584    -1.3416     3.0094
    1.3584    -1.0416     2.4769
    1.3584    -0.7416     2.4380
    1.3584    -0.4416     2.3873
    1.3584    -0.1416     2.6962
    1.3584     0.1584     2.9666
    1.3584     0.4584     4.0165
    1.3584     0.7584     4.2727
    1.3584     1.0584     6.1123
    1.3584     1.3584     6.7856
    1.3584     1.6584     7.7386
    1.3584     1.9584     6.6851
    1.3584     2.2584     6.0954
    1.3584     2.5584     5.0984
    1.3584     2.8584     4.5725
    1.6584    -3.1416     6.9898
    1.6584    -2.8416     6.3943
    1.6584    -2.5416     7.0459
    1.6584    -2.2416     6.4837
    1.6584    -1.9416     6.0634
    1.6584    -1.6416     5.2179
    1.6584    -1.3416     4.2474
    1.6584    -1.0416     4.4927
    1.6584    -0.7416     4.7236
    1.6584    -0.4416     4.1214
    1.6584    -0.1416     4.5074
    1.6584     0.1584     5.2180
    1.6584     0.4584     5.9996
    1.6584     0.7584     8.1172
    1.6584     1.0584     7.0341
    1.6584     1.3584    11.3114
    1.6584     1.6584    10.9594
    1.6584     1.9584     7.7809
    1.6584     2.2584     7.2342
    1.6584     2.5584     7.0248
    1.6584     2.8584     7.0051
    1.9584    -3.1416    10.3978
    1.9584    -2.8416    10.0011
    1.9584    -2.5416     9.8416
    1.9584    -2.2416     9.1198
    1.9584    -1.9416     7.6752
    1.9584    -1.6416     8.0121
    1.9584    -1.3416     7.3468
    1.9584    -1.0416     7.4249
    1.9584    -0.7416     7.0771
    1.9584    -0.4416     6.6953
    1.9584    -0.1416     8.2276
    1.9584     0.1584     9.2143
    1.9584     0.4584    11.3164
    1.9584     0.7584    10.8812
    1.9584     1.0584    13.9878
    1.9584     1.3584    14.3348
    1.9584     1.6584    10.1334
    1.9584     1.9584     9.1148
    1.9584     2.2584     9.0518
    1.9584     2.5584     8.0838
    1.9584     2.8584     9.7818
    2.2584    -3.1416     7.3573
    2.2584    -2.8416     8.2686
    2.2584    -2.5416     9.9781
    2.2584    -2.2416    11.6514
    2.2584    -1.9416    12.2016
    2.2584    -1.6416    12.0727
    2.2584    -1.3416     9.6380
    2.2584    -1.0416     6.6737
    2.2584    -0.7416     9.3714
    2.2584    -0.4416     8.2212
    2.2584    -0.1416    10.1215
    2.2584     0.1584     9.7082
    2.2584     0.4584     9.9086
    2.2584     0.7584    11.5119
    2.2584     1.0584     9.9520
    2.2584     1.3584    15.5461
    2.2584     1.6584    11.5510
    2.2584     1.9584     6.2458
    2.2584     2.2584     5.5210
    2.2584     2.5584     6.3920
    2.2584     2.8584     6.5792
    2.5584    -3.1416     4.2599
    2.5584    -2.8416     5.7072
    2.5584    -2.5416     7.4640
    2.5584    -2.2416     7.7376
    2.5584    -1.9416     9.0407
    2.5584    -1.6416     9.1243
    2.5584    -1.3416     6.9596
    2.5584    -1.0416     6.0563
    2.5584    -0.7416     5.9169
    2.5584    -0.4416     6.8547
    2.5584    -0.1416     7.6675
    2.5584     0.1584     6.2247
    2.5584     0.4584     5.6955
    2.5584     0.7584     7.0934
    2.5584     1.0584     8.2260
    2.5584     1.3584     6.8236
    2.5584     1.6584     7.0022
    2.5584     1.9584     4.8679
    2.5584     2.2584     4.0446
    2.5584     2.5584     3.8323
    2.5584     2.8584     4.0326
    2.8584    -3.1416     2.4754
    2.8584    -2.8416     3.9406
    2.8584    -2.5416     4.6547
    2.8584    -2.2416     5.6422
    2.8584    -1.9416     6.8828
    2.8584    -1.6416     5.8406
    2.8584    -1.3416     5.3669
    2.8584    -1.0416     4.3861
    2.8584    -0.7416     4.3029
    2.8584    -0.4416     4.4744
    2.8584    -0.1416     4.5191
    2.8584     0.1584     4.8532
    2.8584     0.4584     4.3404
    2.8584     0.7584     4.6064
    2.8584     1.0584     5.2714
    2.8584     1.3584     4.3717
    2.8584     1.6584     3.2465
    2.8584     1.9584     2.9545
    2.8584     2.2584     1.9581
    2.8584     2.5584     2.0849
    2.8584     2.8584     2.0450
