-3.0   -3.0   4.62333
-3.0   -2.8   7.55667
-3.0   -2.6   8.27667
-3.0   -2.4   10.6933
-3.0   -2.2   13.6333
-3.0   -2.0   13.9633
-3.0   -1.8   15.9333
-3.0   -1.6   12.2267
-3.0   -1.4   11.9033
-3.0   -1.2   10.7967
-3.0   -0.9   11.8467
-3.0   -0.7   10.4833
-3.0   -0.5   9.16333
-3.0   -0.3   10.11
-3.0   -0.1   10.0267
-3.0   0.1   11.3267
-3.0   0.3   9.93333
-3.0   0.5   12.1433
-3.0   0.7   9.84333
-3.0   0.9   10.8433
-3.0   1.2   9.76
-3.0   1.4   10.87
-3.0   1.6   9.67
-3.0   1.8   7.02333
-3.0   2.0   6.83
-3.0   2.2   5.61667
-3.0   2.4   3.66333
-3.0   2.6   3.41333
-3.0   2.8   2.92333
-3.0   3.0   4.28333
-2.8   -3.0   3.52333
-2.8   -2.8   5.63333
-2.8   -2.6   6.94333
-2.8   -2.4   10.44
-2.8   -2.2   10.08
-2.8   -2.0   10.8667
-2.8   -1.8   10.0967
-2.8   -1.6   11.1633
-2.8   -1.4   8.88333
-2.8   -1.2   8.41
-2.8   -0.9   7.89667
-2.8   -0.7   7.24
-2.8   -0.5   7.95667
-2.8   -0.3   6.63333
-2.8   -0.1   8.09333
-2.8   0.1   7.05333
-2.8   0.3   8.47
-2.8   0.5   8.11667
-2.8   0.7   6.95333
-2.8   0.9   7.05333
-2.8   1.2   6.27333
-2.8   1.4   6.59667
-2.8   1.6   6.25
-2.8   1.8   4.72667
-2.8   2.0   4.06
-2.8   2.2   3.19333
-2.8   2.4   1.94333
-2.8   2.6   1.38
-2.8   2.8   1.21
-2.8   3.0   1.74
-2.6   -3.0   2.60333
-2.6   -2.8   4.24
-2.6   -2.6   5.74333
-2.6   -2.4   8.99333
-2.6   -2.2   9.96667
-2.6   -2.0   10.71
-2.6   -1.8   10.9633
-2.6   -1.6   9.39333
-2.6   -1.4   8.28
-2.6   -1.2   7.65
-2.6   -0.9   7.51
-2.6   -0.7   6.06
-2.6   -0.5   6.58667
-2.6   -0.3   6.26667
-2.6   -0.1   6.71333
-2.6   0.1   5.98333
-2.6   0.3   5.94
-2.6   0.5   5.72
-2.6   0.7   5.6
-2.6   0.9   6.31
-2.6   1.2   5.64667
-2.6   1.4   5.34333
-2.6   1.6   4.64667
-2.6   1.8   4.12333
-2.6   2.0   3.06333
-2.6   2.2   1.36667
-2.6   2.4   1.03667
-2.6   2.6   0.316667
-2.6   2.8   0.27
-2.6   3.0   0.99
-2.4   -3.0   2.60667
-2.4   -2.8   4.21667
-2.4   -2.6   5.56667
-2.4   -2.4   8.20333
-2.4   -2.2   9.02
-2.4   -2.0   8.52
-2.4   -1.8   8.62667
-2.4   -1.6   8.95333
-2.4   -1.4   10.1867
-2.4   -1.2   7.85333
-2.4   -0.9   7.06667
-2.4   -0.7   5.85
-2.4   -0.5   5.91333
-2.4   -0.3   6.73
-2.4   -0.1   5.85
-2.4   0.1   5.45667
-2.4   0.3   4.73667
-2.4   0.5   4.73333
-2.4   0.7   4.31667
-2.4   0.9   5.07333
-2.4   1.2   5.01333
-2.4   1.4   4.06667
-2.4   1.6   3.91667
-2.4   1.8   3.54667
-2.4   2.0   2.41667
-2.4   2.2   1.71333
-2.4   2.4   0.746667
-2.4   2.6   0
-2.4   2.8   0.176667
-2.4   3.0   0.776667
-2.2   -3.0   2.68333
-2.2   -2.8   4.37333
-2.2   -2.6   6.50333
-2.2   -2.4   7.59667
-2.2   -2.2   9.46667
-2.2   -2.0   9.02667
-2.2   -1.8   10.2
-2.2   -1.6   10.32
-2.2   -1.4   9.15667
-2.2   -1.2   9.26
-2.2   -0.9   7.42667
-2.2   -0.7   7.04333
-2.2   -0.5   6.10667
-2.2   -0.3   6.02333
-2.2   -0.1   5.63333
-2.2   0.1   4.34
-2.2   0.3   3.62
-2.2   0.5   4.48333
-2.2   0.7   3.65
-2.2   0.9   4.11
-2.2   1.2   4.23
-2.2   1.4   3.48667
-2.2   1.6   3.22667
-2.2   1.8   3.03333
-2.2   2.0   2.56
-2.2   2.2   1.66
-2.2   2.4   0.89
-2.2   2.6   0.11
-2.2   2.8   0.556667
-2.2   3.0   1.23333
-2.0   -3.0   3.93667
-2.0   -2.8   5.64333
-2.0   -2.6   7.42
-2.0   -2.4   9.89
-2.0   -2.2   10.51
-2.0   -2.0   12.6933
-2.0   -1.8   13.42
-2.0   -1.6   12.2567
-2.0   -1.4   9.74333
-2.0   -1.2   7.88667
-2.0   -0.9   7.44
-2.0   -0.7   6.41667
-2.0   -0.5   5.29667
-2.0   -0.3   5.03333
-2.0   -0.1   4.1
-2.0   0.1   3.68
-2.0   0.3   3.91
-2.0   0.5   3.45667
-2.0   0.7   3.69333
-2.0   0.9   3.29
-2.0   1.2   3.60667
-2.0   1.4   3.35667
-2.0   1.6   3.27
-2.0   1.8   2.72
-2.0   2.0   2.37667
-2.0   2.2   1.31
-2.0   2.4   0.76
-2.0   2.6   0.536667
-2.0   2.8   1.29
-2.0   3.0   1.91667
-1.8   -3.0   3.79333
-1.8   -2.8   6.26333
-1.8   -2.6   8.64667
-1.8   -2.4   10.38
-1.8   -2.2   10.7233
-1.8   -2.0   14.94
-1.8   -1.8   11.6733
-1.8   -1.6   9.48667
-1.8   -1.4   9.49333
-1.8   -1.2   9.81667
-1.8   -0.9   7.14333
-1.8   -0.7   6.27
-1.8   -0.5   5.32667
-1.8   -0.3   4.02
-1.8   -0.1   3.7
-1.8   0.1   3.21333
-1.8   0.3   3.25667
-1.8   0.5   3.13333
-1.8   0.7   2.73
-1.8   0.9   2.57333
-1.8   1.2   3.02333
-1.8   1.4   2.62
-1.8   1.6   2.58333
-1.8   1.8   2.56667
-1.8   2.0   1.71667
-1.8   2.2   1.33667
-1.8   2.4   1.20667
-1.8   2.6   0.823333
-1.8   2.8   1.31
-1.8   3.0   2.90333
-1.6   -3.0   4.84667
-1.6   -2.8   6.95
-1.6   -2.6   10.0933
-1.6   -2.4   12.0233
-1.6   -2.2   11.26
-1.6   -2.0   12.97
-1.6   -1.8   12.9933
-1.6   -1.6   12.3567
-1.6   -1.4   10.16
-1.6   -1.2   8.44
-1.6   -0.9   6.18
-1.6   -0.7   5.12667
-1.6   -0.5   4.50333
-1.6   -0.3   3.92333
-1.6   -0.1   3.10333
-1.6   0.1   2.72667
-1.6   0.3   2.40667
-1.6   0.5   2.65333
-1.6   0.7   1.60333
-1.6   0.9   2.37
-1.6   1.2   2.16
-1.6   1.4   1.86
-1.6   1.6   1.79667
-1.6   1.8   1.85333
-1.6   2.0   1.39
-1.6   2.2   1.17333
-1.6   2.4   1.09667
-1.6   2.6   0.696667
-1.6   2.8   1.88667
-1.6   3.0   2.81667
-1.4   -3.0   5.40333
-1.4   -2.8   7.95
-1.4   -2.6   10.87
-1.4   -2.4   11.77
-1.4   -2.2   11.59
-1.4   -2.0   14.8567
-1.4   -1.8   23.68
-1.4   -1.6   13.9367
-1.4   -1.4   12.5633
-1.4   -1.2   7.90667
-1.4   -0.9   6.26
-1.4   -0.7   4.61333
-1.4   -0.5   3.78667
-1.4   -0.3   2.79
-1.4   -0.1   2.45
-1.4   0.1   1.97667
-1.4   0.3   2.47333
-1.4   0.5   2.46333
-1.4   0.7   3.02
-1.4   0.9   2.37667
-1.4   1.2   2.57
-1.4   1.4   2.25667
-1.4   1.6   2.02333
-1.4   1.8   1.51
-1.4   2.0   0.976667
-1.4   2.2   0.54
-1.4   2.4   0.996667
-1.4   2.6   1.02667
-1.4   2.8   1.88
-1.4   3.0   3.83333
-1.2   -3.0   8.03667
-1.2   -2.8   9.45333
-1.2   -2.6   11.91
-1.2   -2.4   14.7233
-1.2   -2.2   16.1867
-1.2   -2.0   19.4033
-1.2   -1.8   13.7033
-1.2   -1.6   11.6933
-1.2   -1.4   11.35
-1.2   -1.2   9.47667
-1.2   -0.9   6.44
-1.2   -0.7   4.52333
-1.2   -0.5   3.44667
-1.2   -0.3   2.74
-1.2   -0.1   3.00667
-1.2   0.1   2.75
-1.2   0.3   3.29333
-1.2   0.5   4.42333
-1.2   0.7   3.92
-1.2   0.9   3.55667
-1.2   1.2   3.48
-1.2   1.4   3.57333
-1.2   1.6   3.11333
-1.2   1.8   1.98667
-1.2   2.0   1.65333
-1.2   2.2   1.86667
-1.2   2.4   1.5
-1.2   2.6   2.08667
-1.2   2.8   2.15
-1.2   3.0   4.34667
-0.9   -3.0   8.59333
-0.9   -2.8   11.85
-0.9   -2.6   14.85
-0.9   -2.4   13.8933
-0.9   -2.2   18.08
-0.9   -2.0   17.8033
-0.9   -1.8   16.2967
-0.9   -1.6   14.91
-0.9   -1.4   11.7333
-0.9   -1.2   8.45
-0.9   -0.9   7.21
-0.9   -0.7   5.01333
-0.9   -0.5   4.17333
-0.9   -0.3   3.85667
-0.9   -0.1   3.96333
-0.9   0.1   5.17
-0.9   0.3   5.55333
-0.9   0.5   6.29333
-0.9   0.7   6.48667
-0.9   0.9   6.91
-0.9   1.2   5.69667
-0.9   1.4   4.85667
-0.9   1.6   3.98333
-0.9   1.8   3.44667
-0.9   2.0   2.72
-0.9   2.2   2.60333
-0.9   2.4   3.30333
-0.9   2.6   2.88667
-0.9   2.8   5.11333
-0.9   3.0   6.87333
-0.7   -3.0   13.91
-0.7   -2.8   18.99
-0.7   -2.6   18.9767
-0.7   -2.4   24.75
  -0.7   -2.2 **** 
-0.7   -2.0   40.4467
-0.7   -1.8   19.05
-0.7   -1.6   15.4167
-0.7   -1.4   11.91
-0.7   -1.2   10.2367
-0.7   -0.9   8.91333
-0.7   -0.7   6.54333
-0.7   -0.5   5.97333
-0.7   -0.3   6.97667
-0.7   -0.1   6.54667
-0.7   0.1   7.54667
-0.7   0.3   9.13
-0.7   0.5   7.78667
-0.7   0.7   10.1367
-0.7   0.9   8.80667
-0.7   1.2   9.57333
-0.7   1.4   7.21667
-0.7   1.6   7.24333
-0.7   1.8   6.25333
-0.7   2.0   5.2
-0.7   2.2   5.25
-0.7   2.4   4.75333
-0.7   2.6   6.57333
-0.7   2.8   7.36667
-0.7   3.0   11.9767
-0.5   -3.0   16.54
  -0.5   -2.8 **** 
  -0.5   -2.6 **** 
-0.5   -2.4   19.0433
  -0.5   -2.2 **** 
  -0.5   -2.0 **** 
-0.5   -1.8   19.0067
-0.5   -1.6   18.7333
-0.5   -1.4   12.43
-0.5   -1.2   10.3333
-0.5   -0.9   9.71
-0.5   -0.7   7.94
-0.5   -0.5   8.04667
-0.5   -0.3   7.82
-0.5   -0.1   9.34
-0.5   0.1   10.4033
-0.5   0.3   10.5967
-0.5   0.5   12.0167
-0.5   0.7   13.1367
-0.5   0.9   12.7867
-0.5   1.2   10.2567
-0.5   1.4   11.26
-0.5   1.6   9.03
-0.5   1.8   7.71333
-0.5   2.0   8.52
-0.5   2.2   7.92667
-0.5   2.4   6.97333
-0.5   2.6   8.98667
-0.5   2.8   11.52
-0.5   3.0   19.02
  -0.3   -3.0 **** 
  -0.3   -2.8 **** 
  -0.3   -2.6 **** 
  -0.3   -2.4 **** 
  -0.3   -2.2 **** 
  -0.3   -2.0 **** 
-0.3   -1.8   84.0733
-0.3   -1.6   14.48
-0.3   -1.4   13.2433
-0.3   -1.2   13.8933
-0.3   -0.9   9.85
-0.3   -0.7   10.4033
-0.3   -0.5   10.36
-0.3   -0.3   15.2367
-0.3   -0.1   12.16
-0.3   0.1   12.2167
-0.3   0.3   14.95
-0.3   0.5   11.7233
-0.3   0.7   12.79
-0.3   0.9   14.3133
-0.3   1.2   15.1333
-0.3   1.4   10.31
-0.3   1.6   12.0833
-0.3   1.8   12.3567
-0.3   2.0   10.8767
-0.3   2.2   14.0367
-0.3   2.4   12.5167
-0.3   2.6   19.7733
-0.3   2.8   14.2567
-0.3   3.0   19.6167
  -0.1   -3.0 **** 
  -0.1   -2.8 **** 
  -0.1   -2.6 **** 
  -0.1   -2.4 **** 
-0.1   -2.2   19.0433
-0.1   -2.0   15.5533
-0.1   -1.8   13.6867
-0.1   -1.6   15.4233
-0.1   -1.4   14.4167
-0.1   -1.2   11.81
-0.1   -0.9   11.99
-0.1   -0.7   11.48
-0.1   -0.5   15.4367
-0.1   -0.3   14.1233
-0.1   -0.1   12.7433
-0.1   0.1   16.17
-0.1   0.3   15.6333
-0.1   0.5   19.0033
-0.1   0.7   11.9733
-0.1   0.9   13.9767
-0.1   1.2   12.8767
-0.1   1.4   11.7267
-0.1   1.6   12.9167
-0.1   1.8   12.5767
-0.1   2.0   11.6633
-0.1   2.2   17.37
-0.1   2.4   12.8167
-0.1   2.6   18.9467
-0.1   2.8   15.5033
-0.1   3.0   40.4233
   0.1   -3.0 **** 
   0.1   -2.8 **** 
   0.1   -2.6 **** 
0.1   -2.4   30.9767
0.1   -2.2   19.0667
0.1   -2.0   14.1333
0.1   -1.8   12.9867
0.1   -1.6   15.07
0.1   -1.4   13.65
0.1   -1.2   10.88
0.1   -0.9   12.1333
0.1   -0.7   11.8433
0.1   -0.5   12.08
0.1   -0.3   11.9867
0.1   -0.1   14.58
0.1   0.1   13.4233
0.1   0.3   14.45
0.1   0.5   13.89
0.1   0.7   17.5333
0.1   0.9   13.86
0.1   1.2   14.8133
0.1   1.4   13.7067
0.1   1.6   14.88
0.1   1.8   12.8467
0.1   2.0   13.6167
0.1   2.2   13.7467
0.1   2.4   37.02
   0.1    2.6 **** 
0.1   2.8   19.0433
   0.1    3.0 **** 
0.3   -3.0   19.0867
0.3   -2.8   21.6133
0.3   -2.6   41.9467
0.3   -2.4   16.7567
0.3   -2.2   15.2333
0.3   -2.0   14.1033
0.3   -1.8   12.1367
0.3   -1.6   12.71
0.3   -1.4   10.81
0.3   -1.2   10.4367
0.3   -0.9   9.97333
0.3   -0.7   12.7033
0.3   -0.5   12.6733
0.3   -0.3   11.7533
0.3   -0.1   12.11
0.3   0.1   12.05
0.3   0.3   13.5467
0.3   0.5   10.9967
0.3   0.7   11.63
0.3   0.9   11.6633
0.3   1.2   11.26
0.3   1.4   13.0067
0.3   1.6   13.8367
0.3   1.8   12.8333
0.3   2.0   19.0433
0.3   2.2   74.2933
0.3   2.4   22.17
0.3   2.6   34.9267
   0.3    2.8 **** 
0.3   3.0   17.2767
0.5   -3.0   15.4433
0.5   -2.8   13.83
0.5   -2.6   17.6033
0.5   -2.4   12.51
0.5   -2.2   11.0767
0.5   -2.0   10.8633
0.5   -1.8   10.7
0.5   -1.6   8.95667
0.5   -1.4   8.81
0.5   -1.2   9.4
0.5   -0.9   8.55667
0.5   -0.7   7.95333
0.5   -0.5   9.28667
0.5   -0.3   8.57667
0.5   -0.1   8.79
0.5   0.1   8.64
0.5   0.3   8.96333
0.5   0.5   8.44
0.5   0.7   8.03
0.5   0.9   8.9
0.5   1.2   10.9267
0.5   1.4   11.31
0.5   1.6   14.1167
0.5   1.8   13.9833
0.5   2.0   18.3867
0.5   2.2   19.0433
0.5   2.4   18.67
   0.5    2.6 **** 
0.5   2.8   19.04
0.5   3.0   24.7167
0.7   -3.0   11.19
0.7   -2.8   11.4133
0.7   -2.6   9.52667
0.7   -2.4   9.43667
0.7   -2.2   8.40333
0.7   -2.0   8.57
0.7   -1.8   7.09
0.7   -1.6   8.04333
0.7   -1.4   6.82
0.7   -1.2   6.29333
0.7   -0.9   5.75667
0.7   -0.7   6.41333
0.7   -0.5   6.98
0.7   -0.3   6.79333
0.7   -0.1   6.09333
0.7   0.1   5.91
0.7   0.3   5.83333
0.7   0.5   6.69333
0.7   0.7   7.61667
0.7   0.9   8.31667
0.7   1.2   9.08667
0.7   1.4   11.02
0.7   1.6   15.22
0.7   1.8   14.82
0.7   2.0   20.6467
0.7   2.2   23.19
0.7   2.4   32.33
0.7   2.6   15.6867
0.7   2.8   14.3767
0.7   3.0   12.58
0.9   -3.0   10.8967
0.9   -2.8   9.83333
0.9   -2.6   8.8
0.9   -2.4   7.69667
0.9   -2.2   7.81667
0.9   -2.0   7.31
0.9   -1.8   5.92
0.9   -1.6   5.00333
0.9   -1.4   5.15667
0.9   -1.2   5.53
0.9   -0.9   4.82667
0.9   -0.7   5.15667
0.9   -0.5   4.85667
0.9   -0.3   4.78
0.9   -0.1   4.29667
0.9   0.1   5.66333
0.9   0.3   5.41
0.9   0.5   5.57
0.9   0.7   6.44333
0.9   0.9   8.74333
0.9   1.2   9.71333
0.9   1.4   11.7067
0.9   1.6   13.5167
0.9   1.8   16.1333
0.9   2.0   14.1433
0.9   2.2   12.7867
0.9   2.4   15.5467
0.9   2.6   11.45
0.9   2.8   11.5233
0.9   3.0   11.04
1.2   -3.0   9.91667
1.2   -2.8   9.42
1.2   -2.6   11.2367
1.2   -2.4   8.77667
1.2   -2.2   8.49
1.2   -2.0   8.78
1.2   -1.8   6.24
1.2   -1.6   5.42333
1.2   -1.4   4.88
1.2   -1.2   4.55333
1.2   -0.9   4.49
1.2   -0.7   4.91333
1.2   -0.5   4.54667
1.2   -0.3   4.22333
1.2   -0.1   4.08333
1.2   0.1   5.72333
1.2   0.3   6.12667
1.2   0.5   8.24333
1.2   0.7   8.37333
1.2   0.9   10.0733
1.2   1.2   11.57
1.2   1.4   13.3033
1.2   1.6   14.3533
1.2   1.8   18.7467
1.2   2.0   15.4367
1.2   2.2   13.97
1.2   2.4   13.4767
1.2   2.6   14.74
1.2   2.8   10.15
1.2   3.0   8.62333
1.4   -3.0   10.37
1.4   -2.8   11.13
1.4   -2.6   11.91
1.4   -2.4   9.55667
1.4   -2.2   10.4467
1.4   -2.0   8.46333
1.4   -1.8   7.99333
1.4   -1.6   7.43667
1.4   -1.4   7.25667
1.4   -1.2   5.64333
1.4   -0.9   5.54
1.4   -0.7   5.64333
1.4   -0.5   5.97333
1.4   -0.3   6.40667
1.4   -0.1   6.75333
1.4   0.1   7.68
1.4   0.3   8.84333
1.4   0.5   11.51
1.4   0.7   10.3767
1.4   0.9   12.5167
1.4   1.2   13.7833
1.4   1.4   13.3133
1.4   1.6   19.31
1.4   1.8   19.0367
1.4   2.0   16.7067
1.4   2.2   14.42
1.4   2.4   13.9233
1.4   2.6   13.6433
1.4   2.8   11.9833
1.4   3.0   12.9533
1.6   -3.0   14.4467
1.6   -2.8   14.0967
1.6   -2.6   13.18
1.6   -2.4   13.9233
1.6   -2.2   13.6567
1.6   -2.0   13.0267
1.6   -1.8   12.8267
1.6   -1.6   12.2967
1.6   -1.4   10.0967
1.6   -1.2   9.38667
1.6   -0.9   8.81667
1.6   -0.7   7.98
1.6   -0.5   8.58667
1.6   -0.3   10.11
1.6   -0.1   9.84
1.6   0.1   10.9567
1.6   0.3   12.18
1.6   0.5   14.8833
1.6   0.7   15.3933
1.6   0.9   19.0367
1.6   1.2   15.4767
1.6   1.4   17.6067
1.6   1.6   15.4033
   1.6    1.8 **** 
1.6   2.0   38.1133
1.6   2.2   16.7533
1.6   2.4   16.9933
1.6   2.6   15.3733
1.6   2.8   13.6333
1.6   3.0   12.6767
1.8   -3.0   19.0667
1.8   -2.8   18.9667
1.8   -2.6   17.86
1.8   -2.4   16.5133
1.8   -2.2   16.0767
1.8   -2.0   15.3733
1.8   -1.8   18.44
1.8   -1.6   17.2867
1.8   -1.4   13.78
1.8   -1.2   13.24
1.8   -0.9   12.8633
1.8   -0.7   15.3667
1.8   -0.5   13.1767
1.8   -0.3   14.7467
1.8   -0.1   15.2233
1.8   0.1   18.97
1.8   0.3   35.22
1.8   0.5   19.27
1.8   0.7   20
1.8   0.9   41.3733
1.8   1.2   19.0433
   1.8    1.4 **** 
   1.8    1.6 **** 
1.8   1.8   19.0433
1.8   2.0   19.0433
1.8   2.2   28.27
1.8   2.4   18.98
1.8   2.6   16.14
1.8   2.8   15.39
1.8   3.0   15.4467
2.0   -3.0   17.2733
2.0   -2.8   19.0433
2.0   -2.6   17.8533
2.0   -2.4   60.0567
2.0   -2.2   19.19
2.0   -2.0   19.38
   2.0   -1.8 **** 
2.0   -1.6   19.0433
2.0   -1.4   18.7933
2.0   -1.2   17.52
2.0   -0.9   16.8367
2.0   -0.7   19.4233
2.0   -0.5   16.0267
2.0   -0.3   64.4633
2.0   -0.1   21.7767
2.0   0.1   19.06
2.0   0.3   19.0433
2.0   0.5   19.0533
   2.0    0.7 **** 
   2.0    0.9 **** 
   2.0    1.2 **** 
   2.0    1.4 **** 
   2.0    1.6 **** 
   2.0    1.8 **** 
2.0   2.0   19.0433
   2.0    2.2 **** 
2.0   2.4   19.0367
2.0   2.6   20.0667
2.0   2.8   19.1133
   2.0    3.0 **** 
2.2   -3.0   19.0367
2.2   -2.8   19.0867
2.2   -2.6   19.3467
2.2   -2.4   55.3767
   2.2   -2.2 **** 
   2.2   -2.0 **** 
   2.2   -1.8 **** 
   2.2   -1.6 **** 
2.2   -1.4   18.0967
2.2   -1.2   19.03
2.2   -0.9   19.0367
   2.2   -0.7 **** 
2.2   -0.5   19.44
2.2   -0.3   61.1267
   2.2   -0.1 **** 
2.2   0.1   39.6633
2.2   0.3   19.7267
   2.2    0.5 **** 
   2.2    0.7 **** 
   2.2    0.9 **** 
   2.2    1.2 **** 
   2.2    1.4 **** 
2.2   1.6   19.0433
   2.2    1.8 **** 
   2.2    2.0 **** 
   2.2    2.2 **** 
2.2   2.4   19.0467
   2.2    2.6 **** 
2.2   2.8   19.0433
2.2   3.0   16.74
2.4   -3.0   52.82
2.4   -2.8   19.0333
2.4   -2.6   40.9167
2.4   -2.4   19.1567
   2.4   -2.2 **** 
2.4   -2.0   37.6033
   2.4   -1.8 **** 
2.4   -1.6   33.5867
2.4   -1.4   60.58
2.4   -1.2   19.07
2.4   -0.9   48.74
2.4   -0.7   19.3267
   2.4   -0.5 **** 
   2.4   -0.3 **** 
   2.4   -0.1 **** 
   2.4    0.1 **** 
2.4   0.3   19.0867
   2.4    0.5 **** 
2.4   0.7   100.233
   2.4    0.9 **** 
   2.4    1.2 **** 
   2.4    1.4 **** 
   2.4    1.6 **** 
   2.4    1.8 **** 
   2.4    2.0 **** 
2.4   2.2   40.4333
   2.4    2.4 **** 
2.4   2.6   19.0367
2.4   2.8   19.5733
2.4   3.0   17.2267
2.6   -3.0   16.6067
2.6   -2.8   16.7333
2.6   -2.6   19.1767
2.6   -2.4   19.0433
2.6   -2.2   28.91
   2.6   -2.0 **** 
   2.6   -1.8 **** 
2.6   -1.6   19.1667
2.6   -1.4   16.7367
2.6   -1.2   19.0367
   2.6   -0.9 **** 
2.6   -0.7   48.67
   2.6   -0.5 **** 
2.6   -0.3   26.9967
2.6   -0.1   40.4233
   2.6    0.1 **** 
2.6   0.3   36.7767
   2.6    0.5 **** 
   2.6    0.7 **** 
2.6   0.9   19.0833
   2.6    1.2 **** 
2.6   1.4   44.0533
2.6   1.6   26.0333
2.6   1.8   16.7633
2.6   2.0   17.2467
2.6   2.2   16.7367
2.6   2.4   17.9
2.6   2.6   16.66
2.6   2.8   16.61
2.6   3.0   15.5267
2.8   -3.0   11.9667
2.8   -2.8   12.55
2.8   -2.6   15.6
2.8   -2.4   23.81
2.8   -2.2   18.03
2.8   -2.0   19.13
2.8   -1.8   49.9933
2.8   -1.6   19.1167
2.8   -1.4   54.3267
2.8   -1.2   17.8033
2.8   -0.9   15.5433
2.8   -0.7   14.0633
2.8   -0.5   16.8367
2.8   -0.3   16.7833
2.8   -0.1   19.6333
2.8   0.1   15.38
   2.8    0.3 **** 
2.8   0.5   18.5733
   2.8    0.7 **** 
2.8   0.9   15.42
2.8   1.2   16.9033
2.8   1.4   40.2833
2.8   1.6   15.9067
2.8   1.8   15.4267
2.8   2.0   13.86
2.8   2.2   11.54
2.8   2.4   11.5933
2.8   2.6   12.2433
2.8   2.8   12.9133
2.8   3.0   10.5567
3.0   -3.0   8.16
3.0   -2.8   10.4833
3.0   -2.6   12.6367
3.0   -2.4   12.39
3.0   -2.2   12.21
3.0   -2.0   17.13
3.0   -1.8   16.73
3.0   -1.6   14.36
3.0   -1.4   15.74
3.0   -1.2   12.3233
3.0   -0.9   11.8267
3.0   -0.7   12.0967
3.0   -0.5   12.3767
3.0   -0.3   13.43
3.0   -0.1   13.8067
3.0   0.1   15.1167
3.0   0.3   13.82
3.0   0.5   14.41
3.0   0.7   14.8067
3.0   0.9   17.1967
3.0   1.2   14.29
3.0   1.4   15.15
3.0   1.6   12.0367
3.0   1.8   10.0933
3.0   2.0   11.1433
3.0   2.2   8.39
3.0   2.4   7.93333
3.0   2.6   6.24667
3.0   2.8   5.93333
3.0   3.0   7.16

