-3.063053   -3.063053   2.821355
-3.063053   -2.905973   3.514423
-3.063053   -2.748894   4.439096
-3.063053   -2.591814   5.457152
-3.063053   -2.434734   6.459320
-3.063053   -2.277655   7.990481
-3.063053   -2.120575   100
-3.063053   -1.963495   100
-3.063053   -1.806416   100
-3.063053   -1.649336   100
-3.063053   -1.492257   8.478249
-3.063053   -1.335177   8.035290
-3.063053   -1.178097   7.737330
-3.063053   -1.021018   7.505245
-3.063053   -0.863938   7.470078
-3.063053   -0.706858   7.483331
-3.063053   -0.549779   7.208077
-3.063053   -0.392699   100
-3.063053   -0.235619   8.505178
-3.063053   -0.078540   100
-3.063053   0.078540   100
-3.063053   0.235619   100
-3.063053   0.392699   100
-3.063053   0.549779   8.273464
-3.063053   0.706858   100
-3.063053   0.863938   100
-3.063053   1.021018   7.222414
-3.063053   1.178097   7.816562
-3.063053   1.335177   100
-3.063053   1.492257   100
-3.063053   1.649336   6.799726
-3.063053   1.806416   6.219304
-3.063053   1.963495   5.404986
-3.063053   2.120575   4.528008
-3.063053   2.277655   3.757463
-3.063053   2.434734   3.081157
-3.063053   2.591814   2.555786
-3.063053   2.748894   2.242559
-3.063053   2.905973   2.160371
-3.063053   3.063053   2.391137
-2.905973   -3.063053   1.733350
-2.905973   -2.905973   2.493443
-2.905973   -2.748894   3.416734
-2.905973   -2.591814   4.402999
-2.905973   -2.434734   5.465470
-2.905973   -2.277655   6.779978
-2.905973   -2.120575   7.063556
-2.905973   -1.963495   8.275213
-2.905973   -1.806416   8.373820
-2.905973   -1.649336   7.772190
-2.905973   -1.492257   7.608609
-2.905973   -1.335177   7.336269
-2.905973   -1.178097   7.037112
-2.905973   -1.021018   6.802765
-2.905973   -0.863938   7.176496
-2.905973   -0.706858   6.773501
-2.905973   -0.549779   6.827914
-2.905973   -0.392699   7.221711
-2.905973   -0.235619   7.484897
-2.905973   -0.078540   7.822257
-2.905973   0.078540   7.099848
-2.905973   0.235619   7.353624
-2.905973   0.392699   6.955197
-2.905973   0.549779   6.618894
-2.905973   0.706858   6.407904
-2.905973   0.863938   6.305188
-2.905973   1.021018   6.281666
-2.905973   1.178097   6.443536
-2.905973   1.335177   6.351702
-2.905973   1.492257   5.933702
-2.905973   1.649336   5.468884
-2.905973   1.806416   4.652091
-2.905973   1.963495   3.943493
-2.905973   2.120575   3.181746
-2.905973   2.277655   2.392340
-2.905973   2.434734   1.776476
-2.905973   2.591814   1.293116
-2.905973   2.748894   1.013382
-2.905973   2.905973   0.998443
-2.905973   3.063053   1.214360
-2.748894   -3.063053   1.167144
-2.748894   -2.905973   1.955529
-2.748894   -2.748894   2.891816
-2.748894   -2.591814   3.902417
-2.748894   -2.434734   4.842039
-2.748894   -2.277655   5.803271
-2.748894   -2.120575   6.840331
-2.748894   -1.963495   7.399369
-2.748894   -1.806416   7.910601
-2.748894   -1.649336   8.374711
-2.748894   -1.492257   7.424199
-2.748894   -1.335177   7.391492
-2.748894   -1.178097   7.050619
-2.748894   -1.021018   6.568837
-2.748894   -0.863938   6.418390
-2.748894   -0.706858   6.386066
-2.748894   -0.549779   6.322637
-2.748894   -0.392699   6.973268
-2.748894   -0.235619   6.529012
-2.748894   -0.078540   6.506663
-2.748894   0.078540   6.002712
-2.748894   0.235619   5.794293
-2.748894   0.392699   5.624238
-2.748894   0.549779   5.467516
-2.748894   0.706858   5.497857
-2.748894   0.863938   5.402803
-2.748894   1.021018   5.474784
-2.748894   1.178097   5.499378
-2.748894   1.335177   5.106695
-2.748894   1.492257   4.877626
-2.748894   1.649336   4.312080
-2.748894   1.806416   3.674558
-2.748894   1.963495   2.964123
-2.748894   2.120575   2.248085
-2.748894   2.277655   1.534650
-2.748894   2.434734   0.943039
-2.748894   2.591814   0.509445
-2.748894   2.748894   0.287851
-2.748894   2.905973   0.317955
-2.748894   3.063053   0.618690
-2.591814   -3.063053   1.047760
-2.591814   -2.905973   1.853814
-2.591814   -2.748894   2.822809
-2.591814   -2.591814   3.809116
-2.591814   -2.434734   4.764973
-2.591814   -2.277655   5.764803
-2.591814   -2.120575   6.732735
-2.591814   -1.963495   7.229417
-2.591814   -1.806416   7.873323
-2.591814   -1.649336   7.512253
-2.591814   -1.492257   7.930205
-2.591814   -1.335177   7.149344
-2.591814   -1.178097   7.282061
-2.591814   -1.021018   6.851157
-2.591814   -0.863938   6.521201
-2.591814   -0.706858   6.200955
-2.591814   -0.549779   6.175880
-2.591814   -0.392699   6.162000
-2.591814   -0.235619   5.932119
-2.591814   -0.078540   5.750698
-2.591814   0.078540   5.215319
-2.591814   0.235619   4.912551
-2.591814   0.392699   4.749604
-2.591814   0.549779   4.596411
-2.591814   0.706858   4.614691
-2.591814   0.863938   4.746520
-2.591814   1.021018   4.711237
-2.591814   1.178097   4.635642
-2.591814   1.335177   4.709675
-2.591814   1.492257   4.355138
-2.591814   1.649336   3.661460
-2.591814   1.806416   3.160416
-2.591814   1.963495   2.436880
-2.591814   2.120575   1.745653
-2.591814   2.277655   1.086861
-2.591814   2.434734   0.545936
-2.591814   2.591814   0.159871
-2.591814   2.748894   0.000000
-2.591814   2.905973   0.075649
-2.591814   3.063053   0.452976
-2.434734   -3.063053   1.283891
-2.434734   -2.905973   2.090233
-2.434734   -2.748894   3.036077
-2.434734   -2.591814   4.018145
-2.434734   -2.434734   5.060615
-2.434734   -2.277655   5.956917
-2.434734   -2.120575   6.616381
-2.434734   -1.963495   7.124006
-2.434734   -1.806416   8.288436
-2.434734   -1.649336   7.514262
-2.434734   -1.492257   7.689212
-2.434734   -1.335177   7.237218
-2.434734   -1.178097   7.069406
-2.434734   -1.021018   7.062659
-2.434734   -0.863938   6.874428
-2.434734   -0.706858   6.441777
-2.434734   -0.549779   6.427523
-2.434734   -0.392699   5.799497
-2.434734   -0.235619   5.560020
-2.434734   -0.078540   5.108446
-2.434734   0.078540   4.709775
-2.434734   0.235619   4.437199
-2.434734   0.392699   4.194186
-2.434734   0.549779   4.129368
-2.434734   0.706858   4.114757
-2.434734   0.863938   4.112692
-2.434734   1.021018   4.140215
-2.434734   1.178097   4.111147
-2.434734   1.335177   4.006244
-2.434734   1.492257   3.591929
-2.434734   1.649336   3.213116
-2.434734   1.806416   2.795365
-2.434734   1.963495   2.202323
-2.434734   2.120575   1.568417
-2.434734   2.277655   0.974759
-2.434734   2.434734   0.474709
-2.434734   2.591814   0.165614
-2.434734   2.748894   0.060348
-2.434734   2.905973   0.197864
-2.434734   3.063053   0.628972
-2.277655   -3.063053   1.694891
-2.277655   -2.905973   2.550070
-2.277655   -2.748894   3.493732
-2.277655   -2.591814   4.517932
-2.277655   -2.434734   5.561716
-2.277655   -2.277655   6.945128
-2.277655   -2.120575   7.273321
-2.277655   -1.963495   8.244959
-2.277655   -1.806416   100
-2.277655   -1.649336   8.392916
-2.277655   -1.492257   7.982598
-2.277655   -1.335177   8.351231
-2.277655   -1.178097   7.853906
-2.277655   -1.021018   7.737039
-2.277655   -0.863938   7.193950
-2.277655   -0.706858   6.744312
-2.277655   -0.549779   6.216319
-2.277655   -0.392699   5.670395
-2.277655   -0.235619   5.253849
-2.277655   -0.078540   4.694055
-2.277655   0.078540   4.327454
-2.277655   0.235619   4.037493
-2.277655   0.392699   3.884442
-2.277655   0.549779   3.727160
-2.277655   0.706858   3.697009
-2.277655   0.863938   3.734241
-2.277655   1.021018   3.786094
-2.277655   1.178097   3.673096
-2.277655   1.335177   3.601712
-2.277655   1.492257   3.351521
-2.277655   1.649336   3.143597
-2.277655   1.806416   2.662476
-2.277655   1.963495   2.113206
-2.277655   2.120575   1.573765
-2.277655   2.277655   1.036065
-2.277655   2.434734   0.617665
-2.277655   2.591814   0.356630
-2.277655   2.748894   0.340647
-2.277655   2.905973   0.547478
-2.277655   3.063053   1.005989
-2.120575   -3.063053   2.240535
-2.120575   -2.905973   3.070342
-2.120575   -2.748894   4.180677
-2.120575   -2.591814   5.314634
-2.120575   -2.434734   5.940282
-2.120575   -2.277655   7.169820
-2.120575   -2.120575   8.189914
-2.120575   -1.963495   100
-2.120575   -1.806416   100
-2.120575   -1.649336   100
-2.120575   -1.492257   8.484624
-2.120575   -1.335177   100
-2.120575   -1.178097   8.346332
-2.120575   -1.021018   8.215138
-2.120575   -0.863938   7.401992
-2.120575   -0.706858   6.930639
-2.120575   -0.549779   6.435097
-2.120575   -0.392699   5.448462
-2.120575   -0.235619   4.920108
-2.120575   -0.078540   4.410649
-2.120575   0.078540   3.958478
-2.120575   0.235619   3.752075
-2.120575   0.392699   3.579428
-2.120575   0.549779   3.425647
-2.120575   0.706858   3.355172
-2.120575   0.863938   3.300854
-2.120575   1.021018   3.355174
-2.120575   1.178097   3.321290
-2.120575   1.335177   3.201346
-2.120575   1.492257   3.074528
-2.120575   1.649336   2.816584
-2.120575   1.806416   2.529054
-2.120575   1.963495   2.125279
-2.120575   2.120575   1.679138
-2.120575   2.277655   1.196510
-2.120575   2.434734   0.846525
-2.120575   2.591814   0.659705
-2.120575   2.748894   0.682523
-2.120575   2.905973   0.957714
-2.120575   3.063053   1.468025
-1.963495   -3.063053   2.657207
-1.963495   -2.905973   3.601828
-1.963495   -2.748894   4.761659
-1.963495   -2.591814   5.603776
-1.963495   -2.434734   6.545558
-1.963495   -2.277655   8.095514
-1.963495   -2.120575   7.878477
-1.963495   -1.963495   8.437573
-1.963495   -1.806416   100
-1.963495   -1.649336   100
-1.963495   -1.492257   8.584169
-1.963495   -1.335177   100
-1.963495   -1.178097   100
-1.963495   -1.021018   100
-1.963495   -0.863938   100
-1.963495   -0.706858   6.961215
-1.963495   -0.549779   6.233218
-1.963495   -0.392699   5.336457
-1.963495   -0.235619   4.576450
-1.963495   -0.078540   4.065979
-1.963495   0.078540   3.631607
-1.963495   0.235619   3.395622
-1.963495   0.392699   3.130557
-1.963495   0.549779   2.984364
-1.963495   0.706858   2.827650
-1.963495   0.863938   2.752461
-1.963495   1.021018   2.688887
-1.963495   1.178097   2.723610
-1.963495   1.335177   2.684643
-1.963495   1.492257   2.607956
-1.963495   1.649336   2.571707
-1.963495   1.806416   2.283154
-1.963495   1.963495   2.054080
-1.963495   2.120575   1.737916
-1.963495   2.277655   1.369056
-1.963495   2.434734   1.055116
-1.963495   2.591814   0.932739
-1.963495   2.748894   1.000302
-1.963495   2.905973   1.326255
-1.963495   3.063053   1.916033
-1.806416   -3.063053   3.050463
-1.806416   -2.905973   3.977361
-1.806416   -2.748894   5.268907
-1.806416   -2.591814   6.178278
-1.806416   -2.434734   7.118776
-1.806416   -2.277655   100
-1.806416   -2.120575   100
-1.806416   -1.963495   8.527405
-1.806416   -1.806416   100
-1.806416   -1.649336   100
-1.806416   -1.492257   100
-1.806416   -1.335177   100
-1.806416   -1.178097   8.526603
-1.806416   -1.021018   7.970028
-1.806416   -0.863938   7.782224
-1.806416   -0.706858   6.359188
-1.806416   -0.549779   5.832561
-1.806416   -0.392699   4.941814
-1.806416   -0.235619   4.219250
-1.806416   -0.078540   3.744070
-1.806416   0.078540   3.249091
-1.806416   0.235619   2.882519
-1.806416   0.392699   2.640211
-1.806416   0.549779   2.394165
-1.806416   0.706858   2.172255
-1.806416   0.863938   1.966019
-1.806416   1.021018   1.855691
-1.806416   1.178097   1.903602
-1.806416   1.335177   2.014818
-1.806416   1.492257   2.089096
-1.806416   1.649336   2.156304
-1.806416   1.806416   2.061697
-1.806416   1.963495   1.925887
-1.806416   2.120575   1.646557
-1.806416   2.277655   1.363303
-1.806416   2.434734   1.189081
-1.806416   2.591814   1.141249
-1.806416   2.748894   1.265455
-1.806416   2.905973   1.592928
-1.806416   3.063053   2.237537
-1.649336   -3.063053   3.374310
-1.649336   -2.905973   4.284637
-1.649336   -2.748894   5.373388
-1.649336   -2.591814   7.082544
-1.649336   -2.434734   8.020277
-1.649336   -2.277655   100
-1.649336   -2.120575   100
-1.649336   -1.963495   8.602191
-1.649336   -1.806416   100
-1.649336   -1.649336   100
-1.649336   -1.492257   100
-1.649336   -1.335177   100
-1.649336   -1.178097   100
-1.649336   -1.021018   7.799808
-1.649336   -0.863938   7.023922
-1.649336   -0.706858   6.415436
-1.649336   -0.549779   5.303120
-1.649336   -0.392699   4.559543
-1.649336   -0.235619   3.858789
-1.649336   -0.078540   3.286808
-1.649336   0.078540   2.761503
-1.649336   0.235619   2.401292
-1.649336   0.392699   2.019045
-1.649336   0.549779   1.662646
-1.649336   0.706858   1.319660
-1.649336   0.863938   1.083160
-1.649336   1.021018   0.981951
-1.649336   1.178097   1.004483
-1.649336   1.335177   1.198711
-1.649336   1.492257   1.416149
-1.649336   1.649336   1.627612
-1.649336   1.806416   1.739716
-1.649336   1.963495   1.676943
-1.649336   2.120575   1.500517
-1.649336   2.277655   1.300389
-1.649336   2.434734   1.196642
-1.649336   2.591814   1.228922
-1.649336   2.748894   1.443350
-1.649336   2.905973   1.865334
-1.649336   3.063053   2.476194
-1.492257   -3.063053   3.666806
-1.492257   -2.905973   4.763688
-1.492257   -2.748894   6.030361
-1.492257   -2.591814   7.405126
-1.492257   -2.434734   8.096484
-1.492257   -2.277655   100
-1.492257   -2.120575   100
-1.492257   -1.963495   100
-1.492257   -1.806416   100
-1.492257   -1.649336   100
-1.492257   -1.492257   100
-1.492257   -1.335177   100
-1.492257   -1.178097   100
-1.492257   -1.021018   7.699161
-1.492257   -0.863938   6.902994
-1.492257   -0.706858   6.108239
-1.492257   -0.549779   5.016588
-1.492257   -0.392699   4.216678
-1.492257   -0.235619   3.485564
-1.492257   -0.078540   2.836471
-1.492257   0.078540   2.368157
-1.492257   0.235619   1.898341
-1.492257   0.392699   1.441056
-1.492257   0.549779   1.009500
-1.492257   0.706858   0.655794
-1.492257   0.863938   0.439675
-1.492257   1.021018   0.354509
-1.492257   1.178097   0.410457
-1.492257   1.335177   0.659921
-1.492257   1.492257   0.946716
-1.492257   1.649336   1.203134
-1.492257   1.806416   1.408281
-1.492257   1.963495   1.429830
-1.492257   2.120575   1.399970
-1.492257   2.277655   1.297264
-1.492257   2.434734   1.256720
-1.492257   2.591814   1.362229
-1.492257   2.748894   1.642135
-1.492257   2.905973   2.092035
-1.492257   3.063053   2.848563
-1.335177   -3.063053   4.221384
-1.335177   -2.905973   5.341862
-1.335177   -2.748894   6.397445
-1.335177   -2.591814   7.514735
-1.335177   -2.434734   100
-1.335177   -2.277655   100
-1.335177   -2.120575   100
-1.335177   -1.963495   100
-1.335177   -1.806416   100
-1.335177   -1.649336   100
-1.335177   -1.492257   100
-1.335177   -1.335177   100
-1.335177   -1.178097   100
-1.335177   -1.021018   7.661066
-1.335177   -0.863938   6.737984
-1.335177   -0.706858   5.606624
-1.335177   -0.549779   4.822571
-1.335177   -0.392699   3.892009
-1.335177   -0.235619   3.206195
-1.335177   -0.078540   2.634329
-1.335177   0.078540   2.121859
-1.335177   0.235619   1.638058
-1.335177   0.392699   1.195646
-1.335177   0.549779   0.793361
-1.335177   0.706858   0.493931
-1.335177   0.863938   0.325407
-1.335177   1.021018   0.270990
-1.335177   1.178097   0.346857
-1.335177   1.335177   0.538997
-1.335177   1.492257   0.828011
-1.335177   1.649336   1.117154
-1.335177   1.806416   1.336420
-1.335177   1.963495   1.412715
-1.335177   2.120575   1.414400
-1.335177   2.277655   1.376661
-1.335177   2.434734   1.401383
-1.335177   2.591814   1.570187
-1.335177   2.748894   1.915188
-1.335177   2.905973   2.440164
-1.335177   3.063053   3.168992
-1.178097   -3.063053   5.141660
-1.178097   -2.905973   6.315213
-1.178097   -2.748894   7.399115
-1.178097   -2.591814   100
-1.178097   -2.434734   100
-1.178097   -2.277655   100
-1.178097   -2.120575   100
-1.178097   -1.963495   100
-1.178097   -1.806416   100
-1.178097   -1.649336   100
-1.178097   -1.492257   100
-1.178097   -1.335177   100
-1.178097   -1.178097   100
-1.178097   -1.021018   8.107232
-1.178097   -0.863938   6.700337
-1.178097   -0.706858   5.689005
-1.178097   -0.549779   4.693222
-1.178097   -0.392699   3.940993
-1.178097   -0.235619   3.261698
-1.178097   -0.078540   2.718838
-1.178097   0.078540   2.245188
-1.178097   0.235619   1.804472
-1.178097   0.392699   1.436826
-1.178097   0.549779   1.145324
-1.178097   0.706858   0.966066
-1.178097   0.863938   0.845060
-1.178097   1.021018   0.810826
-1.178097   1.178097   0.857495
-1.178097   1.335177   1.003723
-1.178097   1.492257   1.202004
-1.178097   1.649336   1.441995
-1.178097   1.806416   1.632517
-1.178097   1.963495   1.696841
-1.178097   2.120575   1.682900
-1.178097   2.277655   1.707919
-1.178097   2.434734   1.787091
-1.178097   2.591814   2.005474
-1.178097   2.748894   2.375646
-1.178097   2.905973   2.968033
-1.178097   3.063053   3.845593
-1.021018   -3.063053   6.950409
-1.021018   -2.905973   100
-1.021018   -2.748894   8.029962
-1.021018   -2.591814   100
-1.021018   -2.434734   100
-1.021018   -2.277655   100
-1.021018   -2.120575   100
-1.021018   -1.963495   100
-1.021018   -1.806416   100
-1.021018   -1.649336   100
-1.021018   -1.492257   100
-1.021018   -1.335177   100
-1.021018   -1.178097   9.098489
-1.021018   -1.021018   7.993577
-1.021018   -0.863938   7.185960
-1.021018   -0.706858   5.775773
-1.021018   -0.549779   4.939965
-1.021018   -0.392699   4.204099
-1.021018   -0.235619   3.689642
-1.021018   -0.078540   3.196227
-1.021018   0.078540   2.790015
-1.021018   0.235619   2.505739
-1.021018   0.392699   2.242739
-1.021018   0.549779   2.075394
-1.021018   0.706858   1.971533
-1.021018   0.863938   1.954622
-1.021018   1.021018   1.895795
-1.021018   1.178097   1.905752
-1.021018   1.335177   2.003300
-1.021018   1.492257   2.159392
-1.021018   1.649336   2.248854
-1.021018   1.806416   2.318421
-1.021018   1.963495   2.349441
-1.021018   2.120575   2.310336
-1.021018   2.277655   2.324959
-1.021018   2.434734   2.444855
-1.021018   2.591814   2.722842
-1.021018   2.748894   3.255555
-1.021018   2.905973   3.968950
-1.021018   3.063053   4.995802
-0.863938   -3.063053   100
-0.863938   -2.905973   100
-0.863938   -2.748894   100
-0.863938   -2.591814   100
-0.863938   -2.434734   100
-0.863938   -2.277655   100
-0.863938   -2.120575   100
-0.863938   -1.963495   100
-0.863938   -1.806416   100
-0.863938   -1.649336   100
-0.863938   -1.492257   100
-0.863938   -1.335177   100
-0.863938   -1.178097   9.311909
-0.863938   -1.021018   9.164454
-0.863938   -0.863938   7.284014
-0.863938   -0.706858   6.334463
-0.863938   -0.549779   5.491817
-0.863938   -0.392699   4.902335
-0.863938   -0.235619   4.455265
-0.863938   -0.078540   4.154262
-0.863938   0.078540   3.854918
-0.863938   0.235619   3.577182
-0.863938   0.392699   3.522002
-0.863938   0.549779   3.491500
-0.863938   0.706858   3.520618
-0.863938   0.863938   3.537326
-0.863938   1.021018   3.322051
-0.863938   1.178097   3.475500
-0.863938   1.335177   3.425901
-0.863938   1.492257   3.402727
-0.863938   1.649336   3.382926
-0.863938   1.806416   3.399903
-0.863938   1.963495   3.370421
-0.863938   2.120575   3.295948
-0.863938   2.277655   3.325914
-0.863938   2.434734   3.488459
-0.863938   2.591814   3.842505
-0.863938   2.748894   4.568246
-0.863938   2.905973   5.468074
-0.863938   3.063053   7.077936
-0.706858   -3.063053   100
-0.706858   -2.905973   100
-0.706858   -2.748894   100
-0.706858   -2.591814   100
-0.706858   -2.434734   100
-0.706858   -2.277655   100
-0.706858   -2.120575   100
-0.706858   -1.963495   100
-0.706858   -1.806416   100
-0.706858   -1.649336   100
-0.706858   -1.492257   100
-0.706858   -1.335177   9.617662
-0.706858   -1.178097   100
-0.706858   -1.021018   8.958991
-0.706858   -0.863938   7.527021
-0.706858   -0.706858   6.953898
-0.706858   -0.549779   6.378113
-0.706858   -0.392699   5.950896
-0.706858   -0.235619   5.570119
-0.706858   -0.078540   5.409241
-0.706858   0.078540   5.322407
-0.706858   0.235619   5.171283
-0.706858   0.392699   5.237149
-0.706858   0.549779   5.140842
-0.706858   0.706858   5.390458
-0.706858   0.863938   5.557362
-0.706858   1.021018   5.428426
-0.706858   1.178097   4.915235
-0.706858   1.335177   5.326538
-0.706858   1.492257   4.866262
-0.706858   1.649336   4.743260
-0.706858   1.806416   4.537579
-0.706858   1.963495   4.678447
-0.706858   2.120575   4.701921
-0.706858   2.277655   4.562617
-0.706858   2.434734   4.847877
-0.706858   2.591814   5.292841
-0.706858   2.748894   6.774648
-0.706858   2.905973   7.443271
-0.706858   3.063053   100
-0.549779   -3.063053   100
-0.549779   -2.905973   100
-0.549779   -2.748894   100
-0.549779   -2.591814   100
-0.549779   -2.434734   100
-0.549779   -2.277655   100
-0.549779   -2.120575   100
-0.549779   -1.963495   100
-0.549779   -1.806416   100
-0.549779   -1.649336   100
-0.549779   -1.492257   100
-0.549779   -1.335177   100
-0.549779   -1.178097   100
-0.549779   -1.021018   8.897047
-0.549779   -0.863938   8.702145
-0.549779   -0.706858   8.290917
-0.549779   -0.549779   7.224452
-0.549779   -0.392699   7.047593
-0.549779   -0.235619   6.899650
-0.549779   -0.078540   6.750173
-0.549779   0.078540   7.243937
-0.549779   0.235619   7.457552
-0.549779   0.392699   100
-0.549779   0.549779   100
-0.549779   0.706858   7.021038
-0.549779   0.863938   100
-0.549779   1.021018   6.481706
-0.549779   1.178097   100
-0.549779   1.335177   6.941270
-0.549779   1.492257   6.565628
-0.549779   1.649336   6.598097
-0.549779   1.806416   5.986278
-0.549779   1.963495   5.970814
-0.549779   2.120575   6.298721
-0.549779   2.277655   6.601229
-0.549779   2.434734   6.956136
-0.549779   2.591814   7.781820
-0.549779   2.748894   100
-0.549779   2.905973   100
-0.549779   3.063053   100
-0.392699   -3.063053   100
-0.392699   -2.905973   100
-0.392699   -2.748894   100
-0.392699   -2.591814   100
-0.392699   -2.434734   100
-0.392699   -2.277655   100
-0.392699   -2.120575   100
-0.392699   -1.963495   100
-0.392699   -1.806416   100
-0.392699   -1.649336   100
-0.392699   -1.492257   100
-0.392699   -1.335177   100
-0.392699   -1.178097   100
-0.392699   -1.021018   100
-0.392699   -0.863938   8.842425
-0.392699   -0.706858   8.602508
-0.392699   -0.549779   8.976252
-0.392699   -0.392699   8.667469
-0.392699   -0.235619   100
-0.392699   -0.078540   100
-0.392699   0.078540   7.805687
-0.392699   0.235619   100
-0.392699   0.392699   100
-0.392699   0.549779   100
-0.392699   0.706858   100
-0.392699   0.863938   100
-0.392699   1.021018   100
-0.392699   1.178097   100
-0.392699   1.335177   100
-0.392699   1.492257   6.825240
-0.392699   1.649336   100
-0.392699   1.806416   7.292578
-0.392699   1.963495   7.347087
-0.392699   2.120575   7.450352
-0.392699   2.277655   100
-0.392699   2.434734   100
-0.392699   2.591814   100
-0.392699   2.748894   100
-0.392699   2.905973   100
-0.392699   3.063053   100
-0.235619   -3.063053   100
-0.235619   -2.905973   100
-0.235619   -2.748894   100
-0.235619   -2.591814   100
-0.235619   -2.434734   100
-0.235619   -2.277655   100
-0.235619   -2.120575   100
-0.235619   -1.963495   100
-0.235619   -1.806416   100
-0.235619   -1.649336   100
-0.235619   -1.492257   100
-0.235619   -1.335177   100
-0.235619   -1.178097   100
-0.235619   -1.021018   9.374242
-0.235619   -0.863938   100
-0.235619   -0.706858   9.352336
-0.235619   -0.549779   100
-0.235619   -0.392699   8.766130
-0.235619   -0.235619   100
-0.235619   -0.078540   100
-0.235619   0.078540   100
-0.235619   0.235619   100
-0.235619   0.392699   100
-0.235619   0.549779   100
-0.235619   0.706858   100
-0.235619   0.863938   100
-0.235619   1.021018   100
-0.235619   1.178097   100
-0.235619   1.335177   7.495869
-0.235619   1.492257   7.536771
-0.235619   1.649336   100
-0.235619   1.806416   100
-0.235619   1.963495   100
-0.235619   2.120575   100
-0.235619   2.277655   100
-0.235619   2.434734   100
-0.235619   2.591814   100
-0.235619   2.748894   100
-0.235619   2.905973   100
-0.235619   3.063053   100
-0.078540   -3.063053   100
-0.078540   -2.905973   100
-0.078540   -2.748894   100
-0.078540   -2.591814   100
-0.078540   -2.434734   100
-0.078540   -2.277655   100
-0.078540   -2.120575   100
-0.078540   -1.963495   100
-0.078540   -1.806416   100
-0.078540   -1.649336   100
-0.078540   -1.492257   100
-0.078540   -1.335177   100
-0.078540   -1.178097   100
-0.078540   -1.021018   9.835903
-0.078540   -0.863938   100
-0.078540   -0.706858   100
-0.078540   -0.549779   9.125405
-0.078540   -0.392699   100
-0.078540   -0.235619   8.514062
-0.078540   -0.078540   100
-0.078540   0.078540   100
-0.078540   0.235619   100
-0.078540   0.392699   100
-0.078540   0.549779   100
-0.078540   0.706858   100
-0.078540   0.863938   100
-0.078540   1.021018   100
-0.078540   1.178097   100
-0.078540   1.335177   100
-0.078540   1.492257   100
-0.078540   1.649336   100
-0.078540   1.806416   100
-0.078540   1.963495   100
-0.078540   2.120575   100
-0.078540   2.277655   100
-0.078540   2.434734   100
-0.078540   2.591814   100
-0.078540   2.748894   100
-0.078540   2.905973   100
-0.078540   3.063053   100
0.078540   -3.063053   100
0.078540   -2.905973   100
0.078540   -2.748894   100
0.078540   -2.591814   100
0.078540   -2.434734   100
0.078540   -2.277655   100
0.078540   -2.120575   100
0.078540   -1.963495   100
0.078540   -1.806416   100
0.078540   -1.649336   100
0.078540   -1.492257   100
0.078540   -1.335177   100
0.078540   -1.178097   100
0.078540   -1.021018   9.838735
0.078540   -0.863938   9.645163
0.078540   -0.706858   9.408066
0.078540   -0.549779   100
0.078540   -0.392699   100
0.078540   -0.235619   100
0.078540   -0.078540   100
0.078540   0.078540   100
0.078540   0.235619   100
0.078540   0.392699   100
0.078540   0.549779   100
0.078540   0.706858   100
0.078540   0.863938   100
0.078540   1.021018   100
0.078540   1.178097   100
0.078540   1.335177   100
0.078540   1.492257   100
0.078540   1.649336   100
0.078540   1.806416   100
0.078540   1.963495   100
0.078540   2.120575   100
0.078540   2.277655   100
0.078540   2.434734   100
0.078540   2.591814   100
0.078540   2.748894   100
0.078540   2.905973   100
0.078540   3.063053   100
0.235619   -3.063053   100
0.235619   -2.905973   100
0.235619   -2.748894   100
0.235619   -2.591814   100
0.235619   -2.434734   100
0.235619   -2.277655   100
0.235619   -2.120575   100
0.235619   -1.963495   100
0.235619   -1.806416   100
0.235619   -1.649336   100
0.235619   -1.492257   9.678914
0.235619   -1.335177   100
0.235619   -1.178097   9.943139
0.235619   -1.021018   9.384730
0.235619   -0.863938   9.192864
0.235619   -0.706858   100
0.235619   -0.549779   100
0.235619   -0.392699   100
0.235619   -0.235619   100
0.235619   -0.078540   100
0.235619   0.078540   100
0.235619   0.235619   100
0.235619   0.392699   100
0.235619   0.549779   100
0.235619   0.706858   100
0.235619   0.863938   100
0.235619   1.021018   100
0.235619   1.178097   100
0.235619   1.335177   100
0.235619   1.492257   100
0.235619   1.649336   100
0.235619   1.806416   100
0.235619   1.963495   100
0.235619   2.120575   100
0.235619   2.277655   100
0.235619   2.434734   100
0.235619   2.591814   100
0.235619   2.748894   100
0.235619   2.905973   100
0.235619   3.063053   100
0.392699   -3.063053   100
0.392699   -2.905973   100
0.392699   -2.748894   100
0.392699   -2.591814   100
0.392699   -2.434734   100
0.392699   -2.277655   100
0.392699   -2.120575   100
0.392699   -1.963495   100
0.392699   -1.806416   100
0.392699   -1.649336   100
0.392699   -1.492257   9.354153
0.392699   -1.335177   9.304639
0.392699   -1.178097   8.623541
0.392699   -1.021018   8.758710
0.392699   -0.863938   8.570572
0.392699   -0.706858   8.649369
0.392699   -0.549779   8.642334
0.392699   -0.392699   8.807592
0.392699   -0.235619   100
0.392699   -0.078540   7.613355
0.392699   0.078540   7.928941
0.392699   0.235619   100
0.392699   0.392699   100
0.392699   0.549779   100
0.392699   0.706858   100
0.392699   0.863938   100
0.392699   1.021018   100
0.392699   1.178097   100
0.392699   1.335177   100
0.392699   1.492257   100
0.392699   1.649336   100
0.392699   1.806416   100
0.392699   1.963495   100
0.392699   2.120575   100
0.392699   2.277655   100
0.392699   2.434734   100
0.392699   2.591814   100
0.392699   2.748894   100
0.392699   2.905973   100
0.392699   3.063053   100
0.549779   -3.063053   100
0.549779   -2.905973   100
0.549779   -2.748894   100
0.549779   -2.591814   100
0.549779   -2.434734   100
0.549779   -2.277655   100
0.549779   -2.120575   100
0.549779   -1.963495   100
0.549779   -1.806416   9.193575
0.549779   -1.649336   8.368257
0.549779   -1.492257   8.054371
0.549779   -1.335177   7.664844
0.549779   -1.178097   7.292936
0.549779   -1.021018   7.268139
0.549779   -0.863938   6.916550
0.549779   -0.706858   7.069917
0.549779   -0.549779   6.663008
0.549779   -0.392699   6.531498
0.549779   -0.235619   6.752005
0.549779   -0.078540   6.715667
0.549779   0.078540   6.926378
0.549779   0.235619   7.369038
0.549779   0.392699   8.144764
0.549779   0.549779   100
0.549779   0.706858   100
0.549779   0.863938   100
0.549779   1.021018   100
0.549779   1.178097   100
0.549779   1.335177   100
0.549779   1.492257   100
0.549779   1.649336   100
0.549779   1.806416   100
0.549779   1.963495   100
0.549779   2.120575   100
0.549779   2.277655   100
0.549779   2.434734   100
0.549779   2.591814   100
0.549779   2.748894   100
0.549779   2.905973   100
0.549779   3.063053   100
0.706858   -3.063053   100
0.706858   -2.905973   100
0.706858   -2.748894   100
0.706858   -2.591814   100
0.706858   -2.434734   9.158418
0.706858   -2.277655   100
0.706858   -2.120575   8.843721
0.706858   -1.963495   8.471866
0.706858   -1.806416   7.605866
0.706858   -1.649336   7.090186
0.706858   -1.492257   6.644859
0.706858   -1.335177   6.288753
0.706858   -1.178097   5.901351
0.706858   -1.021018   5.621304
0.706858   -0.863938   5.465765
0.706858   -0.706858   5.337718
0.706858   -0.549779   5.177008
0.706858   -0.392699   5.191419
0.706858   -0.235619   5.272741
0.706858   -0.078540   5.426271
0.706858   0.078540   6.002912
0.706858   0.235619   6.415649
0.706858   0.392699   7.243190
0.706858   0.549779   8.258919
0.706858   0.706858   8.235016
0.706858   0.863938   100
0.706858   1.021018   100
0.706858   1.178097   100
0.706858   1.335177   100
0.706858   1.492257   100
0.706858   1.649336   100
0.706858   1.806416   100
0.706858   1.963495   100
0.706858   2.120575   100
0.706858   2.277655   100
0.706858   2.434734   100
0.706858   2.591814   100
0.706858   2.748894   100
0.706858   2.905973   100
0.706858   3.063053   100
0.863938   -3.063053   100
0.863938   -2.905973   100
0.863938   -2.748894   100
0.863938   -2.591814   100
0.863938   -2.434734   100
0.863938   -2.277655   8.841124
0.863938   -2.120575   8.029504
0.863938   -1.963495   7.375030
0.863938   -1.806416   6.762848
0.863938   -1.649336   6.301530
0.863938   -1.492257   5.737031
0.863938   -1.335177   5.205705
0.863938   -1.178097   4.778942
0.863938   -1.021018   4.471235
0.863938   -0.863938   4.305234
0.863938   -0.706858   4.166911
0.863938   -0.549779   4.130654
0.863938   -0.392699   4.180721
0.863938   -0.235619   4.388112
0.863938   -0.078540   4.757131
0.863938   0.078540   5.295001
0.863938   0.235619   6.055206
0.863938   0.392699   6.803900
0.863938   0.549779   7.777315
0.863938   0.706858   8.886541
0.863938   0.863938   100
0.863938   1.021018   100
0.863938   1.178097   100
0.863938   1.335177   100
0.863938   1.492257   100
0.863938   1.649336   100
0.863938   1.806416   100
0.863938   1.963495   100
0.863938   2.120575   100
0.863938   2.277655   100
0.863938   2.434734   100
0.863938   2.591814   100
0.863938   2.748894   100
0.863938   2.905973   100
0.863938   3.063053   100
1.021018   -3.063053   100
1.021018   -2.905973   100
1.021018   -2.748894   100
1.021018   -2.591814   100
1.021018   -2.434734   100
1.021018   -2.277655   8.396631
1.021018   -2.120575   8.189550
1.021018   -1.963495   7.363148
1.021018   -1.806416   6.737178
1.021018   -1.649336   5.988463
1.021018   -1.492257   5.332127
1.021018   -1.335177   4.764271
1.021018   -1.178097   4.285800
1.021018   -1.021018   3.954102
1.021018   -0.863938   3.752292
1.021018   -0.706858   3.677309
1.021018   -0.549779   3.676182
1.021018   -0.392699   3.860921
1.021018   -0.235619   4.170202
1.021018   -0.078540   4.683773
1.021018   0.078540   5.334116
1.021018   0.235619   6.223529
1.021018   0.392699   7.132636
1.021018   0.549779   8.514300
1.021018   0.706858   9.492816
1.021018   0.863938   100
1.021018   1.021018   100
1.021018   1.178097   100
1.021018   1.335177   100
1.021018   1.492257   100
1.021018   1.649336   100
1.021018   1.806416   100
1.021018   1.963495   100
1.021018   2.120575   100
1.021018   2.277655   100
1.021018   2.434734   100
1.021018   2.591814   100
1.021018   2.748894   100
1.021018   2.905973   100
1.021018   3.063053   100
1.178097   -3.063053   100
1.178097   -2.905973   100
1.178097   -2.748894   100
1.178097   -2.591814   100
1.178097   -2.434734   100
1.178097   -2.277655   100
1.178097   -2.120575   8.929352
1.178097   -1.963495   7.835739
1.178097   -1.806416   7.198689
1.178097   -1.649336   6.495182
1.178097   -1.492257   5.691861
1.178097   -1.335177   5.032389
1.178097   -1.178097   4.513945
1.178097   -1.021018   4.149612
1.178097   -0.863938   3.970523
1.178097   -0.706858   3.906320
1.178097   -0.549779   4.012450
1.178097   -0.392699   4.319740
1.178097   -0.235619   4.783791
1.178097   -0.078540   5.359777
1.178097   0.078540   6.090554
1.178097   0.235619   7.119867
1.178097   0.392699   8.004930
1.178097   0.549779   100
1.178097   0.706858   100
1.178097   0.863938   100
1.178097   1.021018   100
1.178097   1.178097   100
1.178097   1.335177   100
1.178097   1.492257   100
1.178097   1.649336   100
1.178097   1.806416   100
1.178097   1.963495   100
1.178097   2.120575   100
1.178097   2.277655   100
1.178097   2.434734   100
1.178097   2.591814   100
1.178097   2.748894   100
1.178097   2.905973   100
1.178097   3.063053   100
1.335177   -3.063053   100
1.335177   -2.905973   100
1.335177   -2.748894   100
1.335177   -2.591814   100
1.335177   -2.434734   100
1.335177   -2.277655   100
1.335177   -2.120575   100
1.335177   -1.963495   9.045581
1.335177   -1.806416   8.576975
1.335177   -1.649336   7.736348
1.335177   -1.492257   6.885075
1.335177   -1.335177   6.110386
1.335177   -1.178097   5.561502
1.335177   -1.021018   5.215258
1.335177   -0.863938   5.002396
1.335177   -0.706858   4.991157
1.335177   -0.549779   5.205263
1.335177   -0.392699   5.631352
1.335177   -0.235619   6.162934
1.335177   -0.078540   6.932149
1.335177   0.078540   7.463173
1.335177   0.235619   8.586044
1.335177   0.392699   9.059437
1.335177   0.549779   100
1.335177   0.706858   100
1.335177   0.863938   100
1.335177   1.021018   100
1.335177   1.178097   100
1.335177   1.335177   100
1.335177   1.492257   100
1.335177   1.649336   100
1.335177   1.806416   100
1.335177   1.963495   100
1.335177   2.120575   100
1.335177   2.277655   100
1.335177   2.434734   100
1.335177   2.591814   100
1.335177   2.748894   100
1.335177   2.905973   100
1.335177   3.063053   100
1.492257   -3.063053   100
1.492257   -2.905973   100
1.492257   -2.748894   100
1.492257   -2.591814   100
1.492257   -2.434734   100
1.492257   -2.277655   100
1.492257   -2.120575   100
1.492257   -1.963495   100
1.492257   -1.806416   100
1.492257   -1.649336   9.167812
1.492257   -1.492257   9.167732
1.492257   -1.335177   8.113708
1.492257   -1.178097   7.628274
1.492257   -1.021018   7.124983
1.492257   -0.863938   6.966088
1.492257   -0.706858   7.205451
1.492257   -0.549779   7.569271
1.492257   -0.392699   7.871718
1.492257   -0.235619   9.351415
1.492257   -0.078540   100
1.492257   0.078540   100
1.492257   0.235619   100
1.492257   0.392699   100
1.492257   0.549779   100
1.492257   0.706858   100
1.492257   0.863938   100
1.492257   1.021018   100
1.492257   1.178097   100
1.492257   1.335177   100
1.492257   1.492257   100
1.492257   1.649336   100
1.492257   1.806416   100
1.492257   1.963495   100
1.492257   2.120575   100
1.492257   2.277655   100
1.492257   2.434734   100
1.492257   2.591814   100
1.492257   2.748894   100
1.492257   2.905973   100
1.492257   3.063053   100
1.649336   -3.063053   100
1.649336   -2.905973   100
1.649336   -2.748894   100
1.649336   -2.591814   100
1.649336   -2.434734   100
1.649336   -2.277655   100
1.649336   -2.120575   100
1.649336   -1.963495   100
1.649336   -1.806416   100
1.649336   -1.649336   100
1.649336   -1.492257   100
1.649336   -1.335177   100
1.649336   -1.178097   100
1.649336   -1.021018   100
1.649336   -0.863938   9.279975
1.649336   -0.706858   100
1.649336   -0.549779   100
1.649336   -0.392699   100
1.649336   -0.235619   100
1.649336   -0.078540   100
1.649336   0.078540   100
1.649336   0.235619   100
1.649336   0.392699   100
1.649336   0.549779   100
1.649336   0.706858   100
1.649336   0.863938   100
1.649336   1.021018   100
1.649336   1.178097   100
1.649336   1.335177   100
1.649336   1.492257   100
1.649336   1.649336   100
1.649336   1.806416   100
1.649336   1.963495   100
1.649336   2.120575   100
1.649336   2.277655   100
1.649336   2.434734   100
1.649336   2.591814   100
1.649336   2.748894   100
1.649336   2.905973   100
1.649336   3.063053   100
1.806416   -3.063053   100
1.806416   -2.905973   100
1.806416   -2.748894   100
1.806416   -2.591814   100
1.806416   -2.434734   100
1.806416   -2.277655   100
1.806416   -2.120575   100
1.806416   -1.963495   100
1.806416   -1.806416   100
1.806416   -1.649336   100
1.806416   -1.492257   100
1.806416   -1.335177   100
1.806416   -1.178097   100
1.806416   -1.021018   100
1.806416   -0.863938   100
1.806416   -0.706858   100
1.806416   -0.549779   100
1.806416   -0.392699   100
1.806416   -0.235619   100
1.806416   -0.078540   100
1.806416   0.078540   100
1.806416   0.235619   100
1.806416   0.392699   100
1.806416   0.549779   100
1.806416   0.706858   100
1.806416   0.863938   100
1.806416   1.021018   100
1.806416   1.178097   100
1.806416   1.335177   100
1.806416   1.492257   100
1.806416   1.649336   100
1.806416   1.806416   100
1.806416   1.963495   100
1.806416   2.120575   100
1.806416   2.277655   100
1.806416   2.434734   100
1.806416   2.591814   100
1.806416   2.748894   100
1.806416   2.905973   100
1.806416   3.063053   100
1.963495   -3.063053   100
1.963495   -2.905973   100
1.963495   -2.748894   100
1.963495   -2.591814   100
1.963495   -2.434734   100
1.963495   -2.277655   100
1.963495   -2.120575   100
1.963495   -1.963495   100
1.963495   -1.806416   100
1.963495   -1.649336   100
1.963495   -1.492257   100
1.963495   -1.335177   100
1.963495   -1.178097   100
1.963495   -1.021018   100
1.963495   -0.863938   100
1.963495   -0.706858   100
1.963495   -0.549779   100
1.963495   -0.392699   100
1.963495   -0.235619   100
1.963495   -0.078540   100
1.963495   0.078540   100
1.963495   0.235619   100
1.963495   0.392699   100
1.963495   0.549779   100
1.963495   0.706858   100
1.963495   0.863938   100
1.963495   1.021018   100
1.963495   1.178097   100
1.963495   1.335177   100
1.963495   1.492257   100
1.963495   1.649336   100
1.963495   1.806416   100
1.963495   1.963495   100
1.963495   2.120575   100
1.963495   2.277655   100
1.963495   2.434734   100
1.963495   2.591814   100
1.963495   2.748894   100
1.963495   2.905973   100
1.963495   3.063053   100
2.120575   -3.063053   100
2.120575   -2.905973   100
2.120575   -2.748894   100
2.120575   -2.591814   100
2.120575   -2.434734   100
2.120575   -2.277655   100
2.120575   -2.120575   100
2.120575   -1.963495   100
2.120575   -1.806416   100
2.120575   -1.649336   100
2.120575   -1.492257   100
2.120575   -1.335177   100
2.120575   -1.178097   100
2.120575   -1.021018   100
2.120575   -0.863938   100
2.120575   -0.706858   100
2.120575   -0.549779   100
2.120575   -0.392699   100
2.120575   -0.235619   100
2.120575   -0.078540   100
2.120575   0.078540   100
2.120575   0.235619   100
2.120575   0.392699   100
2.120575   0.549779   100
2.120575   0.706858   100
2.120575   0.863938   100
2.120575   1.021018   100
2.120575   1.178097   100
2.120575   1.335177   100
2.120575   1.492257   100
2.120575   1.649336   100
2.120575   1.806416   100
2.120575   1.963495   100
2.120575   2.120575   100
2.120575   2.277655   100
2.120575   2.434734   100
2.120575   2.591814   100
2.120575   2.748894   100
2.120575   2.905973   100
2.120575   3.063053   100
2.277655   -3.063053   100
2.277655   -2.905973   100
2.277655   -2.748894   100
2.277655   -2.591814   100
2.277655   -2.434734   100
2.277655   -2.277655   100
2.277655   -2.120575   100
2.277655   -1.963495   100
2.277655   -1.806416   100
2.277655   -1.649336   100
2.277655   -1.492257   100
2.277655   -1.335177   100
2.277655   -1.178097   100
2.277655   -1.021018   100
2.277655   -0.863938   100
2.277655   -0.706858   100
2.277655   -0.549779   100
2.277655   -0.392699   100
2.277655   -0.235619   100
2.277655   -0.078540   100
2.277655   0.078540   100
2.277655   0.235619   100
2.277655   0.392699   100
2.277655   0.549779   100
2.277655   0.706858   100
2.277655   0.863938   100
2.277655   1.021018   100
2.277655   1.178097   100
2.277655   1.335177   100
2.277655   1.492257   100
2.277655   1.649336   100
2.277655   1.806416   100
2.277655   1.963495   100
2.277655   2.120575   100
2.277655   2.277655   100
2.277655   2.434734   100
2.277655   2.591814   100
2.277655   2.748894   100
2.277655   2.905973   100
2.277655   3.063053   100
2.434734   -3.063053   100
2.434734   -2.905973   100
2.434734   -2.748894   100
2.434734   -2.591814   100
2.434734   -2.434734   100
2.434734   -2.277655   100
2.434734   -2.120575   100
2.434734   -1.963495   100
2.434734   -1.806416   100
2.434734   -1.649336   100
2.434734   -1.492257   100
2.434734   -1.335177   100
2.434734   -1.178097   100
2.434734   -1.021018   100
2.434734   -0.863938   100
2.434734   -0.706858   100
2.434734   -0.549779   100
2.434734   -0.392699   100
2.434734   -0.235619   100
2.434734   -0.078540   100
2.434734   0.078540   100
2.434734   0.235619   100
2.434734   0.392699   100
2.434734   0.549779   100
2.434734   0.706858   100
2.434734   0.863938   100
2.434734   1.021018   100
2.434734   1.178097   100
2.434734   1.335177   100
2.434734   1.492257   100
2.434734   1.649336   100
2.434734   1.806416   100
2.434734   1.963495   100
2.434734   2.120575   100
2.434734   2.277655   100
2.434734   2.434734   100
2.434734   2.591814   100
2.434734   2.748894   100
2.434734   2.905973   100
2.434734   3.063053   100
2.591814   -3.063053   100
2.591814   -2.905973   100
2.591814   -2.748894   100
2.591814   -2.591814   100
2.591814   -2.434734   100
2.591814   -2.277655   100
2.591814   -2.120575   100
2.591814   -1.963495   100
2.591814   -1.806416   100
2.591814   -1.649336   100
2.591814   -1.492257   100
2.591814   -1.335177   100
2.591814   -1.178097   100
2.591814   -1.021018   100
2.591814   -0.863938   100
2.591814   -0.706858   100
2.591814   -0.549779   100
2.591814   -0.392699   100
2.591814   -0.235619   100
2.591814   -0.078540   100
2.591814   0.078540   100
2.591814   0.235619   100
2.591814   0.392699   100
2.591814   0.549779   100
2.591814   0.706858   100
2.591814   0.863938   100
2.591814   1.021018   100
2.591814   1.178097   100
2.591814   1.335177   100
2.591814   1.492257   100
2.591814   1.649336   100
2.591814   1.806416   100
2.591814   1.963495   100
2.591814   2.120575   100
2.591814   2.277655   100
2.591814   2.434734   100
2.591814   2.591814   100
2.591814   2.748894   100
2.591814   2.905973   100
2.591814   3.063053   100
2.748894   -3.063053   100
2.748894   -2.905973   100
2.748894   -2.748894   100
2.748894   -2.591814   100
2.748894   -2.434734   100
2.748894   -2.277655   100
2.748894   -2.120575   100
2.748894   -1.963495   100
2.748894   -1.806416   100
2.748894   -1.649336   100
2.748894   -1.492257   100
2.748894   -1.335177   100
2.748894   -1.178097   100
2.748894   -1.021018   100
2.748894   -0.863938   100
2.748894   -0.706858   100
2.748894   -0.549779   100
2.748894   -0.392699   100
2.748894   -0.235619   100
2.748894   -0.078540   100
2.748894   0.078540   100
2.748894   0.235619   100
2.748894   0.392699   100
2.748894   0.549779   100
2.748894   0.706858   100
2.748894   0.863938   100
2.748894   1.021018   100
2.748894   1.178097   100
2.748894   1.335177   100
2.748894   1.492257   100
2.748894   1.649336   100
2.748894   1.806416   100
2.748894   1.963495   100
2.748894   2.120575   100
2.748894   2.277655   100
2.748894   2.434734   100
2.748894   2.591814   100
2.748894   2.748894   100
2.748894   2.905973   8.028972
2.748894   3.063053   100
2.905973   -3.063053   6.960359
2.905973   -2.905973   7.629720
2.905973   -2.748894   100
2.905973   -2.591814   100
2.905973   -2.434734   100
2.905973   -2.277655   100
2.905973   -2.120575   100
2.905973   -1.963495   100
2.905973   -1.806416   100
2.905973   -1.649336   100
2.905973   -1.492257   100
2.905973   -1.335177   100
2.905973   -1.178097   100
2.905973   -1.021018   100
2.905973   -0.863938   100
2.905973   -0.706858   100
2.905973   -0.549779   100
2.905973   -0.392699   100
2.905973   -0.235619   100
2.905973   -0.078540   100
2.905973   0.078540   100
2.905973   0.235619   100
2.905973   0.392699   100
2.905973   0.549779   100
2.905973   0.706858   100
2.905973   0.863938   100
2.905973   1.021018   100
2.905973   1.178097   100
2.905973   1.335177   100
2.905973   1.492257   100
2.905973   1.649336   100
2.905973   1.806416   100
2.905973   1.963495   100
2.905973   2.120575   100
2.905973   2.277655   7.771509
2.905973   2.434734   7.179097
2.905973   2.591814   6.311993
2.905973   2.748894   6.478322
2.905973   2.905973   6.036083
2.905973   3.063053   6.093352
3.063053   -3.063053   4.571387
3.063053   -2.905973   5.277340
3.063053   -2.748894   6.079310
3.063053   -2.591814   6.806269
3.063053   -2.434734   7.839377
3.063053   -2.277655   100
3.063053   -2.120575   100
3.063053   -1.963495   100
3.063053   -1.806416   100
3.063053   -1.649336   100
3.063053   -1.492257   100
3.063053   -1.335177   100
3.063053   -1.178097   100
3.063053   -1.021018   100
3.063053   -0.863938   100
3.063053   -0.706858   100
3.063053   -0.549779   8.397675
3.063053   -0.392699   100
3.063053   -0.235619   100
3.063053   -0.078540   100
3.063053   0.078540   100
3.063053   0.235619   100
3.063053   0.392699   100
3.063053   0.549779   100
3.063053   0.706858   100
3.063053   0.863938   100
3.063053   1.021018   100
3.063053   1.178097   100
3.063053   1.335177   100
3.063053   1.492257   100
3.063053   1.649336   8.205155
3.063053   1.806416   8.152019
3.063053   1.963495   7.099298
3.063053   2.120575   6.855835
3.063053   2.277655   5.657816
3.063053   2.434734   4.867042
3.063053   2.591814   4.366982
3.063053   2.748894   3.923746
3.063053   2.905973   3.776806
3.063053   3.063053   3.967834
