-2.9845   -2.9845   3.19376
-2.9845   -2.6704   5.65309
-2.9845   -2.3562   7.76279
-2.9845   -2.0420   9.87056
-2.9845   -1.7279   9.52727
-2.9845   -1.4137   10.1474
-2.9845   -1.0996   10.3102
-2.9845   -0.7854   7.69783
-2.9845   -0.4712   8.41994
-2.9845   -0.1571   8.14042
-2.9845   0.1571   8.08987
-2.9845   0.4712   7.35878
-2.9845   0.7854   7.51512
-2.9845   1.0996   7.20642
-2.9845   1.4137   6.73873
-2.9845   1.7279   5.43216
-2.9845   2.0420   3.79123
-2.9845   2.3562   2.77264
-2.9845   2.6704   0.9865
-2.9845   2.9845   1.41712
-2.6704   -2.9845   1.4256
-2.6704   -2.6704   3.84695
-2.6704   -2.3562   7.42815
-2.6704   -2.0420   7.65408
-2.6704   -1.7279   8.46856
-2.6704   -1.4137   9.6745
-2.6704   -1.0996   7.69268
-2.6704   -0.7854   7.30343
-2.6704   -0.4712   7.34187
-2.6704   -0.1571   6.1729
-2.6704   0.1571   5.49781
-2.6704   0.4712   4.1889
-2.6704   0.7854   4.44125
-2.6704   1.0996   4.32607
-2.6704   1.4137   3.95679
-2.6704   1.7279   2.88785
-2.6704   2.0420   2.14038
-2.6704   2.3562   0.984137
-2.6704   2.6704   0.261277
-2.6704   2.9845   0
-2.3562   -2.9845   1.54405
-2.3562   -2.6704   4.46862
-2.3562   -2.3562   7.32791
-2.3562   -2.0420   8.89057
-2.3562   -1.7279   8.29275
-2.3562   -1.4137   7.03835
-2.3562   -1.0996   7.75679
-2.3562   -0.7854   7.74904
-2.3562   -0.4712   6.66665
-2.3562   -0.1571   5.2642
-2.3562   0.1571   4.2566
-2.3562   0.4712   3.83699
-2.3562   0.7854   2.86641
-2.3562   1.0996   2.75432
-2.3562   1.4137   2.68242
-2.3562   1.7279   2.46527
-2.3562   2.0420   1.76777
-2.3562   2.3562   1.15889
-2.3562   2.6704   0.881957
-2.3562   2.9845   0.4856
-2.0420   -2.9845   2.06131
-2.0420   -2.6704   4.78574
-2.0420   -2.3562   8.03563
-2.0420   -2.0420   8.7889
-2.0420   -1.7279   11.054
-2.0420   -1.4137   8.68239
-2.0420   -1.0996   7.05375
-2.0420   -0.7854   6.59408
-2.0420   -0.4712   4.95839
-2.0420   -0.1571   4.39757
-2.0420   0.1571   2.82355
-2.0420   0.4712   2.14958
-2.0420   0.7854   1.5833
-2.0420   1.0996   1.88363
-2.0420   1.4137   2.24077
-2.0420   1.7279   1.98088
-2.0420   2.0420   1.92897
-2.0420   2.3562   1.09197
-2.0420   2.6704   0.841473
-2.0420   2.9845   1.03592
-1.7279   -2.9845   3.44233
-1.7279   -2.6704   5.62667
-1.7279   -2.3562   8.02637
-1.7279   -2.0420   10.862
-1.7279   -1.7279   11.5302
-1.7279   -1.4137   9.3354
-1.7279   -1.0996   8.42045
-1.7279   -0.7854   5.60218
-1.7279   -0.4712   3.91114
-1.7279   -0.1571   3.24543
-1.7279   0.1571   1.95178
-1.7279   0.4712   0.90061
-1.7279   0.7854   0.56406
-1.7279   1.0996   0.57388
-1.7279   1.4137   0.82889
-1.7279   1.7279   1.28193
-1.7279   2.0420   1.01653
-1.7279   2.3562   0.802443
-1.7279   2.6704   0.716327
-1.7279   2.9845   1.48947
-1.4137   -2.9845   4.64827
-1.4137   -2.6704   7.42459
-1.4137   -2.3562   9.80165
-1.4137   -2.0420   12.8531
-1.4137   -1.7279   10.6605
-1.4137   -1.4137   10.0603
-1.4137   -1.0996   8.63357
-1.4137   -0.7854   5.01897
-1.4137   -0.4712   3.13175
-1.4137   -0.1571   2.22698
-1.4137   0.1571   1.40515
-1.4137   0.4712   0.344927
-1.4137   0.7854   0.24823
-1.4137   1.0996   0.170737
-1.4137   1.4137   0.381997
-1.4137   1.7279   0.438113
-1.4137   2.0420   0.885447
-1.4137   2.3562   0.835653
-1.4137   2.6704   0.933147
-1.4137   2.9845   2.05763
-1.0996   -2.9845   7.14277
-1.0996   -2.6704   10.5321
-1.0996   -2.3562   14.3502
-1.0996   -2.0420   15.418
-1.0996   -1.7279   11.1804
-1.0996   -1.4137   10.0362
-1.0996   -1.0996   6.57411
-1.0996   -0.7854   4.05877
-1.0996   -0.4712   2.23472
-1.0996   -0.1571   1.56057
-1.0996   0.1571   1.69533
-1.0996   0.4712   2.28071
-1.0996   0.7854   1.93853
-1.0996   1.0996   2.09239
-1.0996   1.4137   1.24127
-1.0996   1.7279   0.958923
-1.0996   2.0420   0.760023
-1.0996   2.3562   0.984897
-1.0996   2.6704   1.18988
-1.0996   2.9845   3.53772
-0.7854   -2.9845   11.9154
-0.7854   -2.6704   16.0347
-0.7854   -2.3562   19.7901
-0.7854   -2.0420   20.0509
-0.7854   -1.7279   14.3424
-0.7854   -1.4137   9.43953
-0.7854   -1.0996   6.67658
-0.7854   -0.7854   4.04705
-0.7854   -0.4712   3.76319
-0.7854   -0.1571   3.93749
-0.7854   0.1571   5.80104
-0.7854   0.4712   6.35325
-0.7854   0.7854   6.4618
-0.7854   1.0996   5.84718
-0.7854   1.4137   4.41476
-0.7854   1.7279   2.73823
-0.7854   2.0420   2.06116
-0.7854   2.3562   2.96789
-0.7854   2.6704   3.95283
-0.7854   2.9845   7.73074
-0.4712   -2.9845   25.3544
-0.4712   -2.6704   25.156
-0.4712   -2.3562   24.1649
-0.4712   -2.0420   24.2003
-0.4712   -1.7279   16.6214
-0.4712   -1.4137   11.7235
-0.4712   -1.0996   7.64621
-0.4712   -0.7854   6.00631
-0.4712   -0.4712   6.23838
-0.4712   -0.1571   9.29221
-0.4712   0.1571   11.1326
-0.4712   0.4712   12.4609
-0.4712   0.7854   9.83694
-0.4712   1.0996   9.6379
-0.4712   1.4137   9.2434
-0.4712   1.7279   7.64794
-0.4712   2.0420   7.57126
-0.4712   2.3562   8.32719
-0.4712   2.6704   9.05041
-0.4712   2.9845   16.1203
-0.1571   -2.9845   40.7054
-0.1571   -2.6704   19.994
-0.1571   -2.3562   22.7019
-0.1571   -2.0420   18.7025
-0.1571   -1.7279   15.012
-0.1571   -1.4137   9.01965
-0.1571   -1.0996   9.116
-0.1571   -0.7854   8.92104
-0.1571   -0.4712   10.6089
-0.1571   -0.1571   14.6636
-0.1571   0.1571   16.1193
-0.1571   0.4712   13.8268
-0.1571   0.7854   10.5976
-0.1571   1.0996   11.8588
-0.1571   1.4137   11.7181
-0.1571   1.7279   8.72184
-0.1571   2.0420   12.1237
-0.1571   2.3562   14.2399
-0.1571   2.6704   17.9865
-0.1571   2.9845   28.9566
0.1571   -2.9845   28.6729
0.1571   -2.6704   22.3392
0.1571   -2.3562   18.0627
0.1571   -2.0420   14.6671
0.1571   -1.7279   11.4962
0.1571   -1.4137   8.92494
0.1571   -1.0996   8.26543
0.1571   -0.7854   9.86421
0.1571   -0.4712   10.8936
0.1571   -0.1571   11.4884
0.1571   0.1571   11.7862
0.1571   0.4712   12.8111
0.1571   0.7854   9.51671
0.1571   1.0996   10.1292
0.1571   1.4137   10.4818
0.1571   1.7279   11.5323
0.1571   2.0420   14.199
0.1571   2.3562   18.4471
0.1571   2.6704   17.8395
0.1571   2.9845   35.4267
0.4712   -2.9845   15.0594
0.4712   -2.6704   12.8019
0.4712   -2.3562   9.2565
0.4712   -2.0420   8.60282
0.4712   -1.7279   7.21915
0.4712   -1.4137   6.12437
0.4712   -1.0996   6.47431
0.4712   -0.7854   6.84444
0.4712   -0.4712   8.21592
0.4712   -0.1571   8.12776
0.4712   0.1571   7.76536
0.4712   0.4712   7.15216
0.4712   0.7854   8.82396
0.4712   1.0996   8.38951
0.4712   1.4137   10.3635
0.4712   1.7279   13.0715
0.4712   2.0420   16.4498
0.4712   2.3562   15.2582
0.4712   2.6704   12.3841
0.4712   2.9845   17.7563
0.7854   -2.9845   10.0917
0.7854   -2.6704   7.8478
0.7854   -2.3562   6.8831
0.7854   -2.0420   5.96802
0.7854   -1.7279   4.11643
0.7854   -1.4137   4.07288
0.7854   -1.0996   3.72253
0.7854   -0.7854   3.92403
0.7854   -0.4712   3.28327
0.7854   -0.1571   3.71532
0.7854   0.1571   4.17681
0.7854   0.4712   5.3056
0.7854   0.7854   5.97064
0.7854   1.0996   9.84913
0.7854   1.4137   10.5378
0.7854   1.7279   16.3583
0.7854   2.0420   13.885
0.7854   2.3562   15.2783
0.7854   2.6704   12.0101
0.7854   2.9845   10.7237
1.0996   -2.9845   7.01332
1.0996   -2.6704   8.25439
1.0996   -2.3562   6.28457
1.0996   -2.0420   5.16398
1.0996   -1.7279   4.70337
1.0996   -1.4137   2.50447
1.0996   -1.0996   2.49262
1.0996   -0.7854   1.97048
1.0996   -0.4712   2.51452
1.0996   -0.1571   2.26341
1.0996   0.1571   3.74503
1.0996   0.4712   5.58317
1.0996   0.7854   7.6623
1.0996   1.0996   10.4238
1.0996   1.4137   13.7547
1.0996   1.7279   13.7872
1.0996   2.0420   11.3279
1.0996   2.3562   11.3033
1.0996   2.6704   9.96393
1.0996   2.9845   8.39395
1.4137   -2.9845   8.12283
1.4137   -2.6704   10.1257
1.4137   -2.3562   9.46124
1.4137   -2.0420   8.65652
1.4137   -1.7279   6.97052
1.4137   -1.4137   5.23375
1.4137   -1.0996   4.73111
1.4137   -0.7854   4.05736
1.4137   -0.4712   4.23522
1.4137   -0.1571   5.16955
1.4137   0.1571   7.04399
1.4137   0.4712   8.6001
1.4137   0.7854   12.0809
1.4137   1.0996   16.1937
1.4137   1.4137   13.9775
1.4137   1.7279   15.9757
1.4137   2.0420   14.7089
1.4137   2.3562   11.6281
1.4137   2.6704   10.5076
1.4137   2.9845   9.9747
1.7279   -2.9845   11.7577
1.7279   -2.6704   13.6916
1.7279   -2.3562   14.0042
1.7279   -2.0420   15.878
1.7279   -1.7279   14.3617
1.7279   -1.4137   11.0596
1.7279   -1.0996   11.4379
1.7279   -0.7854   9.95243
1.7279   -0.4712   10.594
1.7279   -0.1571   11.8743
1.7279   0.1571   13.2842
1.7279   0.4712   15.9173
1.7279   0.7854   15.9859
1.7279   1.0996   21.645
1.7279   1.4137   18.9473
1.7279   1.7279   22.2338
1.7279   2.0420   18.9572
1.7279   2.3562   16.3959
1.7279   2.6704   18.4277
1.7279   2.9845   15.7689
2.0420   -2.9845   19.2394
2.0420   -2.6704   16.3985
2.0420   -2.3562   24.0101
2.0420   -2.0420   15.2311
2.0420   -1.7279   19.2733
2.0420   -1.4137   17.4339
2.0420   -1.0996   17.1037
2.0420   -0.7854   18.8733
2.0420   -0.4712   16.6006
2.0420   -0.1571   16.492
2.0420   0.1571   27.7136
2.0420   0.4712   21.1425
2.0420   0.7854   34.3196
2.0420   1.0996   32.8631
2.0420   1.4137   30.9258
2.0420   1.7279   23.8873
2.0420   2.0420   29.8789
2.0420   2.3562   16.4525
2.0420   2.6704   20.0028
2.0420   2.9845   16.3987
2.3562   -2.9845   17.7245
2.3562   -2.6704   21.7857
2.3562   -2.3562   21.8863
2.3562   -2.0420   42.1111
2.3562   -1.7279   24.5073
2.3562   -1.4137   23.6691
2.3562   -1.0996   25.6158
2.3562   -0.7854   19.0734
2.3562   -0.4712   18.1052
2.3562   -0.1571   23.1758
2.3562   0.1571   25.5775
2.3562   0.4712   27.341
2.3562   0.7854   36.1077
2.3562   1.0996   19.8628
2.3562   1.4137   32.1202
2.3562   1.7279   20.8271
2.3562   2.0420   32.3071
2.3562   2.3562   18.0432
2.3562   2.6704   16.3402
2.3562   2.9845   16.3063
2.6704   -2.9845   14.6958
2.6704   -2.6704   17.4118
2.6704   -2.3562   14.5817
2.6704   -2.0420   21.7484
2.6704   -1.7279   18.9868
2.6704   -1.4137   14.6844
2.6704   -1.0996   14.8995
2.6704   -0.7854   14.217
2.6704   -0.4712   15.3762
2.6704   -0.1571   20.4193
2.6704   0.1571   22.3737
2.6704   0.4712   24.2378
2.6704   0.7854   28.1047
2.6704   1.0996   20.0732
2.6704   1.4137   35.4338
2.6704   1.7279   20.7429
2.6704   2.0420   17.8167
2.6704   2.3562   19.4867
2.6704   2.6704   14.868
2.6704   2.9845   14.47
2.9845   -2.9845   7.36422
2.9845   -2.6704   8.31199
2.9845   -2.3562   13.626
2.9845   -2.0420   14.7281
2.9845   -1.7279   12.2076
2.9845   -1.4137   12.3657
2.9845   -1.0996   11.4163
2.9845   -0.7854   9.02015
2.9845   -0.4712   10.8821
2.9845   -0.1571   11.8573
2.9845   0.1571   12.078
2.9845   0.4712   13.2765
2.9845   0.7854   14.5541
2.9845   1.0996   13.9126
2.9845   1.4137   13.223
2.9845   1.7279   13.3085
2.9845   2.0420   9.83571
2.9845   2.3562   6.76136
2.9845   2.6704   6.05019
2.9845   2.9845   5.91362

