      0.0000      -1.4000       1.4000       0.0733       0.1967
      0.1240      -1.4000       1.7000       0.8800       0.2067
      0.2479      -1.1000       1.7000       1.2667       0.2033
      0.3306      -1.1000       1.4000       0.9067       0.2200
      0.7851      -0.8000       1.4000       4.2033       0.2800
      0.8678      -0.8000       1.1000       4.8667       0.3033
      1.2810      -0.8000       0.8000       5.7000       0.3133
      1.6116      -0.5000       0.8000      11.3833       0.4667
      1.7355      -0.5000       0.5000      11.2967       0.4967
      2.1901      -0.5000       0.2000      10.5233       0.4833
      2.2727      -0.2000       0.2000      13.9400       0.7133
      2.7273      -0.2000      -0.2000      12.0233       0.5500
      2.7686       0.2000      -0.2000      11.6633       0.5967
      3.1818       0.5000      -0.2000       7.4433       0.3700
      3.5537       0.8000      -0.2000       3.7367       0.2700
      3.9256       1.1000      -0.2000       3.4267       0.2433
      4.1322       0.2000       0.2000      11.9567       0.4967
