      0.0000      -1.4137       1.0996       0.1707       0.2312
      0.4959      -1.4137       0.7854       0.2482       0.2391
      0.7438      -1.0996       0.7854       1.9385       0.2951
      1.4463      -1.0996       0.4712       2.2807       0.2726
      1.9835      -0.7854       0.4712       6.3533       0.3656
      2.4380      -0.7854       0.1571       5.8010       0.3843
      3.2231      -0.4712       0.1571      11.1326       0.7592
      3.3884      -0.4712      -0.1571       9.2922       0.4645
      4.3802      -0.4712      -0.4712       6.2384       0.6768
      4.4628      -0.1571      -0.4712      10.6089       0.6870
      5.3306      -0.1571      -0.7854       8.9210       0.5704
      5.6612       0.1571      -0.7854       9.8642       0.5409
      6.9008       0.4712      -0.7854       6.8444       0.4168
      8.1405       0.7854      -0.7854       3.9240       0.3384
      9.3802       1.0996      -0.7854       1.9705       0.3006
