      0.0000      -1.4000       1.1000       0.0000       0.0000
      0.4959      -1.4000       0.8000       0.0810       0.0060
      0.7025      -1.1000       0.8000       1.1450       0.0090
      1.4463      -1.1000       0.5000       1.4640       0.0110
      1.9421      -0.8000       0.5000       4.8270       0.0580
      2.4380      -0.8000       0.2000       4.5910       0.0540
      3.1818      -0.5000       0.2000      10.3700       1.0000
      3.3884      -0.5000      -0.2000       8.3880       0.4570
      4.3802      -0.5000      -0.5000       9.3410       0.5180
      4.4215      -0.2000      -0.5000      -1.0000       0.0000
      5.3719      -0.2000      -0.8000      -1.0000       0.0000
      5.6612       0.2000      -0.8000       9.4550       1.0000
      6.9008       0.5000      -0.8000       6.1460       0.1240
      8.1405       0.8000      -0.8000       2.3540       0.0180
      9.3802       1.1000      -0.8000       1.2260       0.0110
