   -3.1416    -3.1416     0.9670
   -3.1416    -2.8416     1.7800
   -3.1416    -2.5416     2.4463
   -3.1416    -2.2416     3.1185
   -3.1416    -1.9416     3.6298
   -3.1416    -1.6416     3.3637
   -3.1416    -1.3416     2.8487
   -3.1416    -1.0416     2.6243
   -3.1416    -0.7416     2.9099
   -3.1416    -0.4416     2.6610
   -3.1416    -0.1416     2.4682
   -3.1416     0.1584     2.1781
   -3.1416     0.4584     2.4099
   -3.1416     0.7584     2.3402
   -3.1416     1.0584     2.3165
   -3.1416     1.3584     2.4872
   -3.1416     1.6584     1.8070
   -3.1416     1.9584     1.4880
   -3.1416     2.2584     0.8033
   -3.1416     2.5584     0.3323
   -3.1416     2.8584     0.5826
   -2.8416    -3.1416     0.5845
   -2.8416    -2.8416     1.3422
   -2.8416    -2.5416     2.5683
   -2.8416    -2.2416     3.0269
   -2.8416    -1.9416     2.8829
   -2.8416    -1.6416     2.8270
   -2.8416    -1.3416     2.6686
   -2.8416    -1.0416     2.5083
   -2.8416    -0.7416     2.3671
   -2.8416    -0.4416     1.8638
   -2.8416    -0.1416     1.9687
   -2.8416     0.1584     1.5943
   -2.8416     0.4584     1.5855
   -2.8416     0.7584     1.6868
   -2.8416     1.0584     1.7811
   -2.8416     1.3584     1.8021
   -2.8416     1.6584     1.5002
   -2.8416     1.9584     0.9018
   -2.8416     2.2584     0.3438
   -2.8416     2.5584     0.2142
   -2.8416     2.8584     0.1269
   -2.5416    -3.1416     0.3953
   -2.5416    -2.8416     1.0715
   -2.5416    -2.5416     1.9263
   -2.5416    -2.2416     2.6744
   -2.5416    -1.9416     3.0680
   -2.5416    -1.6416     2.6718
   -2.5416    -1.3416     2.4824
   -2.5416    -1.0416     2.2449
   -2.5416    -0.7416     1.9845
   -2.5416    -0.4416     1.6493
   -2.5416    -0.1416     1.4527
   -2.5416     0.1584     0.9857
   -2.5416     0.4584     1.1474
   -2.5416     0.7584     1.2843
   -2.5416     1.0584     1.6172
   -2.5416     1.3584     1.5225
   -2.5416     1.6584     1.0858
   -2.5416     1.9584     0.6671
   -2.5416     2.2584     0.2730
   -2.5416     2.5584 0.0
   -2.5416     2.8584     0.0321
   -2.2416    -3.1416     0.7321
   -2.2416    -2.8416     1.3501
   -2.2416    -2.5416     2.0919
   -2.2416    -2.2416     2.6829
   -2.2416    -1.9416     3.1141
   -2.2416    -1.6416     3.1164
   -2.2416    -1.3416     2.6637
   -2.2416    -1.0416     2.3823
   -2.2416    -0.7416     1.7021
   -2.2416    -0.4416     1.2357
   -2.2416    -0.1416     0.8990
   -2.2416     0.1584     1.0843
   -2.2416     0.4584     0.9873
   -2.2416     0.7584     1.2804
   -2.2416     1.0584     1.4456
   -2.2416     1.3584     1.2790
   -2.2416     1.6584     1.0751
   -2.2416     1.9584     0.7278
   -2.2416     2.2584     0.3407
   -2.2416     2.5584     0.1371
   -2.2416     2.8584     0.3046
   -1.9416    -3.1416     0.7075
   -1.9416    -2.8416     1.6907
   -1.9416    -2.5416     2.4024
   -1.9416    -2.2416     3.1170
   -1.9416    -1.9416     3.5682
   -1.9416    -1.6416     3.1235
   -1.9416    -1.3416     2.6969
   -1.9416    -1.0416     2.2261
   -1.9416    -0.7416     1.4810
   -1.9416    -0.4416     1.1566
   -1.9416    -0.1416     0.8068
   -1.9416     0.1584     0.5546
   -1.9416     0.4584     0.6074
   -1.9416     0.7584     0.8458
   -1.9416     1.0584     0.8215
   -1.9416     1.3584     1.1362
   -1.9416     1.6584     0.9209
   -1.9416     1.9584     0.6130
   -1.9416     2.2584     0.4775
   -1.9416     2.5584     0.2958
   -1.9416     2.8584     0.3635
   -1.6416    -3.1416     1.0474
   -1.6416    -2.8416     1.8956
   -1.6416    -2.5416     3.0705
   -1.6416    -2.2416     3.5068
   -1.6416    -1.9416     3.6650
   -1.6416    -1.6416     3.4013
   -1.6416    -1.3416     2.4873
   -1.6416    -1.0416     1.8005
   -1.6416    -0.7416     1.2788
   -1.6416    -0.4416     0.6567
   -1.6416    -0.1416     0.6272
   -1.6416     0.1584     0.4862
   -1.6416     0.4584     0.5903
   -1.6416     0.7584     0.4955
   -1.6416     1.0584     0.7559
   -1.6416     1.3584     0.7842
   -1.6416     1.6584     0.7939
   -1.6416     1.9584     0.5777
   -1.6416     2.2584     0.5140
   -1.6416     2.5584     0.1704
   -1.6416     2.8584     0.5576
   -1.3416    -3.1416     1.3226
   -1.3416    -2.8416     2.2966
   -1.3416    -2.5416     3.0511
   -1.3416    -2.2416     3.7592
   -1.3416    -1.9416     3.9283
   -1.3416    -1.6416     3.2979
   -1.3416    -1.3416     2.3515
   -1.3416    -1.0416     1.7581
   -1.3416    -0.7416     1.1963
   -1.3416    -0.4416     0.8535
   -1.3416    -0.1416     0.8905
   -1.3416     0.1584     0.8894
   -1.3416     0.4584     0.7898
   -1.3416     0.7584     0.8556
   -1.3416     1.0584     0.9141
   -1.3416     1.3584     0.8733
   -1.3416     1.6584     0.7731
   -1.3416     1.9584     0.7951
   -1.3416     2.2584     0.4687
   -1.3416     2.5584     0.4381
   -1.3416     2.8584     0.5662
   -1.0416    -3.1416     2.3212
   -1.0416    -2.8416     4.0793
   -1.0416    -2.5416     4.8762
   -1.0416    -2.2416     5.4708
   -1.0416    -1.9416     4.9381
   -1.0416    -1.6416     3.4287
   -1.0416    -1.3416     2.6145
   -1.0416    -1.0416     1.6968
   -1.0416    -0.7416     1.5931
   -1.0416    -0.4416     1.3935
   -1.0416    -0.1416     1.3871
   -1.0416     0.1584     1.4875
   -1.0416     0.4584     1.5877
   -1.0416     0.7584     1.6652
   -1.0416     1.0584     1.5892
   -1.0416     1.3584     1.4873
   -1.0416     1.6584     1.0151
   -1.0416     1.9584     0.9070
   -1.0416     2.2584     0.7422
   -1.0416     2.5584     0.6790
   -1.0416     2.8584     1.6764
   -0.7416    -3.1416     5.0573
   -0.7416    -2.8416     5.3427
   -0.7416    -2.5416     5.5339
   -0.7416    -2.2416     7.1495
   -0.7416    -1.9416     5.1583
   -0.7416    -1.6416     4.4196
   -0.7416    -1.3416     3.3083
   -0.7416    -1.0416     2.5518
   -0.7416    -0.7416     2.4168
   -0.7416    -0.4416     2.4290
   -0.7416    -0.1416     2.7752
   -0.7416     0.1584     3.0032
   -0.7416     0.4584     3.2769
   -0.7416     0.7584     2.8381
   -0.7416     1.0584     2.5679
   -0.7416     1.3584     2.3166
   -0.7416     1.6584     2.0964
   -0.7416     1.9584     1.6774
   -0.7416     2.2584     1.8991
   -0.7416     2.5584     2.3010
   -0.7416     2.8584     3.2025
   -0.4416    -3.1416     7.5792
   -0.4416    -2.8416     7.3134
   -0.4416    -2.5416     7.1016
   -0.4416    -2.2416     7.4446
   -0.4416    -1.9416     5.6991
   -0.4416    -1.6416     4.9690
   -0.4416    -1.3416     3.7556
   -0.4416    -1.0416     3.4909
   -0.4416    -0.7416     3.3071
   -0.4416    -0.4416     3.9323
   -0.4416    -0.1416     4.2326
   -0.4416     0.1584     5.4845
   -0.4416     0.4584     4.5801
   -0.4416     0.7584     4.7825
   -0.4416     1.0584     4.3264
   -0.4416     1.3584     3.2776
   -0.4416     1.6584     2.9998
   -0.4416     1.9584     3.2202
   -0.4416     2.2584     3.2224
   -0.4416     2.5584     4.8394
   -0.4416     2.8584     7.5611
   -0.1416    -3.1416     8.4106
   -0.1416    -2.8416     7.4422
   -0.1416    -2.5416     6.0289
   -0.1416    -2.2416     5.5116
   -0.1416    -1.9416     5.2948
   -0.1416    -1.6416     3.5971
   -0.1416    -1.3416     4.2268
   -0.1416    -1.0416     4.2950
   -0.1416    -0.7416     3.9849
   -0.1416    -0.4416     5.0892
   -0.1416    -0.1416     4.7674
   -0.1416     0.1584     5.2654
   -0.1416     0.4584     4.9417
   -0.1416     0.7584     4.8590
   -0.1416     1.0584     4.1917
   -0.1416     1.3584     4.1049
   -0.1416     1.6584     4.0877
   -0.1416     1.9584     4.0720
   -0.1416     2.2584     4.7345
   -0.1416     2.5584     5.0838
   -0.1416     2.8584     5.2677
    0.1584    -3.1416     5.2376
    0.1584    -2.8416     4.8305
    0.1584    -2.5416     4.2706
    0.1584    -2.2416     3.9133
    0.1584    -1.9416     3.9837
    0.1584    -1.6416     3.3803
    0.1584    -1.3416     3.5388
    0.1584    -1.0416     3.1072
    0.1584    -0.7416     3.4879
    0.1584    -0.4416     3.2550
    0.1584    -0.1416     3.7481
    0.1584     0.1584     3.6190
    0.1584     0.4584     3.1947
    0.1584     0.7584     3.4650
    0.1584     1.0584     3.3096
    0.1584     1.3584     4.5821
    0.1584     1.6584     4.1766
    0.1584     1.9584     5.5987
    0.1584     2.2584     6.0399
    0.1584     2.5584     6.1928
    0.1584     2.8584     6.4661
    0.4584    -3.1416     3.6703
    0.4584    -2.8416     3.3155
    0.4584    -2.5416     3.0513
    0.4584    -2.2416     2.7598
    0.4584    -1.9416     2.9217
    0.4584    -1.6416     2.4777
    0.4584    -1.3416     2.3282
    0.4584    -1.0416     2.4330
    0.4584    -0.7416     2.2915
    0.4584    -0.4416     2.0082
    0.4584    -0.1416     2.0374
    0.4584     0.1584     2.1257
    0.4584     0.4584     2.0911
    0.4584     0.7584     2.2459
    0.4584     1.0584     2.8106
    0.4584     1.3584     3.6379
    0.4584     1.6584     4.7747
    0.4584     1.9584     5.3005
    0.4584     2.2584     4.5528
    0.4584     2.5584     4.6910
    0.4584     2.8584     4.3257
    0.7584    -3.1416     3.0140
    0.7584    -2.8416     2.6514
    0.7584    -2.5416     2.6553
    0.7584    -2.2416     2.5267
    0.7584    -1.9416     2.4265
    0.7584    -1.6416     2.0673
    0.7584    -1.3416     1.7785
    0.7584    -1.0416     1.5067
    0.7584    -0.7416     1.4286
    0.7584    -0.4416     1.5827
    0.7584    -0.1416     1.4180
    0.7584     0.1584     1.5234
    0.7584     0.4584     1.9342
    0.7584     0.7584     2.5991
    0.7584     1.0584     3.2945
    0.7584     1.3584     3.9569
    0.7584     1.6584     4.0145
    0.7584     1.9584     4.5764
    0.7584     2.2584     4.0332
    0.7584     2.5584     3.5309
    0.7584     2.8584     3.4007
    1.0584    -3.1416     2.9706
    1.0584    -2.8416     2.8966
    1.0584    -2.5416     2.5472
    1.0584    -2.2416     2.6860
    1.0584    -1.9416     2.4446
    1.0584    -1.6416     1.9376
    1.0584    -1.3416     1.6334
    1.0584    -1.0416     1.4726
    1.0584    -0.7416     1.3834
    1.0584    -0.4416     1.4997
    1.0584    -0.1416     1.5632
    1.0584     0.1584     1.9396
    1.0584     0.4584     2.1381
    1.0584     0.7584     2.8886
    1.0584     1.0584     3.8527
    1.0584     1.3584     4.1759
    1.0584     1.6584     4.8824
    1.0584     1.9584     4.5544
    1.0584     2.2584     3.7989
    1.0584     2.5584     3.6884
    1.0584     2.8584     3.3874
    1.3584    -3.1416     3.4768
    1.3584    -2.8416     3.5943
    1.3584    -2.5416     3.4564
    1.3584    -2.2416     3.8040
    1.3584    -1.9416     3.1969
    1.3584    -1.6416     2.6598
    1.3584    -1.3416     2.4046
    1.3584    -1.0416     2.1551
    1.3584    -0.7416     2.3220
    1.3584    -0.4416     2.5326
    1.3584    -0.1416     2.6542
    1.3584     0.1584     2.6721
    1.3584     0.4584     3.3991
    1.3584     0.7584     4.0617
    1.3584     1.0584     6.0065
    1.3584     1.3584     5.4496
    1.3584     1.6584     5.1632
    1.3584     1.9584     4.6840
    1.3584     2.2584     4.2037
    1.3584     2.5584     3.7188
    1.3584     2.8584     3.5242
    1.6584    -3.1416     5.5088
    1.6584    -2.8416     5.6646
    1.6584    -2.5416     6.0229
    1.6584    -2.2416     5.7676
    1.6584    -1.9416     5.2369
    1.6584    -1.6416     5.1968
    1.6584    -1.3416     4.2191
    1.6584    -1.0416     4.2963
    1.6584    -0.7416     4.1261
    1.6584    -0.4416     4.2733
    1.6584    -0.1416     4.6276
    1.6584     0.1584     4.5347
    1.6584     0.4584     6.1567
    1.6584     0.7584     6.2016
    1.6584     1.0584     6.3911
    1.6584     1.3584     8.1021
    1.6584     1.6584     6.5575
    1.6584     1.9584     5.3183
    1.6584     2.2584     6.3659
    1.6584     2.5584     5.8308
    1.6584     2.8584     5.0050
    1.9584    -3.1416     6.6233
    1.9584    -2.8416     7.2685
    1.9584    -2.5416     6.6364
    1.9584    -2.2416     7.2641
    1.9584    -1.9416     7.4432
    1.9584    -1.6416     6.4648
    1.9584    -1.3416     6.9567
    1.9584    -1.0416     6.3827
    1.9584    -0.7416     6.1961
    1.9584    -0.4416     6.2576
    1.9584    -0.1416     5.1738
    1.9584     0.1584     7.1077
    1.9584     0.4584     7.9209
    1.9584     0.7584     9.8657
    1.9584     1.0584     9.4024
    1.9584     1.3584     8.9175
    1.9584     1.6584    10.5801
    1.9584     1.9584     8.0287
    1.9584     2.2584     6.7906
    1.9584     2.5584     8.5125
    1.9584     2.8584     7.3972
    2.2584    -3.1416     5.4835
    2.2584    -2.8416     8.1529
    2.2584    -2.5416     7.2874
    2.2584    -2.2416     9.4404
    2.2584    -1.9416     7.2526
    2.2584    -1.6416     9.3648
    2.2584    -1.3416     7.9128
    2.2584    -1.0416     8.0174
    2.2584    -0.7416     9.2838
    2.2584    -0.4416     5.8703
    2.2584    -0.1416     8.3084
    2.2584     0.1584     8.9355
    2.2584     0.4584     6.6148
    2.2584     0.7584    11.8177
    2.2584     1.0584     7.7255
    2.2584     1.3584     6.8120
    2.2584     1.6584     6.6636
    2.2584     1.9584     6.9055
    2.2584     2.2584     5.9653
    2.2584     2.5584     5.7583
    2.2584     2.8584     5.9298
    2.5584    -3.1416     3.5307
    2.5584    -2.8416     4.7453
    2.5584    -2.5416     6.1247
    2.5584    -2.2416     6.8796
    2.5584    -1.9416     6.8975
    2.5584    -1.6416     6.3299
    2.5584    -1.3416     5.4872
    2.5584    -1.0416     4.7383
    2.5584    -0.7416     4.8463
    2.5584    -0.4416     4.8591
    2.5584    -0.1416     5.0766
    2.5584     0.1584     6.5090
    2.5584     0.4584     6.0048
    2.5584     0.7584     5.4977
    2.5584     1.0584     6.1574
    2.5584     1.3584     5.4785
    2.5584     1.6584     4.9344
    2.5584     1.9584     3.6394
    2.5584     2.2584     3.6366
    2.5584     2.5584     3.6883
    2.5584     2.8584     3.4406
    2.8584    -3.1416     2.2172
    2.8584    -2.8416     3.1410
    2.8584    -2.5416     4.2106
    2.8584    -2.2416     4.5936
    2.8584    -1.9416     5.2738
    2.8584    -1.6416     4.3966
    2.8584    -1.3416     4.3689
    2.8584    -1.0416     3.9288
    2.8584    -0.7416     3.4229
    2.8584    -0.4416     3.5710
    2.8584    -0.1416     3.7950
    2.8584     0.1584     3.9797
    2.8584     0.4584     4.0258
    2.8584     0.7584     3.9607
    2.8584     1.0584     3.5329
    2.8584     1.3584     3.6798
    2.8584     1.6584     3.1215
    2.8584     1.9584     2.4936
    2.8584     2.2584     1.6845
    2.8584     2.5584     1.5624
    2.8584     2.8584     1.7974
