      0.0000      -1.3416       1.0584       0.1820       0.1180
      0.6198      -1.3416       0.7584       0.1625       0.1240
      0.9504      -1.0416       0.7584       1.5093       0.1180
      1.5289      -1.0416       0.4584       1.7791       0.1370
      2.1488      -0.7416       0.4584       3.5644       0.1860
      2.4793      -0.7416       0.1584       4.8485       0.1560
      3.3058      -0.4416       0.1584       8.5227       0.1870
      3.3884      -0.4416      -0.1416       9.2650       0.1560
      4.3388      -0.4416      -0.4416       7.0171       0.1970
      4.5041      -0.1416      -0.4416      10.4362       0.1970
      5.2479      -0.1416      -0.7416       8.5809       0.1930
      5.7025       0.1584      -0.7416       5.6650       0.1760
      6.8595       0.4584      -0.7416       3.2692       0.1290
      8.0579       0.7584      -0.7416       2.1341       0.1150
      9.2149       1.0584      -0.7416       2.0361       0.1200
