      0.0000      -1.4137       1.0996       0.6879       0.2862
      0.4959      -1.4137       0.7854       0.5666       0.2933
      0.7438      -1.0996       0.7854       2.2848       0.3215
      1.4463      -1.0996       0.4712       2.0471       0.3497
      1.9835      -0.7854       0.4712       5.1458       0.4344
      2.4380      -0.7854       0.1571       4.5811       0.4685
      3.2231      -0.4712       0.1571       8.0450       0.6320
      3.3884      -0.4712      -0.1571       5.9672       0.5739
      4.3802      -0.4712      -0.4712       6.3760       0.4840
      4.4628      -0.1571      -0.4712       8.7435       0.6089
      5.3306      -0.1571      -0.7854       7.3434       0.6107
      5.6612       0.1571      -0.7854       6.9025       0.4746
      6.9008       0.4712      -0.7854       5.1512       0.4688
      8.1405       0.7854      -0.7854       2.2150       0.3390
      9.3802       1.0996      -0.7854       1.5151       0.3214
