      0.0000      -1.4000       1.2000       2.5700       0.3167
      0.1653      -1.4000       0.9000       2.3767       0.3100
      0.7025      -1.2000       0.9000       3.5567       0.3533
      0.7851      -1.2000       0.7000       3.9200       0.3700
      1.4463      -1.2000       0.5000       4.4233       0.3833
      1.5289      -0.9000       0.5000       6.2933       0.4900
      2.1074      -0.9000       0.3000       5.5533       0.4400
      2.3554      -0.7000       0.3000       9.1300       0.7300
      2.7686      -0.7000       0.1000       7.5467       0.5833
      3.2231      -0.5000       0.1000      10.4033       0.8733
      3.3884      -0.5000      -0.1000       9.3400       0.7533
      4.0083      -0.3000      -0.1000      12.1600       1.1200
      4.0496      -0.3000      -0.3000      15.2367       1.8400
      4.7107      -0.3000      -0.5000      10.3600       0.8900
      4.8760      -0.1000      -0.5000      15.4367       1.9267
      5.3719      -0.1000      -0.7000      11.4800       1.0300
      5.6612       0.1000      -0.7000      11.8433       1.1100
      6.4876       0.3000      -0.7000      12.7033       1.2000
      7.3140       0.5000      -0.7000       7.9533       0.6333
      8.1405       0.7000      -0.7000       6.4133       0.5000
      9.0083       0.9000      -0.7000       5.1567       0.4300
      9.7934       1.2000      -0.7000       4.9133       0.4167
