-2.9845   -2.9845   1.96222
-2.9845   -2.6704   3.8978
-2.9845   -2.3562   6.18893
-2.9845   -2.0420   7.80935
-2.9845   -1.7279   7.28713
-2.9845   -1.4137   7.43561
-2.9845   -1.0996   5.72088
-2.9845   -0.7854   6.58028
-2.9845   -0.4712   5.88282
-2.9845   -0.1571   6.89064
-2.9845   0.1571   6.06265
-2.9845   0.4712   6.60847
-2.9845   0.7854   5.78581
-2.9845   1.0996   6.73126
-2.9845   1.4137   5.66453
-2.9845   1.7279   5.30632
-2.9845   2.0420   4.50612
-2.9845   2.3562   2.65738
-2.9845   2.6704   1.4298
-2.9845   2.9845   1.00566
-2.6704   -2.9845   1.18077
-2.6704   -2.6704   3.10964
-2.6704   -2.3562   4.82809
-2.6704   -2.0420   6.64643
-2.6704   -1.7279   7.03963
-2.6704   -1.4137   6.48317
-2.6704   -1.0996   5.92554
-2.6704   -0.7854   4.4061
-2.6704   -0.4712   5.38983
-2.6704   -0.1571   5.38834
-2.6704   0.1571   4.16533
-2.6704   0.4712   3.55089
-2.6704   0.7854   4.17361
-2.6704   1.0996   4.54069
-2.6704   1.4137   4.67005
-2.6704   1.7279   3.10166
-2.6704   2.0420   2.48541
-2.6704   2.3562   1.03879
-2.6704   2.6704   0.543793
-2.6704   2.9845   0.16592
-2.3562   -2.9845   1.35332
-2.3562   -2.6704   3.2075
-2.3562   -2.3562   5.00502
-2.3562   -2.0420   6.27723
-2.3562   -1.7279   6.97339
-2.3562   -1.4137   6.52481
-2.3562   -1.0996   6.15223
-2.3562   -0.7854   4.85684
-2.3562   -0.4712   4.32131
-2.3562   -0.1571   3.67874
-2.3562   0.1571   3.2554
-2.3562   0.4712   2.63549
-2.3562   0.7854   2.45084
-2.3562   1.0996   2.81037
-2.3562   1.4137   2.84304
-2.3562   1.7279   2.13373
-2.3562   2.0420   1.40322
-2.3562   2.3562   0.536933
-2.3562   2.6704   0
-2.3562   2.9845   0.260023
-2.0420   -2.9845   1.6531
-2.0420   -2.6704   4.43559
-2.0420   -2.3562   5.25293
-2.0420   -2.0420   7.1548
-2.0420   -1.7279   6.97981
-2.0420   -1.4137   6.35731
-2.0420   -1.0996   5.41516
-2.0420   -0.7854   5.04191
-2.0420   -0.4712   4.24464
-2.0420   -0.1571   3.68777
-2.0420   0.1571   2.59762
-2.0420   0.4712   1.94127
-2.0420   0.7854   2.00207
-2.0420   1.0996   2.3345
-2.0420   1.4137   2.57192
-2.0420   1.7279   2.3915
-2.0420   2.0420   1.76326
-2.0420   2.3562   1.29673
-2.0420   2.6704   0.804957
-2.0420   2.9845   1.24881
-1.7279   -2.9845   2.49876
-1.7279   -2.6704   4.81288
-1.7279   -2.3562   6.63547
-1.7279   -2.0420   7.63583
-1.7279   -1.7279   7.65227
-1.7279   -1.4137   5.99331
-1.7279   -1.0996   5.78299
-1.7279   -0.7854   4.29173
-1.7279   -0.4712   2.89794
-1.7279   -0.1571   2.71989
-1.7279   0.1571   1.59312
-1.7279   0.4712   1.0582
-1.7279   0.7854   1.33825
-1.7279   1.0996   0.689923
-1.7279   1.4137   1.2543
-1.7279   1.7279   1.18422
-1.7279   2.0420   1.1313
-1.7279   2.3562   0.97964
-1.7279   2.6704   1.51968
-1.7279   2.9845   1.42047
-1.4137   -2.9845   3.41529
-1.4137   -2.6704   5.58074
-1.4137   -2.3562   9.00117
-1.4137   -2.0420   9.07097
-1.4137   -1.7279   8.41293
-1.4137   -1.4137   7.18769
-1.4137   -1.0996   5.08363
-1.4137   -0.7854   4.65478
-1.4137   -0.4712   2.80355
-1.4137   -0.1571   1.94731
-1.4137   0.1571   1.17556
-1.4137   0.4712   1.19439
-1.4137   0.7854   0.566637
-1.4137   1.0996   0.68787
-1.4137   1.4137   0.19648
-1.4137   1.7279   0.80382
-1.4137   2.0420   1.30954
-1.4137   2.3562   0.989323
-1.4137   2.6704   0.998337
-1.4137   2.9845   1.87597
-1.0996   -2.9845   4.71965
-1.0996   -2.6704   8.47064
-1.0996   -2.3562   9.03555
-1.0996   -2.0420   11.462
-1.0996   -1.7279   8.44218
-1.0996   -1.4137   7.14287
-1.0996   -1.0996   5.22431
-1.0996   -0.7854   3.56018
-1.0996   -0.4712   1.97876
-1.0996   -0.1571   1.90416
-1.0996   0.1571   2.36424
-1.0996   0.4712   2.04709
-1.0996   0.7854   2.28482
-1.0996   1.0996   2.4207
-1.0996   1.4137   1.67774
-1.0996   1.7279   1.15271
-1.0996   2.0420   1.35817
-1.0996   2.3562   1.17187
-1.0996   2.6704   1.42611
-1.0996   2.9845   2.34216
-0.7854   -2.9845   9.35233
-0.7854   -2.6704   14.1723
-0.7854   -2.3562   12.0544
-0.7854   -2.0420   15.4987
-0.7854   -1.7279   11.6702
-0.7854   -1.4137   8.22162
-0.7854   -1.0996   5.89218
-0.7854   -0.7854   4.33555
-0.7854   -0.4712   2.89038
-0.7854   -0.1571   3.37975
-0.7854   0.1571   4.58109
-0.7854   0.4712   5.14579
-0.7854   0.7854   5.34582
-0.7854   1.0996   4.07175
-0.7854   1.4137   3.69465
-0.7854   1.7279   3.13699
-0.7854   2.0420   2.95022
-0.7854   2.3562   3.21825
-0.7854   2.6704   3.95668
-0.7854   2.9845   5.08942
-0.4712   -2.9845   15.715
-0.4712   -2.6704   15.596
-0.4712   -2.3562   18.3983
-0.4712   -2.0420   15.245
-0.4712   -1.7279   8.67966
-0.4712   -1.4137   9.40761
-0.4712   -1.0996   6.88058
-0.4712   -0.7854   5.17758
-0.4712   -0.4712   6.37599
-0.4712   -0.1571   5.96715
-0.4712   0.1571   8.04495
-0.4712   0.4712   9.46252
-0.4712   0.7854   8.01123
-0.4712   1.0996   8.10086
-0.4712   1.4137   5.00578
-0.4712   1.7279   4.71153
-0.4712   2.0420   4.65267
-0.4712   2.3562   5.90555
-0.4712   2.6704   8.30462
-0.4712   2.9845   9.70874
-0.1571   -2.9845   18.7047
-0.1571   -2.6704   31.149
-0.1571   -2.3562   18.4833
-0.1571   -2.0420   12.5994
-0.1571   -1.7279   10.3973
-0.1571   -1.4137   9.11477
-0.1571   -1.0996   7.84482
-0.1571   -0.7854   7.34335
-0.1571   -0.4712   8.74351
-0.1571   -0.1571   10.6177
-0.1571   0.1571   9.52296
-0.1571   0.4712   9.9435
-0.1571   0.7854   8.67044
-0.1571   1.0996   8.65635
-0.1571   1.4137   7.52366
-0.1571   1.7279   7.75868
-0.1571   2.0420   8.09634
-0.1571   2.3562   9.48879
-0.1571   2.6704   13.4013
-0.1571   2.9845   16.4049
0.1571   -2.9845   17.997
0.1571   -2.6704   12.1685
0.1571   -2.3562   14.9045
0.1571   -2.0420   11.359
0.1571   -1.7279   8.78259
0.1571   -1.4137   6.1239
0.1571   -1.0996   8.32578
0.1571   -0.7854   6.90255
0.1571   -0.4712   7.34744
0.1571   -0.1571   7.76334
0.1571   0.1571   10.3779
0.1571   0.4712   9.02949
0.1571   0.7854   7.96257
0.1571   1.0996   8.84285
0.1571   1.4137   8.76123
0.1571   1.7279   9.79464
0.1571   2.0420   12.4277
0.1571   2.3562   16.5541
0.1571   2.6704   15.2123
0.1571   2.9845   20.2636
0.4712   -2.9845   10.7741
0.4712   -2.6704   9.24458
0.4712   -2.3562   7.58696
0.4712   -2.0420   6.0883
0.4712   -1.7279   5.58814
0.4712   -1.4137   4.33434
0.4712   -1.0996   4.18327
0.4712   -0.7854   5.15116
0.4712   -0.4712   6.13862
0.4712   -0.1571   5.27398
0.4712   0.1571   4.77193
0.4712   0.4712   5.24848
0.4712   0.7854   5.31974
0.4712   1.0996   6.70186
0.4712   1.4137   8.17328
0.4712   1.7279   9.34677
0.4712   2.0420   10.7536
0.4712   2.3562   16.0055
0.4712   2.6704   14.4109
0.4712   2.9845   13.2352
0.7854   -2.9845   7.66282
0.7854   -2.6704   5.69703
0.7854   -2.3562   5.29857
0.7854   -2.0420   4.63306
0.7854   -1.7279   3.85453
0.7854   -1.4137   2.36315
0.7854   -1.0996   2.78312
0.7854   -0.7854   2.21498
0.7854   -0.4712   2.17758
0.7854   -0.1571   2.87736
0.7854   0.1571   2.71057
0.7854   0.4712   3.70475
0.7854   0.7854   4.42271
0.7854   1.0996   6.32693
0.7854   1.4137   8.56921
0.7854   1.7279   10.47
0.7854   2.0420   9.0929
0.7854   2.3562   10.1741
0.7854   2.6704   9.42501
0.7854   2.9845   8.25148
1.0996   -2.9845   6.07521
1.0996   -2.6704   6.25098
1.0996   -2.3562   5.06419
1.0996   -2.0420   3.84149
1.0996   -1.7279   3.44897
1.0996   -1.4137   2.20771
1.0996   -1.0996   1.41357
1.0996   -0.7854   1.51512
1.0996   -0.4712   1.61127
1.0996   -0.1571   1.90052
1.0996   0.1571   2.43578
1.0996   0.4712   3.35058
1.0996   0.7854   5.91476
1.0996   1.0996   8.08382
1.0996   1.4137   10.1066
1.0996   1.7279   9.50599
1.0996   2.0420   9.22969
1.0996   2.3562   9.1914
1.0996   2.6704   8.01767
1.0996   2.9845   7.64621
1.4137   -2.9845   7.58799
1.4137   -2.6704   7.03975
1.4137   -2.3562   6.73885
1.4137   -2.0420   6.22626
1.4137   -1.7279   5.37668
1.4137   -1.4137   3.27163
1.4137   -1.0996   2.82793
1.4137   -0.7854   3.04665
1.4137   -0.4712   2.7112
1.4137   -0.1571   4.56539
1.4137   0.1571   4.89408
1.4137   0.4712   6.52547
1.4137   0.7854   6.61967
1.4137   1.0996   12.0013
1.4137   1.4137   12.8388
1.4137   1.7279   12.0967
1.4137   2.0420   11.3122
1.4137   2.3562   10.1981
1.4137   2.6704   8.40181
1.4137   2.9845   7.48668
1.7279   -2.9845   11.9883
1.7279   -2.6704   10.1869
1.7279   -2.3562   10.4666
1.7279   -2.0420   12.0569
1.7279   -1.7279   10.2911
1.7279   -1.4137   8.06359
1.7279   -1.0996   7.26453
1.7279   -0.7854   7.02303
1.7279   -0.4712   8.36419
1.7279   -0.1571   8.46446
1.7279   0.1571   8.9868
1.7279   0.4712   13.3655
1.7279   0.7854   12.4005
1.7279   1.0996   15.78
1.7279   1.4137   13.3551
1.7279   1.7279   14.0567
1.7279   2.0420   14.8838
1.7279   2.3562   12.1852
1.7279   2.6704   12.289
1.7279   2.9845   10.0894
2.0420   -2.9845   16.2675
2.0420   -2.6704   16.0245
2.0420   -2.3562   14.8752
2.0420   -2.0420   13.0336
2.0420   -1.7279   14.1097
2.0420   -1.4137   10.8827
2.0420   -1.0996   13.4711
2.0420   -0.7854   11.2762
2.0420   -0.4712   17.3026
2.0420   -0.1571   14.9093
2.0420   0.1571   14.8174
2.0420   0.4712   15.5692
2.0420   0.7854   21.3971
2.0420   1.0996   22.754
2.0420   1.4137   17.9778
2.0420   1.7279   12.4617
2.0420   2.0420   17.2171
2.0420   2.3562   14.1216
2.0420   2.6704   13.9963
2.0420   2.9845   11.9291
2.3562   -2.9845   12.442
2.3562   -2.6704   14.343
2.3562   -2.3562   17.8008
2.3562   -2.0420   18.2034
2.3562   -1.7279   17.873
2.3562   -1.4137   14.8323
2.3562   -1.0996   15.6949
2.3562   -0.7854   13.6186
2.3562   -0.4712   12.8309
2.3562   -0.1571   13.7348
2.3562   0.1571   18.7582
2.3562   0.4712   22.4574
2.3562   0.7854   17.3983
2.3562   1.0996   22.3841
2.3562   1.4137   21.7103
2.3562   1.7279   17.8152
2.3562   2.0420   15.7344
2.3562   2.3562   15.3117
2.3562   2.6704   13.3636
2.3562   2.9845   14.2
2.6704   -2.9845   8.97436
2.6704   -2.6704   10.3408
2.6704   -2.3562   14.0505
2.6704   -2.0420   14.2448
2.6704   -1.7279   15.3476
2.6704   -1.4137   16.3285
2.6704   -1.0996   11.8241
2.6704   -0.7854   11.0104
2.6704   -0.4712   13.0671
2.6704   -0.1571   11.4175
2.6704   0.1571   15.5577
2.6704   0.4712   14.8453
2.6704   0.7854   14.1931
2.6704   1.0996   19.6122
2.6704   1.4137   13.3104
2.6704   1.7279   13.4767
2.6704   2.0420   10.8874
2.6704   2.3562   10.9575
2.6704   2.6704   8.26989
2.6704   2.9845   8.46921
2.9845   -2.9845   5.38055
2.9845   -2.6704   6.93125
2.9845   -2.3562   10.0896
2.9845   -2.0420   9.37039
2.9845   -1.7279   10.0423
2.9845   -1.4137   9.32597
2.9845   -1.0996   8.93543
2.9845   -0.7854   9.22332
2.9845   -0.4712   8.31521
2.9845   -0.1571   9.2715
2.9845   0.1571   10.5913
2.9845   0.4712   9.61584
2.9845   0.7854   10.0286
2.9845   1.0996   9.3173
2.9845   1.4137   10.7153
2.9845   1.7279   8.83664
2.9845   2.0420   7.78317
2.9845   2.3562   5.58756
2.9845   2.6704   4.39645
2.9845   2.9845   3.78447

