   -3.1416    -3.1416     2.5131
   -3.1416    -2.8416     4.3812
   -3.1416    -2.5416     6.1104
   -3.1416    -2.2416     8.2506
   -3.1416    -1.9416     8.9053
   -3.1416    -1.6416     7.3620
   -3.1416    -1.3416     6.2403
   -3.1416    -1.0416     4.8369
   -3.1416    -0.7416     4.8851
   -3.1416    -0.4416     4.5538
   -3.1416    -0.1416     3.4803
   -3.1416     0.1584     4.2058
   -3.1416     0.4584     4.4774
   -3.1416     0.7584     4.6584
   -3.1416     1.0584     5.4229
   -3.1416     1.3584     5.3513
   -3.1416     1.6584     4.7803
   -3.1416     1.9584     3.4761
   -3.1416     2.2584     2.1111
   -3.1416     2.5584     1.5698
   -3.1416     2.8584     1.9503
   -2.8416    -3.1416     1.5482
   -2.8416    -2.8416     2.9568
   -2.8416    -2.5416     4.9878
   -2.8416    -2.2416     6.4841
   -2.8416    -1.9416     6.7867
   -2.8416    -1.6416     6.1334
   -2.8416    -1.3416     4.6480
   -2.8416    -1.0416     3.7087
   -2.8416    -0.7416     3.7080
   -2.8416    -0.4416     3.0237
   -2.8416    -0.1416     2.3509
   -2.8416     0.1584     2.0596
   -2.8416     0.4584     2.1818
   -2.8416     0.7584     2.9749
   -2.8416     1.0584     3.7812
   -2.8416     1.3584     3.7031
   -2.8416     1.6584     2.9023
   -2.8416     1.9584     1.8061
   -2.8416     2.2584     0.8209
   -2.8416     2.5584     0.1908
   -2.8416     2.8584     0.5992
   -2.5416    -3.1416     1.3482
   -2.5416    -2.8416     3.0853
   -2.5416    -2.5416     4.8679
   -2.5416    -2.2416     6.3709
   -2.5416    -1.9416     6.5692
   -2.5416    -1.6416     5.4355
   -2.5416    -1.3416     4.3978
   -2.5416    -1.0416     3.5808
   -2.5416    -0.7416     3.0318
   -2.5416    -0.4416     2.4868
   -2.5416    -0.1416     1.8740
   -2.5416     0.1584     1.5409
   -2.5416     0.4584     1.5345
   -2.5416     0.7584     2.0466
   -2.5416     1.0584     3.4004
   -2.5416     1.3584     3.4478
   -2.5416     1.6584     2.7356
   -2.5416     1.9584     1.5957
   -2.5416     2.2584     0.6794
   -2.5416     2.5584 0.0
   -2.5416     2.8584     0.5082
   -2.2416    -3.1416     1.5504
   -2.2416    -2.8416     3.7113
   -2.2416    -2.5416     5.5349
   -2.2416    -2.2416     6.2058
   -2.2416    -1.9416     7.0738
   -2.2416    -1.6416     6.4813
   -2.2416    -1.3416     4.4044
   -2.2416    -1.0416     3.6885
   -2.2416    -0.7416     2.8572
   -2.2416    -0.4416     1.9403
   -2.2416    -0.1416     1.3421
   -2.2416     0.1584     1.2969
   -2.2416     0.4584     1.7102
   -2.2416     0.7584     2.4926
   -2.2416     1.0584     2.8493
   -2.2416     1.3584     2.9056
   -2.2416     1.6584     2.8327
   -2.2416     1.9584     1.8607
   -2.2416     2.2584     1.0842
   -2.2416     2.5584     0.6000
   -2.2416     2.8584     0.9989
   -1.9416    -3.1416     2.6018
   -1.9416    -2.8416     3.7054
   -1.9416    -2.5416     6.0990
   -1.9416    -2.2416     7.0120
   -1.9416    -1.9416     6.8938
   -1.9416    -1.6416     6.5834
   -1.9416    -1.3416     4.7352
   -1.9416    -1.0416     3.2216
   -1.9416    -0.7416     2.3251
   -1.9416    -0.4416     1.1676
   -1.9416    -0.1416     1.0896
   -1.9416     0.1584     1.3946
   -1.9416     0.4584     1.7415
   -1.9416     0.7584     1.7742
   -1.9416     1.0584     2.3541
   -1.9416     1.3584     3.0523
   -1.9416     1.6584     2.9069
   -1.9416     1.9584     1.8332
   -1.9416     2.2584     1.3642
   -1.9416     2.5584     1.0617
   -1.9416     2.8584     1.0922
   -1.6416    -3.1416     2.8101
   -1.6416    -2.8416     5.0173
   -1.6416    -2.5416     6.3333
   -1.6416    -2.2416     7.5985
   -1.6416    -1.9416     7.4899
   -1.6416    -1.6416     6.3407
   -1.6416    -1.3416     4.4054
   -1.6416    -1.0416     2.8838
   -1.6416    -0.7416     1.4924
   -1.6416    -0.4416     0.7097
   -1.6416    -0.1416     0.7716
   -1.6416     0.1584     1.2330
   -1.6416     0.4584     1.5611
   -1.6416     0.7584     1.6349
   -1.6416     1.0584     1.8052
   -1.6416     1.3584     2.4952
   -1.6416     1.6584     2.3486
   -1.6416     1.9584     2.1134
   -1.6416     2.2584     1.2508
   -1.6416     2.5584     0.9792
   -1.6416     2.8584     1.3870
   -1.3416    -3.1416     3.4930
   -1.3416    -2.8416     5.4200
   -1.3416    -2.5416     7.4612
   -1.3416    -2.2416     9.1170
   -1.3416    -1.9416     9.0274
   -1.3416    -1.6416     6.3669
   -1.3416    -1.3416     4.7803
   -1.3416    -1.0416     2.5530
   -1.3416    -0.7416     1.4475
   -1.3416    -0.4416     0.8567
   -1.3416    -0.1416     1.1666
   -1.3416     0.1584     1.7778
   -1.3416     0.4584     1.9505
   -1.3416     0.7584     2.3251
   -1.3416     1.0584     2.8073
   -1.3416     1.3584     2.8866
   -1.3416     1.6584     2.5301
   -1.3416     1.9584     1.7764
   -1.3416     2.2584     1.4323
   -1.3416     2.5584     0.7734
   -1.3416     2.8584     1.7343
   -1.0416    -3.1416     4.4852
   -1.0416    -2.8416     6.4992
   -1.0416    -2.5416    11.5608
   -1.0416    -2.2416    11.6169
   -1.0416    -1.9416     8.5734
   -1.0416    -1.6416     7.2360
   -1.0416    -1.3416     4.8296
   -1.0416    -1.0416     3.0237
   -1.0416    -0.7416     1.9951
   -1.0416    -0.4416     2.4536
   -1.0416    -0.1416     3.2369
   -1.0416     0.1584     4.0269
   -1.0416     0.4584     4.3231
   -1.0416     0.7584     4.8012
   -1.0416     1.0584     4.4120
   -1.0416     1.3584     4.2868
   -1.0416     1.6584     3.4939
   -1.0416     1.9584     2.6444
   -1.0416     2.2584     1.9321
   -1.0416     2.5584     1.9087
   -1.0416     2.8584     2.9130
   -0.7416    -3.1416     6.9202
   -0.7416    -2.8416    14.3648
   -0.7416    -2.5416    15.3466
   -0.7416    -2.2416    14.4440
   -0.7416    -1.9416    10.9504
   -0.7416    -1.6416     8.5574
   -0.7416    -1.3416     6.0156
   -0.7416    -1.0416     4.7609
   -0.7416    -0.7416     4.0449
   -0.7416    -0.4416     5.3089
   -0.7416    -0.1416     6.7594
   -0.7416     0.1584     7.6267
   -0.7416     0.4584     9.1913
   -0.7416     0.7584     7.6718
   -0.7416     1.0584     7.4276
   -0.7416     1.3584     6.3490
   -0.7416     1.6584     5.4675
   -0.7416     1.9584     4.1620
   -0.7416     2.2584     3.5787
   -0.7416     2.5584     4.0873
   -0.7416     2.8584     6.3466
   -0.4416    -3.1416    12.5697
   -0.4416    -2.8416    19.3512
   -0.4416    -2.5416    20.4079
   -0.4416    -2.2416    16.4050
   -0.4416    -1.9416    11.9075
   -0.4416    -1.6416     8.9557
   -0.4416    -1.3416     8.3597
   -0.4416    -1.0416     7.4742
   -0.4416    -0.7416     7.3597
   -0.4416    -0.4416     6.7726
   -0.4416    -0.1416    11.5580
   -0.4416     0.1584    12.3461
   -0.4416     0.4584     8.0399
   -0.4416     0.7584    12.3183
   -0.4416     1.0584     8.4797
   -0.4416     1.3584     8.6123
   -0.4416     1.6584     7.4741
   -0.4416     1.9584     7.1426
   -0.4416     2.2584     7.3036
   -0.4416     2.5584     6.8912
   -0.4416     2.8584    11.1778
   -0.1416    -3.1416    17.7064
   -0.1416    -2.8416    13.5923
   -0.1416    -2.5416    11.7652
   -0.1416    -2.2416    11.2397
   -0.1416    -1.9416     9.2499
   -0.1416    -1.6416     9.1657
   -0.1416    -1.3416     9.0763
   -0.1416    -1.0416     8.4585
   -0.1416    -0.7416    10.2561
   -0.1416    -0.4416    11.8648
   -0.1416    -0.1416    14.7646
   -0.1416     0.1584    14.4378
   -0.1416     0.4584    11.7637
   -0.1416     0.7584    10.9533
   -0.1416     1.0584     9.6631
   -0.1416     1.3584     8.7631
   -0.1416     1.6584     8.8866
   -0.1416     1.9584    10.0193
   -0.1416     2.2584    10.0958
   -0.1416     2.5584    12.8047
   -0.1416     2.8584    17.8285
    0.1584    -3.1416    12.9834
    0.1584    -2.8416    11.8210
    0.1584    -2.5416    10.1161
    0.1584    -2.2416     8.8382
    0.1584    -1.9416     9.0657
    0.1584    -1.6416     8.8761
    0.1584    -1.3416     9.5382
    0.1584    -1.0416     9.4835
    0.1584    -0.7416    10.6641
    0.1584    -0.4416    11.6507
    0.1584    -0.1416     9.5527
    0.1584     0.1584     8.5849
    0.1584     0.4584     7.6380
    0.1584     0.7584     6.8334
    0.1584     1.0584     7.4292
    0.1584     1.3584     8.4279
    0.1584     1.6584     9.3957
    0.1584     1.9584    11.1977
    0.1584     2.2584    13.5040
    0.1584     2.5584    14.7236
    0.1584     2.8584    14.9732
    0.4584    -3.1416     6.8068
    0.4584    -2.8416     7.1408
    0.4584    -2.5416     7.1626
    0.4584    -2.2416     6.5328
    0.4584    -1.9416     6.6497
    0.4584    -1.6416     7.1729
    0.4584    -1.3416     7.2364
    0.4584    -1.0416     7.0581
    0.4584    -0.7416     6.8321
    0.4584    -0.4416     6.5651
    0.4584    -0.1416     5.8322
    0.4584     0.1584     5.1071
    0.4584     0.4584     4.4438
    0.4584     0.7584     4.3667
    0.4584     1.0584     5.0337
    0.4584     1.3584     7.9307
    0.4584     1.6584     8.6407
    0.4584     1.9584    10.6279
    0.4584     2.2584    10.6657
    0.4584     2.5584     9.4754
    0.4584     2.8584     7.7842
    0.7584    -3.1416     5.1322
    0.7584    -2.8416     5.6993
    0.7584    -2.5416     5.4653
    0.7584    -2.2416     6.0483
    0.7584    -1.9416     5.8385
    0.7584    -1.6416     5.8748
    0.7584    -1.3416     5.1125
    0.7584    -1.0416     4.9299
    0.7584    -0.7416     3.9599
    0.7584    -0.4416     3.9018
    0.7584    -0.1416     3.7652
    0.7584     0.1584     2.9629
    0.7584     0.4584     3.0812
    0.7584     0.7584     3.6441
    0.7584     1.0584     4.2443
    0.7584     1.3584     6.4183
    0.7584     1.6584     7.3646
    0.7584     1.9584     9.2804
    0.7584     2.2584     8.4686
    0.7584     2.5584     5.7872
    0.7584     2.8584     5.9502
    1.0584    -3.1416     5.8679
    1.0584    -2.8416     5.5680
    1.0584    -2.5416     7.0195
    1.0584    -2.2416     6.7120
    1.0584    -1.9416     6.4773
    1.0584    -1.6416     6.3460
    1.0584    -1.3416     5.3494
    1.0584    -1.0416     4.3302
    1.0584    -0.7416     3.6481
    1.0584    -0.4416     3.8693
    1.0584    -0.1416     3.5684
    1.0584     0.1584     3.3493
    1.0584     0.4584     3.4255
    1.0584     0.7584     4.8316
    1.0584     1.0584     6.3421
    1.0584     1.3584     8.2288
    1.0584     1.6584     7.6925
    1.0584     1.9584     7.5501
    1.0584     2.2584     7.8510
    1.0584     2.5584     6.1192
    1.0584     2.8584     6.6385
    1.3584    -3.1416     8.7985
    1.3584    -2.8416     9.4743
    1.3584    -2.5416     9.2647
    1.3584    -2.2416    10.5933
    1.3584    -1.9416     7.5196
    1.3584    -1.6416     8.1030
    1.3584    -1.3416     6.4220
    1.3584    -1.0416     6.2657
    1.3584    -0.7416     5.7058
    1.3584    -0.4416     6.1884
    1.3584    -0.1416     6.2916
    1.3584     0.1584     5.5737
    1.3584     0.4584     6.6399
    1.3584     0.7584     8.1526
    1.3584     1.0584     6.8871
    1.3584     1.3584    11.4252
    1.3584     1.6584    11.6711
    1.3584     1.9584    11.3869
    1.3584     2.2584     7.3925
    1.3584     2.5584     8.2316
    1.3584     2.8584     8.4255
    1.6584    -3.1416    10.4424
    1.6584    -2.8416    10.7677
    1.6584    -2.5416    14.3251
    1.6584    -2.2416    15.5305
    1.6584    -1.9416    11.1447
    1.6584    -1.6416    12.9782
    1.6584    -1.3416    10.4193
    1.6584    -1.0416     9.8447
    1.6584    -0.7416     9.4303
    1.6584    -0.4416    10.2918
    1.6584    -0.1416     8.9934
    1.6584     0.1584    10.3452
    1.6584     0.4584    10.5080
    1.6584     0.7584    13.6282
    1.6584     1.0584     9.2788
    1.6584     1.3584    15.0234
    1.6584     1.6584    10.7967
    1.6584     1.9584    15.7487
    1.6584     2.2584    13.8234
    1.6584     2.5584    12.2417
    1.6584     2.8584    11.8563
    1.9584    -3.1416    12.1715
    1.9584    -2.8416     9.4026
    1.9584    -2.5416     8.8908
    1.9584    -2.2416    12.4092
    1.9584    -1.9416    19.4085
    1.9584    -1.6416    14.9104
    1.9584    -1.3416    11.8072
    1.9584    -1.0416    11.6771
    1.9584    -0.7416    11.8261
    1.9584    -0.4416    13.0173
    1.9584    -0.1416    11.0192
    1.9584     0.1584    14.0013
    1.9584     0.4584    11.0434
    1.9584     0.7584    13.3286
    1.9584     1.0584    12.3470
    1.9584     1.3584    19.6894
    1.9584     1.6584    13.2041
    1.9584     1.9584    16.9602
    1.9584     2.2584     6.8560
    1.9584     2.5584    13.3090
    1.9584     2.8584     8.4071
    2.2584    -3.1416    13.3384
    2.2584    -2.8416    11.5309
    2.2584    -2.5416    14.7352
    2.2584    -2.2416    18.3723
    2.2584    -1.9416    15.6991
    2.2584    -1.6416    13.0067
    2.2584    -1.3416    12.5317
    2.2584    -1.0416     9.3926
    2.2584    -0.7416     9.4631
    2.2584    -0.4416    13.9863
    2.2584    -0.1416    10.4986
    2.2584     0.1584    14.1303
    2.2584     0.4584     8.2202
    2.2584     0.7584    18.7835
    2.2584     1.0584    18.1187
    2.2584     1.3584    16.3389
    2.2584     1.6584    16.6056
    2.2584     1.9584    14.4824
    2.2584     2.2584     9.7557
    2.2584     2.5584    12.5572
    2.2584     2.8584    13.3247
    2.5584    -3.1416     9.3054
    2.5584    -2.8416     9.4427
    2.5584    -2.5416    14.1208
    2.5584    -2.2416     8.9080
    2.5584    -1.9416     8.4443
    2.5584    -1.6416    12.3262
    2.5584    -1.3416    10.4275
    2.5584    -1.0416     9.4485
    2.5584    -0.7416    11.4570
    2.5584    -0.4416    10.3066
    2.5584    -0.1416    11.7177
    2.5584     0.1584    13.6194
    2.5584     0.4584     7.2706
    2.5584     0.7584    10.5856
    2.5584     1.0584    10.0113
    2.5584     1.3584    11.0855
    2.5584     1.6584     8.9855
    2.5584     1.9584     9.9056
    2.5584     2.2584     9.0736
    2.5584     2.5584     7.7923
    2.5584     2.8584     8.7132
    2.8584    -3.1416     5.3218
    2.8584    -2.8416     7.3652
    2.8584    -2.5416     8.6371
    2.8584    -2.2416    10.6989
    2.8584    -1.9416    10.8490
    2.8584    -1.6416     9.0228
    2.8584    -1.3416     9.1866
    2.8584    -1.0416     8.0820
    2.8584    -0.7416     6.9595
    2.8584    -0.4416     7.7424
    2.8584    -0.1416     8.3357
    2.8584     0.1584     7.0801
    2.8584     0.4584     7.6972
    2.8584     0.7584     8.5665
    2.8584     1.0584     8.2100
    2.8584     1.3584     8.3591
    2.8584     1.6584     6.6238
    2.8584     1.9584     6.4575
    2.8584     2.2584     5.3574
    2.8584     2.5584     4.0975
    2.8584     2.8584     4.9021
