      0.0000      -1.3400       1.0600       0.7733       0.0000
      0.6198      -1.3400       0.7600       0.7346       0.0000
      0.9504      -1.0400       0.7600       3.9846       0.0000
      1.5289      -1.0400       0.4600       3.9207       0.0000
      2.1488      -0.7400       0.4600       8.3623       0.0000
      2.4793      -0.7400       0.1600       7.6918       0.0000
      3.3471      -0.4400       0.1600      12.1321       0.0000
      3.3884      -0.4400      -0.1400      10.7498       0.0000
      4.3388      -0.4400      -0.4400      10.3206       0.0000
      4.5041      -0.1400      -0.4400      12.0605       0.0000
      5.2479      -0.1400      -0.7400      10.4805       0.0000
      5.7025       0.1600      -0.7400       9.4148       0.0000
      6.8595       0.4600      -0.7400       6.8849       0.0000
      8.0579       0.7600      -0.7400       4.0687       0.0000
      9.2149       1.0600      -0.7400       4.2720       0.0000
