      0.0000      -1.4000       1.4000       1.0700       0.0900
      0.1240      -1.4000       1.7000       2.0967       0.1000
      0.2479      -1.1000       1.7000       3.6333       0.1200
      0.3306      -1.1000       1.4000       3.5167       0.1133
      0.7851      -0.8000       1.4000       9.7233       0.2767
      0.8678      -0.8000       1.1000      10.9933       0.3200
      1.2810      -0.8000       0.8000      11.3733       0.3433
      1.6116      -0.5000       0.8000      21.3733       1.4833
      1.7355      -0.5000       0.5000      23.5300       2.3267
      2.1901      -0.5000       0.2000      20.5967       1.3733
      2.2727      -0.2000       0.2000      -1.0000       0.0000
      2.7273      -0.2000      -0.2000      25.9133       3.3333
      2.7686       0.2000      -0.2000      29.4100       3.3333
      3.1818       0.5000      -0.2000      18.0267       0.9167
      3.5537       0.8000      -0.2000       9.7433       0.2733
      3.9256       1.1000      -0.2000       8.5467       0.2333
      4.1322       0.2000       0.2000      23.8400       2.3600
