   -3.1414    -3.1416     4.1009
   -3.1414    -2.8416     6.1233
   -3.1414    -2.5416     8.3879
   -3.1414    -2.2416     8.9208
   -3.1414    -1.9416     8.9340
   -3.1414    -1.6416     8.4451
   -3.1414    -1.3416     6.7632
   -3.1414    -1.0416     6.0336
   -3.1414    -0.7416     5.2781
   -3.1414    -0.4416     5.4586
   -3.1414    -0.1416     5.6192
   -3.1414     0.1584     5.5525
   -3.1414     0.4584     5.8642
   -3.1414     0.7584     6.4594
   -3.1414     1.0584     6.2319
   -3.1414     1.3584     6.4920
   -3.1414     1.6584     5.4344
   -3.1414     1.9584     4.2792
   -3.1414     2.2584     2.8189
   -3.1414     2.5584     2.1588
   -3.1414     2.8584     2.5213
   -2.8414    -3.1416     2.0500
   -2.8414    -2.8416     4.2084
   -2.8414    -2.5416     6.1728
   -2.8414    -2.2416     7.0527
   -2.8414    -1.9416     7.4266
   -2.8414    -1.6416     6.8648
   -2.8414    -1.3416     5.2645
   -2.8414    -1.0416     4.0757
   -2.8414    -0.7416     3.6514
   -2.8414    -0.4416     3.4596
   -2.8414    -0.1416     3.0887
   -2.8414     0.1584     2.8621
   -2.8414     0.4584     3.0604
   -2.8414     0.7584     3.8082
   -2.8414     1.0584     4.5332
   -2.8414     1.3584     4.4795
   -2.8414     1.6584     3.5252
   -2.8414     1.9584     2.2533
   -2.8414     2.2584     1.0324
   -2.8414     2.5584     0.4201
   -2.8414     2.8584     0.7804
   -2.5414    -3.1416     1.7370
   -2.5414    -2.8416     3.6741
   -2.5414    -2.5416     5.3553
   -2.5414    -2.2416     6.6318
   -2.5414    -1.9416     7.4709
   -2.5414    -1.6416     5.8810
   -2.5414    -1.3416     4.7180
   -2.5414    -1.0416     3.8114
   -2.5414    -0.7416     3.0927
   -2.5414    -0.4416     2.4450
   -2.5414    -0.1416     1.8500
   -2.5414     0.1584     1.7833
   -2.5414     0.4584     2.3079
   -2.5414     0.7584     3.0908
   -2.5414     1.0584     3.7335
   -2.5414     1.3584     3.7645
   -2.5414     1.6584     3.1486
   -2.5414     1.9584     1.8599
   -2.5414     2.2584     0.6933
   -2.5414     2.5584     0.1638
   -2.5414     2.8584     0.5802
   -2.2414    -3.1416     2.0878
   -2.2414    -2.8416     3.9492
   -2.2414    -2.5416     5.7633
   -2.2414    -2.2416     6.2688
   -2.2414    -1.9416     6.7382
   -2.2414    -1.6416     6.0063
   -2.2414    -1.3416     4.9352
   -2.2414    -1.0416     3.7494
   -2.2414    -0.7416     2.7388
   -2.2414    -0.4416     1.8626
   -2.2414    -0.1416     1.3903
   -2.2414     0.1584     1.5464
   -2.2414     0.4584     2.2278
   -2.2414     0.7584     3.0996
   -2.2414     1.0584     3.7433
   -2.2414     1.3584     3.7668
   -2.2414     1.6584     3.2054
   -2.2414     1.9584     2.1002
   -2.2414     2.2584     0.9927
   -2.2414     2.5584     0.5063
   -2.2414     2.8584     0.9146
   -1.9414    -3.1416     2.1541
   -1.9414    -2.8416     3.9067
   -1.9414    -2.5416     5.4979
   -1.9414    -2.2416     6.7918
   -1.9414    -1.9416     7.1053
   -1.9414    -1.6416     6.1992
   -1.9414    -1.3416     4.8251
   -1.9414    -1.0416     3.2550
   -1.9414    -0.7416     1.9942
   -1.9414    -0.4416     1.1519
   -1.9414    -0.1416     0.8713
   -1.9414     0.1584     1.3601
   -1.9414     0.4584     2.1534
   -1.9414     0.7584     2.9352
   -1.9414     1.0584     3.4217
   -1.9414     1.3584     3.4921
   -1.9414     1.6584     2.9897
   -1.9414     1.9584     1.9878
   -1.9414     2.2584     0.9601
   -1.9414     2.5584     0.5017
   -1.9414     2.8584     0.9446
   -1.6414    -3.1416     1.9185
   -1.6414    -2.8416     4.1547
   -1.6414    -2.5416     5.8266
   -1.6414    -2.2416     7.3353
   -1.6414    -1.9416     6.7627
   -1.6414    -1.6416     5.8983
   -1.6414    -1.3416     4.0958
   -1.6414    -1.0416     2.4896
   -1.6414    -0.7416     1.1351
   -1.6414    -0.4416     0.3989
   -1.6414    -0.1416     0.5287
   -1.6414     0.1584     1.3024
   -1.6414     0.4584     2.1243
   -1.6414     0.7584     2.6670
   -1.6414     1.0584     2.9959
   -1.6414     1.3584     3.1068
   -1.6414     1.6584     2.4943
   -1.6414     1.9584     1.4731
   -1.6414     2.2584     0.4993
   -1.6414     2.5584     0.0703
   -1.6414     2.8584     0.5671
   -1.3414    -3.1416     2.5964
   -1.3414    -2.8416     5.2896
   -1.3414    -2.5416     7.8557
   -1.3414    -2.2416     8.2287
   -1.3414    -1.9416     7.9569
   -1.3414    -1.6416     6.4177
   -1.3414    -1.3416     4.1895
   -1.3414    -1.0416     2.0962
   -1.3414    -0.7416     0.8752
   -1.3414    -0.4416     0.5316
   -1.3414    -0.1416     1.2386
   -1.3414     0.1584     2.4014
   -1.3414     0.4584     3.2976
   -1.3414     0.7584     3.7059
   -1.3414     1.0584     3.9858
   -1.3414     1.3584     3.6614
   -1.3414     1.6584     2.5428
   -1.3414     1.9584     1.3147
   -1.3414     2.2584     0.3053
   -1.3414     2.5584 0.0
   -1.3414     2.8584     0.7766
   -1.0414    -3.1416     5.2090
   -1.0414    -2.8416     8.6628
   -1.0414    -2.5416 100
   -1.0414    -2.2416 100
   -1.0414    -1.9416 100
   -1.0414    -1.6416     7.3254
   -1.0414    -1.3416     4.9487
   -1.0414    -1.0416     2.7979
   -1.0414    -0.7416     1.9716
   -1.0414    -0.4416     2.4434
   -1.0414    -0.1416     3.8443
   -1.0414     0.1584     5.6694
   -1.0414     0.4584     6.5235
   -1.0414     0.7584     6.8409
   -1.0414     1.0584     7.3866
   -1.0414     1.3584     5.5361
   -1.0414     1.6584     3.6680
   -1.0414     1.9584     2.1791
   -1.0414     2.2584     1.1970
   -1.0414     2.5584     1.2030
   -1.0414     2.8584     2.5803
   -0.7414    -3.1416    10.3225
   -0.7414    -2.8416 100
   -0.7414    -2.5416 100
   -0.7414    -2.2416 100
   -0.7414    -1.9416    11.2282
   -0.7414    -1.6416     8.2279
   -0.7414    -1.3416     6.4149
   -0.7414    -1.0416     4.8584
   -0.7414    -0.7416     5.1461
   -0.7414    -0.4416     6.5491
   -0.7414    -0.1416     9.1268
   -0.7414     0.1584 100
   -0.7414     0.4584 100
   -0.7414     0.7584 100
   -0.7414     1.0584     8.9093
   -0.7414     1.3584     8.2397
   -0.7414     1.6584     5.4926
   -0.7414     1.9584     4.1718
   -0.7414     2.2584     3.4762
   -0.7414     2.5584     4.1755
   -0.7414     2.8584     6.2246
   -0.4414    -3.1416 100
   -0.4414    -2.8416 100
   -0.4414    -2.5416 100
   -0.4414    -2.2416 100
   -0.4414    -1.9416 100
   -0.4414    -1.6416    10.1789
   -0.4414    -1.3416     8.0517
   -0.4414    -1.0416     7.6940
   -0.4414    -0.7416     9.2783
   -0.4414    -0.4416    10.9803
   -0.4414    -0.1416 100
   -0.4414     0.1584 100
   -0.4414     0.4584 100
   -0.4414     0.7584 100
   -0.4414     1.0584    13.5538
   -0.4414     1.3584     8.0951
   -0.4414     1.6584     7.3730
   -0.4414     1.9584     6.5747
   -0.4414     2.2584     6.7124
   -0.4414     2.5584     7.5124
   -0.4414     2.8584     9.6911
   -0.1414    -3.1416 100
   -0.1414    -2.8416 100
   -0.1414    -2.5416 100
   -0.1414    -2.2416 100
   -0.1414    -1.9416 100
   -0.1414    -1.6416    12.7138
   -0.1414    -1.3416     9.9653
   -0.1414    -1.0416 100
   -0.1414    -0.7416 100
   -0.1414    -0.4416 100
   -0.1414    -0.1416     6.5451
   -0.1414     0.1584 100
   -0.1414     0.4584 100
   -0.1414     0.7584 100
   -0.1414     1.0584     9.3057
   -0.1414     1.3584     8.7376
   -0.1414     1.6584     8.8024
   -0.1414     1.9584     8.4940
   -0.1414     2.2584    10.3673
   -0.1414     2.5584 100
   -0.1414     2.8584 100
    0.1586    -3.1416 100
    0.1586    -2.8416 100
    0.1586    -2.5416     9.8994
    0.1586    -2.2416    10.9329
    0.1586    -1.9416     8.0706
    0.1586    -1.6416    10.4634
    0.1586    -1.3416     9.9885
    0.1586    -1.0416    10.9161
    0.1586    -0.7416 100
    0.1586    -0.4416    12.1653
    0.1586    -0.1416 100
    0.1586     0.1584    10.5869
    0.1586     0.4584     9.1829
    0.1586     0.7584     7.0607
    0.1586     1.0584     6.6592
    0.1586     1.3584     7.5691
    0.1586     1.6584     9.0907
    0.1586     1.9584    11.2356
    0.1586     2.2584 100
    0.1586     2.5584 100
    0.1586     2.8584    10.3268
    0.4586    -3.1416     7.8598
    0.4586    -2.8416     7.2242
    0.4586    -2.5416     6.9089
    0.4586    -2.2416     7.1400
    0.4586    -1.9416     7.7413
    0.4586    -1.6416     8.2417
    0.4586    -1.3416     7.7061
    0.4586    -1.0416     9.8627
    0.4586    -0.7416     9.8669
    0.4586    -0.4416     8.8031
    0.4586    -0.1416     7.1638
    0.4586     0.1584     5.6599
    0.4586     0.4584     4.2961
    0.4586     0.7584     4.0957
    0.4586     1.0584     4.8078
    0.4586     1.3584     6.3512
    0.4586     1.6584     7.3943
    0.4586     1.9584     8.3099
    0.4586     2.2584     9.1020
    0.4586     2.5584     9.0357
    0.4586     2.8584     8.5246
    0.7586    -3.1416     5.0932
    0.7586    -2.8416     5.7273
    0.7586    -2.5416     5.8452
    0.7586    -2.2416     6.6000
    0.7586    -1.9416     6.7806
    0.7586    -1.6416     6.9207
    0.7586    -1.3416     6.8422
    0.7586    -1.0416     6.3450
    0.7586    -0.7416     5.6608
    0.7586    -0.4416     5.2393
    0.7586    -0.1416     4.0035
    0.7586     0.1584     3.0255
    0.7586     0.4584     2.5784
    0.7586     0.7584     3.2050
    0.7586     1.0584     4.4480
    0.7586     1.3584     5.7933
    0.7586     1.6584     6.7928
    0.7586     1.9584     7.6651
    0.7586     2.2584     6.6603
    0.7586     2.5584     5.8971
    0.7586     2.8584     5.4827
    1.0586    -3.1416     5.5336
    1.0586    -2.8416     6.7645
    1.0586    -2.5416     8.1644
    1.0586    -2.2416     7.6143
    1.0586    -1.9416     7.7146
    1.0586    -1.6416     7.3856
    1.0586    -1.3416     6.7704
    1.0586    -1.0416     6.1093
    1.0586    -0.7416     5.4781
    1.0586    -0.4416     4.7964
    1.0586    -0.1416     3.9074
    1.0586     0.1584     3.3827
    1.0586     0.4584     3.6348
    1.0586     0.7584     4.7410
    1.0586     1.0584     6.1713
    1.0586     1.3584     7.7670
    1.0586     1.6584     7.5040
    1.0586     1.9584     7.1964
    1.0586     2.2584     6.0789
    1.0586     2.5584     5.5281
    1.0586     2.8584     5.5663
    1.3586    -3.1416    11.3622
    1.3586    -2.8416    11.0028
    1.3586    -2.5416    10.7399
    1.3586    -2.2416 100
    1.3586    -1.9416 100
    1.3586    -1.6416    10.3158
    1.3586    -1.3416     8.9478
    1.3586    -1.0416     8.6502
    1.3586    -0.7416     9.4082
    1.3586    -0.4416     7.0796
    1.3586    -0.1416     7.5909
    1.3586     0.1584     7.1643
    1.3586     0.4584     7.6213
    1.3586     0.7584     8.4828
    1.3586     1.0584    10.8136
    1.3586     1.3584 100
    1.3586     1.6584 100
    1.3586     1.9584     9.1617
    1.3586     2.2584     9.1534
    1.3586     2.5584     7.7835
    1.3586     2.8584     9.1857
    1.6586    -3.1416 100
    1.6586    -2.8416 100
    1.6586    -2.5416 100
    1.6586    -2.2416 100
    1.6586    -1.9416 100
    1.6586    -1.6416 100
    1.6586    -1.3416 100
    1.6586    -1.0416 100
    1.6586    -0.7416 100
    1.6586    -0.4416 100
    1.6586    -0.1416 100
    1.6586     0.1584    11.4570
    1.6586     0.4584 100
    1.6586     0.7584 100
    1.6586     1.0584 100
    1.6586     1.3584 100
    1.6586     1.6584 100
    1.6586     1.9584 100
    1.6586     2.2584 100
    1.6586     2.5584    13.2338
    1.6586     2.8584 100
    1.9586    -3.1416 100
    1.9586    -2.8416 100
    1.9586    -2.5416 100
    1.9586    -2.2416 100
    1.9586    -1.9416 100
    1.9586    -1.6416 100
    1.9586    -1.3416 100
    1.9586    -1.0416 100
    1.9586    -0.7416 100
    1.9586    -0.4416 100
    1.9586    -0.1416 100
    1.9586     0.1584 100
    1.9586     0.4584 100
    1.9586     0.7584 100
    1.9586     1.0584 100
    1.9586     1.3584 100
    1.9586     1.6584 100
    1.9586     1.9584 100
    1.9586     2.2584 100
    1.9586     2.5584 100
    1.9586     2.8584 100
    2.2586    -3.1416 100
    2.2586    -2.8416 100
    2.2586    -2.5416 100
    2.2586    -2.2416 100
    2.2586    -1.9416 100
    2.2586    -1.6416 100
    2.2586    -1.3416 100
    2.2586    -1.0416 100
    2.2586    -0.7416 100
    2.2586    -0.4416 100
    2.2586    -0.1416 100
    2.2586     0.1584 100
    2.2586     0.4584 100
    2.2586     0.7584 100
    2.2586     1.0584 100
    2.2586     1.3584 100
    2.2586     1.6584 100
    2.2586     1.9584 100
    2.2586     2.2584 100
    2.2586     2.5584 100
    2.2586     2.8584 100
    2.5586    -3.1416 100
    2.5586    -2.8416 100
    2.5586    -2.5416 100
    2.5586    -2.2416 100
    2.5586    -1.9416 100
    2.5586    -1.6416 100
    2.5586    -1.3416 100
    2.5586    -1.0416 100
    2.5586    -0.7416 100
    2.5586    -0.4416    10.2371
    2.5586    -0.1416 100
    2.5586     0.1584 100
    2.5586     0.4584 100
    2.5586     0.7584 100
    2.5586     1.0584 100
    2.5586     1.3584 100
    2.5586     1.6584 100
    2.5586     1.9584 100
    2.5586     2.2584 100
    2.5586     2.5584 100
    2.5586     2.8584    11.4132
    2.8586    -3.1416     7.5666
    2.8586    -2.8416    10.0721
    2.8586    -2.5416 100
    2.8586    -2.2416 100
    2.8586    -1.9416 100
    2.8586    -1.6416 100
    2.8586    -1.3416    10.5502
    2.8586    -1.0416     8.7643
    2.8586    -0.7416     7.8525
    2.8586    -0.4416    10.9097
    2.8586    -0.1416     8.7465
    2.8586     0.1584 100
    2.8586     0.4584     9.2997
    2.8586     0.7584 100
    2.8586     1.0584    10.7962
    2.8586     1.3584    13.9124
    2.8586     1.6584 100
    2.8586     1.9584     8.2024
    2.8586     2.2584     6.7111
    2.8586     2.5584     5.8755
    2.8586     2.8584     6.8356
