      0.0000      -1.4000       1.1000       0.2967       0.0833
      0.4959      -1.4000       0.8000       0.4367       0.0833
      0.7025      -1.1000       0.8000       3.2233       0.1100
      1.4463      -1.1000       0.5000       3.7367       0.1167
      1.9421      -0.8000       0.5000      11.1400       0.3233
      2.4380      -0.8000       0.2000       9.9067       0.2733
      3.1818      -0.5000       0.2000      20.5967       1.3733
      3.3884      -0.5000      -0.2000      17.6733       0.9133
      4.3802      -0.5000      -0.5000      18.1400       0.9333
      4.4215      -0.2000      -0.5000      22.7400       1.9500
      5.3719      -0.2000      -0.8000      28.0667       3.2000
      5.6612       0.2000      -0.8000      24.4267       2.3733
      6.9008       0.5000      -0.8000      18.0667       0.9433
      8.1405       0.8000      -0.8000       9.3933       0.2600
      9.3802       1.1000      -0.8000       7.3000       0.1900
