-3.140000e+00 -3.140000e+00 3.008822e+00
-3.140000e+00 -2.940000e+00 3.833140e+00
-3.140000e+00 -2.740000e+00 5.260677e+00
-3.140000e+00 -2.540000e+00 5.931935e+00
-3.140000e+00 -2.340000e+00 7.028610e+00
-3.140000e+00 -2.140000e+00 8.220537e+00
-3.140000e+00 -1.940000e+00 9.592039e+00
-3.140000e+00 -1.740000e+00 8.495364e+00
-3.140000e+00 -1.540000e+00 8.806937e+00
-3.140000e+00 -1.340000e+00 6.603193e+00
-3.140000e+00 -1.140000e+00 6.603193e+00
-3.140000e+00 -9.400000e-01 5.334757e+00
-3.140000e+00 -7.400000e-01 6.357352e+00
-3.140000e+00 -5.400000e-01 6.878020e+00
-3.140000e+00 -3.400000e-01 6.878020e+00
-3.140000e+00 -1.400000e-01 7.362512e+00
-3.140000e+00 6.000000e-02 8.220537e+00
-3.140000e+00 2.600000e-01 7.752305e+00
-3.140000e+00 4.600000e-01 6.134962e+00
-3.140000e+00 6.600000e-01 6.243508e+00
-3.140000e+00 8.600000e-01 6.357352e+00
-3.140000e+00 1.060000e+00 7.028610e+00
-3.140000e+00 1.260000e+00 6.603193e+00
-3.140000e+00 1.460000e+00 6.477037e+00
-3.140000e+00 1.660000e+00 5.836684e+00
-3.140000e+00 1.860000e+00 3.643334e+00
-3.140000e+00 2.060000e+00 4.083380e+00
-3.140000e+00 2.260000e+00 3.304576e+00
-3.140000e+00 2.460000e+00 2.215797e+00
-3.140000e+00 2.660000e+00 1.609706e+00
-3.140000e+00 2.860000e+00 2.044291e+00
-3.140000e+00 3.060000e+00 4.740009e+00

-2.940000e+00 -3.140000e+00 1.954190e+00
-2.940000e+00 -2.940000e+00 2.697248e+00
-2.940000e+00 -2.740000e+00 4.219340e+00
-2.940000e+00 -2.540000e+00 5.411267e+00
-2.940000e+00 -2.340000e+00 7.028610e+00
-2.940000e+00 -2.140000e+00 7.549279e+00
-2.940000e+00 -1.940000e+00 8.806937e+00
-2.940000e+00 -1.740000e+00 8.220537e+00
-2.940000e+00 -1.540000e+00 7.752305e+00
-2.940000e+00 -1.340000e+00 7.549279e+00
-2.940000e+00 -1.140000e+00 6.878020e+00
-2.940000e+00 -9.400000e-01 5.411267e+00
-2.940000e+00 -7.400000e-01 5.411267e+00
-2.940000e+00 -5.400000e-01 5.836684e+00
-2.940000e+00 -3.400000e-01 5.836684e+00
-2.940000e+00 -1.400000e-01 5.260677e+00
-2.940000e+00 6.000000e-02 5.188877e+00
-2.940000e+00 2.600000e-01 5.260677e+00
-2.940000e+00 4.600000e-01 5.051582e+00
-2.940000e+00 6.600000e-01 5.411267e+00
-2.940000e+00 8.600000e-01 4.985850e+00
-2.940000e+00 1.060000e+00 5.657108e+00
-2.940000e+00 1.260000e+00 4.465182e+00
-2.940000e+00 1.460000e+00 5.051582e+00
-2.940000e+00 1.660000e+00 3.571533e+00
-2.940000e+00 1.860000e+00 3.122665e+00
-2.940000e+00 2.060000e+00 2.358490e+00
-2.940000e+00 2.260000e+00 1.594505e+00
-2.940000e+00 2.460000e+00 9.499135e-01
-2.940000e+00 2.660000e+00 5.787626e-01
-2.940000e+00 2.860000e+00 5.016206e-01
-2.940000e+00 3.060000e+00 3.368507e+00

-2.740000e+00 -3.140000e+00 1.055725e+00
-2.740000e+00 -2.940000e+00 2.379607e+00
-2.740000e+00 -2.740000e+00 3.793924e+00
-2.740000e+00 -2.540000e+00 4.921919e+00
-2.740000e+00 -2.340000e+00 5.657108e+00
-2.740000e+00 -2.140000e+00 6.134962e+00
-2.740000e+00 -1.940000e+00 6.878020e+00
-2.740000e+00 -1.740000e+00 6.736563e+00
-2.740000e+00 -1.540000e+00 7.549279e+00
-2.740000e+00 -1.340000e+00 5.745169e+00
-2.740000e+00 -1.140000e+00 5.334757e+00
-2.740000e+00 -9.400000e-01 5.119220e+00
-2.740000e+00 -7.400000e-01 5.745169e+00
-2.740000e+00 -5.400000e-01 5.334757e+00
-2.740000e+00 -3.400000e-01 5.188877e+00
-2.740000e+00 -1.400000e-01 4.626165e+00
-2.740000e+00 6.000000e-02 4.571261e+00
-2.740000e+00 2.600000e-01 3.368507e+00
-2.740000e+00 4.600000e-01 4.219340e+00
-2.740000e+00 6.600000e-01 4.127825e+00
-2.740000e+00 8.600000e-01 3.717414e+00
-2.740000e+00 1.060000e+00 4.465182e+00
-2.740000e+00 1.260000e+00 4.127825e+00
-2.740000e+00 1.460000e+00 3.211848e+00
-2.740000e+00 1.660000e+00 3.093679e+00
-2.740000e+00 1.860000e+00 2.510482e+00
-2.740000e+00 2.060000e+00 1.476336e+00
-2.740000e+00 2.260000e+00 1.204712e+00
-2.740000e+00 2.460000e+00 4.546706e-01
-2.740000e+00 2.660000e+00 0.000000e+00
-2.740000e+00 2.860000e+00 5.398728e-01
-2.740000e+00 3.060000e+00 3.008822e+00

-2.540000e+00 -3.140000e+00 1.609706e+00
-2.540000e+00 -2.940000e+00 2.625448e+00
-2.540000e+00 -2.740000e+00 3.717414e+00
-2.540000e+00 -2.540000e+00 5.188877e+00
-2.540000e+00 -2.340000e+00 5.490371e+00
-2.540000e+00 -2.140000e+00 6.878020e+00
-2.540000e+00 -1.940000e+00 6.134962e+00
-2.540000e+00 -1.740000e+00 7.549279e+00
-2.540000e+00 -1.540000e+00 7.028610e+00
-2.540000e+00 -1.340000e+00 6.477037e+00
-2.540000e+00 -1.140000e+00 5.490371e+00
-2.540000e+00 -9.400000e-01 5.745169e+00
-2.540000e+00 -7.400000e-01 6.031241e+00
-2.540000e+00 -5.400000e-01 5.490371e+00
-2.540000e+00 -3.400000e-01 4.127825e+00
-2.540000e+00 -1.400000e-01 5.119220e+00
-2.540000e+00 6.000000e-02 3.643334e+00
-2.540000e+00 2.600000e-01 3.368507e+00
-2.540000e+00 4.600000e-01 3.717414e+00
-2.540000e+00 6.600000e-01 3.273255e+00
-2.540000e+00 8.600000e-01 3.181740e+00
-2.540000e+00 1.060000e+00 3.152016e+00
-2.540000e+00 1.260000e+00 3.242350e+00
-2.540000e+00 1.460000e+00 2.900275e+00
-2.540000e+00 1.660000e+00 2.533027e+00
-2.540000e+00 1.860000e+00 2.157216e+00
-2.540000e+00 2.060000e+00 1.534672e+00
-2.540000e+00 2.260000e+00 6.891774e-01
-2.540000e+00 2.460000e+00 1.500799e-01
-2.540000e+00 2.660000e+00 3.724703e-01
-2.540000e+00 2.860000e+00 5.689792e-01
-2.540000e+00 3.060000e+00 3.065049e+00

-2.340000e+00 -3.140000e+00 1.703051e+00
-2.340000e+00 -2.940000e+00 3.304576e+00
-2.340000e+00 -2.740000e+00 4.083380e+00
-2.340000e+00 -2.540000e+00 5.119220e+00
-2.340000e+00 -2.340000e+00 5.657108e+00
-2.340000e+00 -2.140000e+00 7.752305e+00
-2.340000e+00 -1.940000e+00 7.362512e+00
-2.340000e+00 -1.740000e+00 7.362512e+00
-2.340000e+00 -1.540000e+00 6.603193e+00
-2.340000e+00 -1.340000e+00 7.189594e+00
-2.340000e+00 -1.140000e+00 6.878020e+00
-2.340000e+00 -9.400000e-01 5.260677e+00
-2.340000e+00 -7.400000e-01 5.260677e+00
-2.340000e+00 -5.400000e-01 5.836684e+00
-2.340000e+00 -3.400000e-01 4.682393e+00
-2.340000e+00 -1.400000e-01 4.173134e+00
-2.340000e+00 6.000000e-02 3.434239e+00
-2.340000e+00 2.600000e-01 3.501876e+00
-2.340000e+00 4.600000e-01 2.926942e+00
-2.340000e+00 6.600000e-01 2.488153e+00
-2.340000e+00 8.600000e-01 2.822055e+00
-2.340000e+00 1.060000e+00 2.746373e+00
-2.340000e+00 1.260000e+00 2.771329e+00
-2.340000e+00 1.460000e+00 2.601997e+00
-2.340000e+00 1.660000e+00 2.275886e+00
-2.340000e+00 1.860000e+00 2.062736e+00
-2.340000e+00 2.060000e+00 1.405409e+00
-2.340000e+00 2.260000e+00 9.614362e-01
-2.340000e+00 2.460000e+00 5.885871e-01
-2.340000e+00 2.660000e+00 3.814620e-01
-2.340000e+00 2.860000e+00 7.622632e-01
-2.340000e+00 3.060000e+00 3.571533e+00

-2.140000e+00 -3.140000e+00 3.008822e+00
-2.140000e+00 -2.940000e+00 3.211848e+00
-2.140000e+00 -2.740000e+00 4.314592e+00
-2.140000e+00 -2.540000e+00 6.736563e+00
-2.140000e+00 -2.340000e+00 6.031241e+00
-2.140000e+00 -2.140000e+00 7.189594e+00
-2.140000e+00 -1.940000e+00 7.974696e+00
-2.140000e+00 -1.740000e+00 8.220537e+00
-2.140000e+00 -1.540000e+00 7.974696e+00
-2.140000e+00 -1.340000e+00 6.736563e+00
-2.140000e+00 -1.140000e+00 6.134962e+00
-2.140000e+00 -9.400000e-01 6.031241e+00
-2.140000e+00 -7.400000e-01 6.134962e+00
-2.140000e+00 -5.400000e-01 4.799084e+00
-2.140000e+00 -3.400000e-01 4.039765e+00
-2.140000e+00 -1.400000e-01 3.607157e+00
-2.140000e+00 6.000000e-02 3.304576e+00
-2.140000e+00 2.600000e-01 2.873909e+00
-2.140000e+00 4.600000e-01 2.488153e+00
-2.140000e+00 6.600000e-01 2.316823e+00
-2.140000e+00 8.600000e-01 2.555791e+00
-2.140000e+00 1.060000e+00 2.337563e+00
-2.140000e+00 1.260000e+00 2.488153e+00
-2.140000e+00 1.460000e+00 2.176580e+00
-2.140000e+00 1.660000e+00 2.118964e+00
-2.140000e+00 1.860000e+00 2.044291e+00
-2.140000e+00 2.060000e+00 1.336574e+00
-2.140000e+00 2.260000e+00 1.256566e+00
-2.140000e+00 2.460000e+00 9.846536e-01
-2.140000e+00 2.660000e+00 1.043729e+00
-2.140000e+00 2.860000e+00 1.116651e+00
-2.140000e+00 3.060000e+00 3.242350e+00

-1.940000e+00 -3.140000e+00 2.926942e+00
-1.940000e+00 -2.940000e+00 4.314592e+00
-1.940000e+00 -2.740000e+00 5.836684e+00
-1.940000e+00 -2.540000e+00 6.477037e+00
-1.940000e+00 -2.340000e+00 7.752305e+00
-1.940000e+00 -2.140000e+00 7.549279e+00
-1.940000e+00 -1.940000e+00 8.806937e+00
-1.940000e+00 -1.740000e+00 8.806937e+00
-1.940000e+00 -1.540000e+00 8.495364e+00
-1.940000e+00 -1.340000e+00 7.752305e+00
-1.940000e+00 -1.140000e+00 6.031241e+00
-1.940000e+00 -9.400000e-01 6.477037e+00
-1.940000e+00 -7.400000e-01 5.188877e+00
-1.940000e+00 -5.400000e-01 4.266480e+00
-1.940000e+00 -3.400000e-01 3.434239e+00
-1.940000e+00 -1.400000e-01 2.953917e+00
-1.940000e+00 6.000000e-02 2.533027e+00
-1.940000e+00 2.600000e-01 2.100070e+00
-1.940000e+00 4.600000e-01 1.989814e+00
-1.940000e+00 6.600000e-01 1.718979e+00
-1.940000e+00 8.600000e-01 1.490784e+00
-1.940000e+00 1.060000e+00 1.323047e+00
-1.940000e+00 1.260000e+00 1.363864e+00
-1.940000e+00 1.460000e+00 1.800288e+00
-1.940000e+00 1.660000e+00 2.157216e+00
-1.940000e+00 1.860000e+00 1.800288e+00
-1.940000e+00 2.060000e+00 1.594505e+00
-1.940000e+00 2.260000e+00 1.377630e+00
-1.940000e+00 2.460000e+00 9.614362e-01
-1.940000e+00 2.660000e+00 1.141474e+00
-1.940000e+00 2.860000e+00 1.989814e+00
-1.940000e+00 3.060000e+00 3.996950e+00

-1.740000e+00 -3.140000e+00 3.152016e+00
-1.740000e+00 -2.940000e+00 4.413898e+00
-1.740000e+00 -2.740000e+00 6.134962e+00
-1.740000e+00 -2.540000e+00 8.495364e+00
-1.740000e+00 -2.340000e+00 7.549279e+00
-1.740000e+00 -2.140000e+00 1.011271e+01
-1.740000e+00 -1.940000e+00 9.166622e+00
-1.740000e+00 -1.740000e+00 9.166622e+00
-1.740000e+00 -1.540000e+00 8.220537e+00
-1.740000e+00 -1.340000e+00 7.549279e+00
-1.740000e+00 -1.140000e+00 6.477037e+00
-1.740000e+00 -9.400000e-01 6.031241e+00
-1.740000e+00 -7.400000e-01 4.571261e+00
-1.740000e+00 -5.400000e-01 3.833140e+00
-1.740000e+00 -3.400000e-01 2.697248e+00
-1.740000e+00 -1.400000e-01 2.578780e+00
-1.740000e+00 6.000000e-02 1.687232e+00
-1.740000e+00 2.600000e-01 1.217568e+00
-1.740000e+00 4.600000e-01 9.384475e-01
-1.740000e+00 6.600000e-01 5.592367e-01
-1.740000e+00 8.600000e-01 7.411469e-01
-1.740000e+00 1.060000e+00 6.789210e-01
-1.740000e+00 1.260000e+00 9.043836e-01
-1.740000e+00 1.460000e+00 1.433521e+00
-1.740000e+00 1.660000e+00 1.549487e+00
-1.740000e+00 1.860000e+00 1.549487e+00
-1.740000e+00 2.060000e+00 1.405409e+00
-1.740000e+00 2.260000e+00 1.490784e+00
-1.740000e+00 2.460000e+00 1.217568e+00
-1.740000e+00 2.660000e+00 1.296227e+00
-1.740000e+00 2.860000e+00 1.767423e+00
-1.740000e+00 3.060000e+00 4.859693e+00

-1.540000e+00 -3.140000e+00 3.093679e+00
-1.540000e+00 -2.940000e+00 5.119220e+00
-1.540000e+00 -2.740000e+00 7.028610e+00
-1.540000e+00 -2.540000e+00 8.806937e+00
-1.540000e+00 -2.340000e+00 9.592039e+00
-1.540000e+00 -2.140000e+00 9.592039e+00
-1.540000e+00 -1.940000e+00 1.078397e+01
-1.540000e+00 -1.740000e+00 1.078397e+01
-1.540000e+00 -1.540000e+00 1.078397e+01
-1.540000e+00 -1.340000e+00 6.736563e+00
-1.540000e+00 -1.140000e+00 6.603193e+00
-1.540000e+00 -9.400000e-01 5.931935e+00
-1.540000e+00 -7.400000e-01 4.859693e+00
-1.540000e+00 -5.400000e-01 3.152016e+00
-1.540000e+00 -3.400000e-01 2.358490e+00
-1.540000e+00 -1.400000e-01 1.884533e+00
-1.540000e+00 6.000000e-02 1.703051e+00
-1.540000e+00 2.600000e-01 1.166564e+00
-1.540000e+00 4.600000e-01 6.484195e-01
-1.540000e+00 6.600000e-01 4.921547e-01
-1.540000e+00 8.600000e-01 2.162782e-01
-1.540000e+00 1.060000e+00 2.246866e-01
-1.540000e+00 1.260000e+00 6.383403e-01
-1.540000e+00 1.460000e+00 9.614362e-01
-1.540000e+00 1.660000e+00 7.728934e-01
-1.540000e+00 1.860000e+00 1.043729e+00
-1.540000e+00 2.060000e+00 1.141474e+00
-1.540000e+00 2.260000e+00 1.153985e+00
-1.540000e+00 2.460000e+00 1.179211e+00
-1.540000e+00 2.660000e+00 1.640408e+00
-1.540000e+00 2.860000e+00 2.100070e+00
-1.540000e+00 3.060000e+00 5.119220e+00

-1.340000e+00 -3.140000e+00 4.219340e+00
-1.340000e+00 -2.940000e+00 6.477037e+00
-1.340000e+00 -2.740000e+00 8.220537e+00
-1.340000e+00 -2.540000e+00 9.592039e+00
-1.340000e+00 -2.340000e+00 1.011271e+01
-1.340000e+00 -2.140000e+00 1.173005e+01
-1.340000e+00 -1.940000e+00 1.011271e+01
-1.340000e+00 -1.740000e+00 -2.333333e+00
-1.340000e+00 -1.540000e+00 8.220537e+00
-1.340000e+00 -1.340000e+00 7.549279e+00
-1.340000e+00 -1.140000e+00 6.603193e+00
-1.340000e+00 -9.400000e-01 5.051582e+00
-1.340000e+00 -7.400000e-01 4.173134e+00
-1.340000e+00 -5.400000e-01 3.036766e+00
-1.340000e+00 -3.400000e-01 2.578780e+00
-1.340000e+00 -1.400000e-01 1.751163e+00
-1.340000e+00 6.000000e-02 1.816895e+00
-1.340000e+00 2.600000e-01 1.256566e+00
-1.340000e+00 4.600000e-01 7.516812e-01
-1.340000e+00 6.600000e-01 1.104338e+00
-1.340000e+00 8.600000e-01 9.846536e-01
-1.340000e+00 1.060000e+00 6.994791e-01
-1.340000e+00 1.260000e+00 5.689792e-01
-1.340000e+00 1.460000e+00 1.204712e+00
-1.340000e+00 1.660000e+00 1.296227e+00
-1.340000e+00 1.860000e+00 1.166564e+00
-1.340000e+00 2.060000e+00 1.256566e+00
-1.340000e+00 2.260000e+00 1.405409e+00
-1.340000e+00 2.460000e+00 1.579402e+00
-1.340000e+00 2.660000e+00 2.044291e+00
-1.340000e+00 2.860000e+00 2.721681e+00
-1.340000e+00 3.060000e+00 5.836684e+00

-1.140000e+00 -3.140000e+00 6.134962e+00
-1.140000e+00 -2.940000e+00 8.220537e+00
-1.140000e+00 -2.740000e+00 9.592039e+00
-1.140000e+00 -2.540000e+00 1.078397e+01
-1.140000e+00 -2.340000e+00 1.334739e+01
-1.140000e+00 -2.140000e+00 1.334739e+01
-1.140000e+00 -1.940000e+00 1.173005e+01
-1.140000e+00 -1.740000e+00 1.078397e+01
-1.140000e+00 -1.540000e+00 1.011271e+01
-1.140000e+00 -1.340000e+00 7.974696e+00
-1.140000e+00 -1.140000e+00 6.357352e+00
-1.140000e+00 -9.400000e-01 4.571261e+00
-1.140000e+00 -7.400000e-01 3.793924e+00
-1.140000e+00 -5.400000e-01 2.337563e+00
-1.140000e+00 -3.400000e-01 2.510482e+00
-1.140000e+00 -1.400000e-01 1.989814e+00
-1.140000e+00 6.000000e-02 1.687232e+00
-1.140000e+00 2.600000e-01 1.671519e+00
-1.140000e+00 4.600000e-01 1.671519e+00
-1.140000e+00 6.600000e-01 2.062736e+00
-1.140000e+00 8.600000e-01 2.118964e+00
-1.140000e+00 1.060000e+00 1.640408e+00
-1.140000e+00 1.260000e+00 1.703051e+00
-1.140000e+00 1.460000e+00 2.044291e+00
-1.140000e+00 1.660000e+00 2.025990e+00
-1.140000e+00 1.860000e+00 1.816895e+00
-1.140000e+00 2.060000e+00 1.800288e+00
-1.140000e+00 2.260000e+00 1.625006e+00
-1.140000e+00 2.460000e+00 2.157216e+00
-1.140000e+00 2.660000e+00 2.578780e+00
-1.140000e+00 2.860000e+00 3.304576e+00
-1.140000e+00 3.060000e+00 7.028610e+00

-9.400000e-01 -3.140000e+00 7.752305e+00
-9.400000e-01 -2.940000e+00 1.173005e+01
-9.400000e-01 -2.740000e+00 -2.333333e+00
-9.400000e-01 -2.540000e+00 -2.333333e+00
-9.400000e-01 -2.340000e+00 1.173005e+01
-9.400000e-01 -2.140000e+00 1.334739e+01
-9.400000e-01 -1.940000e+00 1.334739e+01
-9.400000e-01 -1.740000e+00 1.173005e+01
-9.400000e-01 -1.540000e+00 9.592039e+00
-9.400000e-01 -1.340000e+00 7.974696e+00
-9.400000e-01 -1.140000e+00 7.028610e+00
-9.400000e-01 -9.400000e-01 4.517618e+00
-9.400000e-01 -7.400000e-01 4.173134e+00
-9.400000e-01 -5.400000e-01 3.873027e+00
-9.400000e-01 -3.400000e-01 2.900275e+00
-9.400000e-01 -1.400000e-01 2.900275e+00
-9.400000e-01 6.000000e-02 2.847838e+00
-9.400000e-01 2.600000e-01 3.122665e+00
-9.400000e-01 4.600000e-01 3.501876e+00
-9.400000e-01 6.600000e-01 4.921919e+00
-9.400000e-01 8.600000e-01 3.643334e+00
-9.400000e-01 1.060000e+00 3.434239e+00
-9.400000e-01 1.260000e+00 3.755355e+00
-9.400000e-01 1.460000e+00 2.771329e+00
-9.400000e-01 1.660000e+00 2.873909e+00
-9.400000e-01 1.860000e+00 3.065049e+00
-9.400000e-01 2.060000e+00 3.152016e+00
-9.400000e-01 2.260000e+00 3.336322e+00
-9.400000e-01 2.460000e+00 3.643334e+00
-9.400000e-01 2.660000e+00 4.571261e+00
-9.400000e-01 2.860000e+00 6.477037e+00
-9.400000e-01 3.060000e+00 9.592039e+00

-7.400000e-01 -3.140000e+00 1.334739e+01
-7.400000e-01 -2.940000e+00 -2.333333e+00
-7.400000e-01 -2.740000e+00 -2.333333e+00
-7.400000e-01 -2.540000e+00 -2.333333e+00
-7.400000e-01 -2.340000e+00 -2.333333e+00
-7.400000e-01 -2.140000e+00 -2.333333e+00
-7.400000e-01 -1.940000e+00 -2.333333e+00
-7.400000e-01 -1.740000e+00 1.334739e+01
-7.400000e-01 -1.540000e+00 1.011271e+01
-7.400000e-01 -1.340000e+00 9.592039e+00
-7.400000e-01 -1.140000e+00 6.134962e+00
-7.400000e-01 -9.400000e-01 5.657108e+00
-7.400000e-01 -7.400000e-01 4.517618e+00
-7.400000e-01 -5.400000e-01 4.465182e+00
-7.400000e-01 -3.400000e-01 4.039765e+00
-7.400000e-01 -1.400000e-01 5.260677e+00
-7.400000e-01 6.000000e-02 5.334757e+00
-7.400000e-01 2.600000e-01 4.859693e+00
-7.400000e-01 4.600000e-01 7.189594e+00
-7.400000e-01 6.600000e-01 6.736563e+00
-7.400000e-01 8.600000e-01 6.031241e+00
-7.400000e-01 1.060000e+00 5.411267e+00
-7.400000e-01 1.260000e+00 5.745169e+00
-7.400000e-01 1.460000e+00 5.411267e+00
-7.400000e-01 1.660000e+00 5.490371e+00
-7.400000e-01 1.860000e+00 4.682393e+00
-7.400000e-01 2.060000e+00 4.859693e+00
-7.400000e-01 2.260000e+00 5.334757e+00
-7.400000e-01 2.460000e+00 5.657108e+00
-7.400000e-01 2.660000e+00 7.752305e+00
-7.400000e-01 2.860000e+00 1.078397e+01
-7.400000e-01 3.060000e+00 1.334739e+01

-5.400000e-01 -3.140000e+00 -2.333333e+00
-5.400000e-01 -2.940000e+00 -2.333333e+00
-5.400000e-01 -2.740000e+00 -2.333333e+00
-5.400000e-01 -2.540000e+00 -2.333333e+00
-5.400000e-01 -2.340000e+00 -2.333333e+00
-5.400000e-01 -2.140000e+00 -2.333333e+00
-5.400000e-01 -1.940000e+00 -2.333333e+00
-5.400000e-01 -1.740000e+00 1.334739e+01
-5.400000e-01 -1.540000e+00 9.166622e+00
-5.400000e-01 -1.340000e+00 9.592039e+00
-5.400000e-01 -1.140000e+00 7.752305e+00
-5.400000e-01 -9.400000e-01 6.603193e+00
-5.400000e-01 -7.400000e-01 5.931935e+00
-5.400000e-01 -5.400000e-01 5.334757e+00
-5.400000e-01 -3.400000e-01 6.243508e+00
-5.400000e-01 -1.400000e-01 6.878020e+00
-5.400000e-01 6.000000e-02 7.028610e+00
-5.400000e-01 2.600000e-01 7.549279e+00
-5.400000e-01 4.600000e-01 6.603193e+00
-5.400000e-01 6.600000e-01 7.549279e+00
-5.400000e-01 8.600000e-01 9.592039e+00
-5.400000e-01 1.060000e+00 8.806937e+00
-5.400000e-01 1.260000e+00 7.189594e+00
-5.400000e-01 1.460000e+00 7.549279e+00
-5.400000e-01 1.660000e+00 6.736563e+00
-5.400000e-01 1.860000e+00 7.028610e+00
-5.400000e-01 2.060000e+00 7.189594e+00
-5.400000e-01 2.260000e+00 7.752305e+00
-5.400000e-01 2.460000e+00 9.592039e+00
-5.400000e-01 2.660000e+00 1.173005e+01
-5.400000e-01 2.860000e+00 1.173005e+01
-5.400000e-01 3.060000e+00 -2.333333e+00

-3.400000e-01 -3.140000e+00 -2.333333e+00
-3.400000e-01 -2.940000e+00 1.334739e+01
-3.400000e-01 -2.740000e+00 -2.333333e+00
-3.400000e-01 -2.540000e+00 -2.333333e+00
-3.400000e-01 -2.340000e+00 -2.333333e+00
-3.400000e-01 -2.140000e+00 -2.333333e+00
-3.400000e-01 -1.940000e+00 1.334739e+01
-3.400000e-01 -1.740000e+00 9.166622e+00
-3.400000e-01 -1.540000e+00 1.011271e+01
-3.400000e-01 -1.340000e+00 7.752305e+00
-3.400000e-01 -1.140000e+00 6.477037e+00
-3.400000e-01 -9.400000e-01 7.028610e+00
-3.400000e-01 -7.400000e-01 7.362512e+00
-3.400000e-01 -5.400000e-01 7.189594e+00
-3.400000e-01 -3.400000e-01 7.974696e+00
-3.400000e-01 -1.400000e-01 7.752305e+00
-3.400000e-01 6.000000e-02 8.220537e+00
-3.400000e-01 2.600000e-01 8.806937e+00
-3.400000e-01 4.600000e-01 1.011271e+01
-3.400000e-01 6.600000e-01 8.495364e+00
-3.400000e-01 8.600000e-01 9.166622e+00
-3.400000e-01 1.060000e+00 7.974696e+00
-3.400000e-01 1.260000e+00 7.974696e+00
-3.400000e-01 1.460000e+00 9.592039e+00
-3.400000e-01 1.660000e+00 9.592039e+00
-3.400000e-01 1.860000e+00 9.166622e+00
-3.400000e-01 2.060000e+00 9.592039e+00
-3.400000e-01 2.260000e+00 1.011271e+01
-3.400000e-01 2.460000e+00 1.334739e+01
-3.400000e-01 2.660000e+00 -2.333333e+00
-3.400000e-01 2.860000e+00 -2.333333e+00
-3.400000e-01 3.060000e+00 -2.333333e+00

-1.400000e-01 -3.140000e+00 -2.333333e+00
-1.400000e-01 -2.940000e+00 1.334739e+01
-1.400000e-01 -2.740000e+00 -2.333333e+00
-1.400000e-01 -2.540000e+00 -2.333333e+00
-1.400000e-01 -2.340000e+00 1.334739e+01
-1.400000e-01 -2.140000e+00 -2.333333e+00
-1.400000e-01 -1.940000e+00 1.173005e+01
-1.400000e-01 -1.740000e+00 1.334739e+01
-1.400000e-01 -1.540000e+00 1.078397e+01
-1.400000e-01 -1.340000e+00 7.974696e+00
-1.400000e-01 -1.140000e+00 7.974696e+00
-1.400000e-01 -9.400000e-01 7.362512e+00
-1.400000e-01 -7.400000e-01 1.011271e+01
-1.400000e-01 -5.400000e-01 7.028610e+00
-1.400000e-01 -3.400000e-01 7.362512e+00
-1.400000e-01 -1.400000e-01 7.974696e+00
-1.400000e-01 6.000000e-02 8.220537e+00
-1.400000e-01 2.600000e-01 1.078397e+01
-1.400000e-01 4.600000e-01 1.173005e+01
-1.400000e-01 6.600000e-01 1.078397e+01
-1.400000e-01 8.600000e-01 8.806937e+00
-1.400000e-01 1.060000e+00 9.166622e+00
-1.400000e-01 1.260000e+00 1.078397e+01
-1.400000e-01 1.460000e+00 1.011271e+01
-1.400000e-01 1.660000e+00 1.011271e+01
-1.400000e-01 1.860000e+00 9.592039e+00
-1.400000e-01 2.060000e+00 1.334739e+01
-1.400000e-01 2.260000e+00 1.334739e+01
-1.400000e-01 2.460000e+00 -2.333333e+00
-1.400000e-01 2.660000e+00 -2.333333e+00
-1.400000e-01 2.860000e+00 -2.333333e+00
-1.400000e-01 3.060000e+00 -2.333333e+00

6.000000e-02 -3.140000e+00 -2.333333e+00
6.000000e-02 -2.940000e+00 1.334739e+01
6.000000e-02 -2.740000e+00 1.173005e+01
6.000000e-02 -2.540000e+00 -2.333333e+00
6.000000e-02 -2.340000e+00 1.334739e+01
6.000000e-02 -2.140000e+00 1.078397e+01
6.000000e-02 -1.940000e+00 1.334739e+01
6.000000e-02 -1.740000e+00 9.166622e+00
6.000000e-02 -1.540000e+00 7.362512e+00
6.000000e-02 -1.340000e+00 7.028610e+00
6.000000e-02 -1.140000e+00 7.752305e+00
6.000000e-02 -9.400000e-01 7.362512e+00
6.000000e-02 -7.400000e-01 7.028610e+00
6.000000e-02 -5.400000e-01 7.028610e+00
6.000000e-02 -3.400000e-01 6.736563e+00
6.000000e-02 -1.400000e-01 6.878020e+00
6.000000e-02 6.000000e-02 7.189594e+00
6.000000e-02 2.600000e-01 9.166622e+00
6.000000e-02 4.600000e-01 8.495364e+00
6.000000e-02 6.600000e-01 9.166622e+00
6.000000e-02 8.600000e-01 9.592039e+00
6.000000e-02 1.060000e+00 1.173005e+01
6.000000e-02 1.260000e+00 8.806937e+00
6.000000e-02 1.460000e+00 9.592039e+00
6.000000e-02 1.660000e+00 1.334739e+01
6.000000e-02 1.860000e+00 1.334739e+01
6.000000e-02 2.060000e+00 1.334739e+01
6.000000e-02 2.260000e+00 -2.333333e+00
6.000000e-02 2.460000e+00 -2.333333e+00
6.000000e-02 2.660000e+00 -2.333333e+00
6.000000e-02 2.860000e+00 -2.333333e+00
6.000000e-02 3.060000e+00 -2.333333e+00

2.600000e-01 -3.140000e+00 -2.333333e+00
2.600000e-01 -2.940000e+00 1.334739e+01
2.600000e-01 -2.740000e+00 1.173005e+01
2.600000e-01 -2.540000e+00 1.173005e+01
2.600000e-01 -2.340000e+00 9.166622e+00
2.600000e-01 -2.140000e+00 8.495364e+00
2.600000e-01 -1.940000e+00 8.220537e+00
2.600000e-01 -1.740000e+00 6.878020e+00
2.600000e-01 -1.540000e+00 6.357352e+00
2.600000e-01 -1.340000e+00 5.490371e+00
2.600000e-01 -1.140000e+00 5.745169e+00
2.600000e-01 -9.400000e-01 4.799084e+00
2.600000e-01 -7.400000e-01 5.411267e+00
2.600000e-01 -5.400000e-01 4.921919e+00
2.600000e-01 -3.400000e-01 5.572250e+00
2.600000e-01 -1.400000e-01 6.477037e+00
2.600000e-01 6.000000e-02 5.657108e+00
2.600000e-01 2.600000e-01 6.603193e+00
2.600000e-01 4.600000e-01 7.752305e+00
2.600000e-01 6.600000e-01 8.495364e+00
2.600000e-01 8.600000e-01 8.495364e+00
2.600000e-01 1.060000e+00 9.166622e+00
2.600000e-01 1.260000e+00 1.011271e+01
2.600000e-01 1.460000e+00 1.334739e+01
2.600000e-01 1.660000e+00 1.334739e+01
2.600000e-01 1.860000e+00 1.334739e+01
2.600000e-01 2.060000e+00 1.078397e+01
2.600000e-01 2.260000e+00 -2.333333e+00
2.600000e-01 2.460000e+00 -2.333333e+00
2.600000e-01 2.660000e+00 -2.333333e+00
2.600000e-01 2.860000e+00 1.334739e+01
2.600000e-01 3.060000e+00 1.334739e+01

4.600000e-01 -3.140000e+00 1.078397e+01
4.600000e-01 -2.940000e+00 9.166622e+00
4.600000e-01 -2.740000e+00 1.011271e+01
4.600000e-01 -2.540000e+00 9.166622e+00
4.600000e-01 -2.340000e+00 8.495364e+00
4.600000e-01 -2.140000e+00 6.477037e+00
4.600000e-01 -1.940000e+00 5.334757e+00
4.600000e-01 -1.740000e+00 4.985850e+00
4.600000e-01 -1.540000e+00 4.266480e+00
4.600000e-01 -1.340000e+00 3.833140e+00
4.600000e-01 -1.140000e+00 3.242350e+00
4.600000e-01 -9.400000e-01 2.981208e+00
4.600000e-01 -7.400000e-01 3.368507e+00
4.600000e-01 -5.400000e-01 3.304576e+00
4.600000e-01 -3.400000e-01 3.571533e+00
4.600000e-01 -1.400000e-01 4.517618e+00
4.600000e-01 6.000000e-02 4.039765e+00
4.600000e-01 2.600000e-01 4.859693e+00
4.600000e-01 4.600000e-01 6.031241e+00
4.600000e-01 6.600000e-01 6.031241e+00
4.600000e-01 8.600000e-01 7.028610e+00
4.600000e-01 1.060000e+00 8.806937e+00
4.600000e-01 1.260000e+00 1.078397e+01
4.600000e-01 1.460000e+00 1.011271e+01
4.600000e-01 1.660000e+00 1.334739e+01
4.600000e-01 1.860000e+00 1.334739e+01
4.600000e-01 2.060000e+00 -2.333333e+00
4.600000e-01 2.260000e+00 1.334739e+01
4.600000e-01 2.460000e+00 1.334739e+01
4.600000e-01 2.660000e+00 -2.333333e+00
4.600000e-01 2.860000e+00 1.078397e+01
4.600000e-01 3.060000e+00 1.334739e+01

6.600000e-01 -3.140000e+00 8.220537e+00
6.600000e-01 -2.940000e+00 7.974696e+00
6.600000e-01 -2.740000e+00 7.752305e+00
6.600000e-01 -2.540000e+00 6.357352e+00
6.600000e-01 -2.340000e+00 5.334757e+00
6.600000e-01 -2.140000e+00 5.490371e+00
6.600000e-01 -1.940000e+00 4.921919e+00
6.600000e-01 -1.740000e+00 4.127825e+00
6.600000e-01 -1.540000e+00 2.847838e+00
6.600000e-01 -1.340000e+00 2.533027e+00
6.600000e-01 -1.140000e+00 2.157216e+00
6.600000e-01 -9.400000e-01 1.816895e+00
6.600000e-01 -7.400000e-01 1.833622e+00
6.600000e-01 -5.400000e-01 2.007832e+00
6.600000e-01 -3.400000e-01 2.533027e+00
6.600000e-01 -1.400000e-01 2.510482e+00
6.600000e-01 6.000000e-02 3.036766e+00
6.600000e-01 2.600000e-01 3.755355e+00
6.600000e-01 4.600000e-01 4.740009e+00
6.600000e-01 6.600000e-01 4.740009e+00
6.600000e-01 8.600000e-01 6.878020e+00
6.600000e-01 1.060000e+00 8.495364e+00
6.600000e-01 1.260000e+00 1.334739e+01
6.600000e-01 1.460000e+00 1.078397e+01
6.600000e-01 1.660000e+00 1.173005e+01
6.600000e-01 1.860000e+00 1.334739e+01
6.600000e-01 2.060000e+00 1.173005e+01
6.600000e-01 2.260000e+00 -2.333333e+00
6.600000e-01 2.460000e+00 1.334739e+01
6.600000e-01 2.660000e+00 1.011271e+01
6.600000e-01 2.860000e+00 1.011271e+01
6.600000e-01 3.060000e+00 1.173005e+01

8.600000e-01 -3.140000e+00 9.592039e+00
8.600000e-01 -2.940000e+00 8.806937e+00
8.600000e-01 -2.740000e+00 6.031241e+00
8.600000e-01 -2.540000e+00 5.745169e+00
8.600000e-01 -2.340000e+00 4.985850e+00
8.600000e-01 -2.140000e+00 4.740009e+00
8.600000e-01 -1.940000e+00 3.536445e+00
8.600000e-01 -1.740000e+00 2.926942e+00
8.600000e-01 -1.540000e+00 2.316823e+00
8.600000e-01 -1.340000e+00 1.800288e+00
8.600000e-01 -1.140000e+00 1.594505e+00
8.600000e-01 -9.400000e-01 1.718979e+00
8.600000e-01 -7.400000e-01 1.735015e+00
8.600000e-01 -5.400000e-01 1.625006e+00
8.600000e-01 -3.400000e-01 1.816895e+00
8.600000e-01 -1.400000e-01 2.196106e+00
8.600000e-01 6.000000e-02 2.578780e+00
8.600000e-01 2.600000e-01 3.717414e+00
8.600000e-01 4.600000e-01 4.626165e+00
8.600000e-01 6.600000e-01 5.836684e+00
8.600000e-01 8.600000e-01 7.549279e+00
8.600000e-01 1.060000e+00 1.173005e+01
8.600000e-01 1.260000e+00 1.078397e+01
8.600000e-01 1.460000e+00 1.334739e+01
8.600000e-01 1.660000e+00 -2.333333e+00
8.600000e-01 1.860000e+00 -2.333333e+00
8.600000e-01 2.060000e+00 1.334739e+01
8.600000e-01 2.260000e+00 -2.333333e+00
8.600000e-01 2.460000e+00 1.011271e+01
8.600000e-01 2.660000e+00 1.334739e+01
8.600000e-01 2.860000e+00 8.806937e+00
8.600000e-01 3.060000e+00 9.592039e+00

1.060000e+00 -3.140000e+00 7.189594e+00
1.060000e+00 -2.940000e+00 7.752305e+00
1.060000e+00 -2.740000e+00 6.736563e+00
1.060000e+00 -2.540000e+00 6.603193e+00
1.060000e+00 -2.340000e+00 4.985850e+00
1.060000e+00 -2.140000e+00 4.799084e+00
1.060000e+00 -1.940000e+00 4.413898e+00
1.060000e+00 -1.740000e+00 3.211848e+00
1.060000e+00 -1.540000e+00 2.255684e+00
1.060000e+00 -1.340000e+00 2.215797e+00
1.060000e+00 -1.140000e+00 1.703051e+00
1.060000e+00 -9.400000e-01 1.564397e+00
1.060000e+00 -7.400000e-01 1.476336e+00
1.060000e+00 -5.400000e-01 1.751163e+00
1.060000e+00 -3.400000e-01 1.579402e+00
1.060000e+00 -1.400000e-01 2.771329e+00
1.060000e+00 6.000000e-02 3.211848e+00
1.060000e+00 2.600000e-01 4.799084e+00
1.060000e+00 4.600000e-01 6.477037e+00
1.060000e+00 6.600000e-01 6.878020e+00
1.060000e+00 8.600000e-01 9.166622e+00
1.060000e+00 1.060000e+00 9.166622e+00
1.060000e+00 1.260000e+00 -2.333333e+00
1.060000e+00 1.460000e+00 1.173005e+01
1.060000e+00 1.660000e+00 1.334739e+01
1.060000e+00 1.860000e+00 -2.333333e+00
1.060000e+00 2.060000e+00 1.011271e+01
1.060000e+00 2.260000e+00 1.173005e+01
1.060000e+00 2.460000e+00 1.078397e+01
1.060000e+00 2.660000e+00 1.173005e+01
1.060000e+00 2.860000e+00 1.078397e+01
1.060000e+00 3.060000e+00 1.173005e+01

1.260000e+00 -3.140000e+00 9.166622e+00
1.260000e+00 -2.940000e+00 1.078397e+01
1.260000e+00 -2.740000e+00 7.974696e+00
1.260000e+00 -2.540000e+00 8.495364e+00
1.260000e+00 -2.340000e+00 6.878020e+00
1.260000e+00 -2.140000e+00 6.243508e+00
1.260000e+00 -1.940000e+00 5.745169e+00
1.260000e+00 -1.740000e+00 4.413898e+00
1.260000e+00 -1.540000e+00 3.717414e+00
1.260000e+00 -1.340000e+00 3.181740e+00
1.260000e+00 -1.140000e+00 2.196106e+00
1.260000e+00 -9.400000e-01 1.833622e+00
1.260000e+00 -7.400000e-01 2.138012e+00
1.260000e+00 -5.400000e-01 2.601997e+00
1.260000e+00 -3.400000e-01 2.847838e+00
1.260000e+00 -1.400000e-01 3.643334e+00
1.260000e+00 6.000000e-02 4.799084e+00
1.260000e+00 2.600000e-01 6.878020e+00
1.260000e+00 4.600000e-01 7.974696e+00
1.260000e+00 6.600000e-01 1.334739e+01
1.260000e+00 8.600000e-01 1.334739e+01
1.260000e+00 1.060000e+00 1.334739e+01
1.260000e+00 1.260000e+00 1.078397e+01
1.260000e+00 1.460000e+00 -2.333333e+00
1.260000e+00 1.660000e+00 1.011271e+01
1.260000e+00 1.860000e+00 1.173005e+01
1.260000e+00 2.060000e+00 1.078397e+01
1.260000e+00 2.260000e+00 1.078397e+01
1.260000e+00 2.460000e+00 1.011271e+01
1.260000e+00 2.660000e+00 1.173005e+01
1.260000e+00 2.860000e+00 9.592039e+00
1.260000e+00 3.060000e+00 1.334739e+01

1.460000e+00 -3.140000e+00 8.495364e+00
1.460000e+00 -2.940000e+00 1.078397e+01
1.460000e+00 -2.740000e+00 9.592039e+00
1.460000e+00 -2.540000e+00 1.173005e+01
1.460000e+00 -2.340000e+00 9.592039e+00
1.460000e+00 -2.140000e+00 7.974696e+00
1.460000e+00 -1.940000e+00 7.362512e+00
1.460000e+00 -1.740000e+00 7.189594e+00
1.460000e+00 -1.540000e+00 5.745169e+00
1.460000e+00 -1.340000e+00 5.657108e+00
1.460000e+00 -1.140000e+00 4.413898e+00
1.460000e+00 -9.400000e-01 4.083380e+00
1.460000e+00 -7.400000e-01 4.173134e+00
1.460000e+00 -5.400000e-01 5.051582e+00
1.460000e+00 -3.400000e-01 5.411267e+00
1.460000e+00 -1.400000e-01 7.028610e+00
1.460000e+00 6.000000e-02 7.974696e+00
1.460000e+00 2.600000e-01 1.078397e+01
1.460000e+00 4.600000e-01 1.078397e+01
1.460000e+00 6.600000e-01 1.078397e+01
1.460000e+00 8.600000e-01 1.334739e+01
1.460000e+00 1.060000e+00 1.334739e+01
1.460000e+00 1.260000e+00 -2.333333e+00
1.460000e+00 1.460000e+00 -2.333333e+00
1.460000e+00 1.660000e+00 1.334739e+01
1.460000e+00 1.860000e+00 1.334739e+01
1.460000e+00 2.060000e+00 1.334739e+01
1.460000e+00 2.260000e+00 -2.333333e+00
1.460000e+00 2.460000e+00 1.173005e+01
1.460000e+00 2.660000e+00 1.334739e+01
1.460000e+00 2.860000e+00 1.078397e+01
1.460000e+00 3.060000e+00 -2.333333e+00

1.660000e+00 -3.140000e+00 1.334739e+01
1.660000e+00 -2.940000e+00 1.334739e+01
1.660000e+00 -2.740000e+00 1.011271e+01
1.660000e+00 -2.540000e+00 1.334739e+01
1.660000e+00 -2.340000e+00 1.334739e+01
1.660000e+00 -2.140000e+00 1.334739e+01
1.660000e+00 -1.940000e+00 1.011271e+01
1.660000e+00 -1.740000e+00 -2.333333e+00
1.660000e+00 -1.540000e+00 1.078397e+01
1.660000e+00 -1.340000e+00 1.078397e+01
1.660000e+00 -1.140000e+00 8.806937e+00
1.660000e+00 -9.400000e-01 8.806937e+00
1.660000e+00 -7.400000e-01 1.011271e+01
1.660000e+00 -5.400000e-01 9.166622e+00
1.660000e+00 -3.400000e-01 1.011271e+01
1.660000e+00 -1.400000e-01 1.334739e+01
1.660000e+00 6.000000e-02 1.011271e+01
1.660000e+00 2.600000e-01 1.334739e+01
1.660000e+00 4.600000e-01 1.334739e+01
1.660000e+00 6.600000e-01 1.334739e+01
1.660000e+00 8.600000e-01 -2.333333e+00
1.660000e+00 1.060000e+00 -2.333333e+00
1.660000e+00 1.260000e+00 -2.333333e+00
1.660000e+00 1.460000e+00 -2.333333e+00
1.660000e+00 1.660000e+00 -2.333333e+00
1.660000e+00 1.860000e+00 -2.333333e+00
1.660000e+00 2.060000e+00 1.334739e+01
1.660000e+00 2.260000e+00 1.334739e+01
1.660000e+00 2.460000e+00 -2.333333e+00
1.660000e+00 2.660000e+00 -2.333333e+00
1.660000e+00 2.860000e+00 -2.333333e+00
1.660000e+00 3.060000e+00 1.173005e+01

1.860000e+00 -3.140000e+00 1.334739e+01
1.860000e+00 -2.940000e+00 -2.333333e+00
1.860000e+00 -2.740000e+00 -2.333333e+00
1.860000e+00 -2.540000e+00 -2.333333e+00
1.860000e+00 -2.340000e+00 -2.333333e+00
1.860000e+00 -2.140000e+00 1.173005e+01
1.860000e+00 -1.940000e+00 -2.333333e+00
1.860000e+00 -1.740000e+00 1.334739e+01
1.860000e+00 -1.540000e+00 -2.333333e+00
1.860000e+00 -1.340000e+00 1.334739e+01
1.860000e+00 -1.140000e+00 1.078397e+01
1.860000e+00 -9.400000e-01 1.173005e+01
1.860000e+00 -7.400000e-01 1.173005e+01
1.860000e+00 -5.400000e-01 1.173005e+01
1.860000e+00 -3.400000e-01 1.334739e+01
1.860000e+00 -1.400000e-01 -2.333333e+00
1.860000e+00 6.000000e-02 -2.333333e+00
1.860000e+00 2.600000e-01 -2.333333e+00
1.860000e+00 4.600000e-01 -2.333333e+00
1.860000e+00 6.600000e-01 1.334739e+01
1.860000e+00 8.600000e-01 -2.333333e+00
1.860000e+00 1.060000e+00 -2.333333e+00
1.860000e+00 1.260000e+00 1.334739e+01
1.860000e+00 1.460000e+00 -2.333333e+00
1.860000e+00 1.660000e+00 -2.333333e+00
1.860000e+00 1.860000e+00 -2.333333e+00
1.860000e+00 2.060000e+00 -2.333333e+00
1.860000e+00 2.260000e+00 -2.333333e+00
1.860000e+00 2.460000e+00 -2.333333e+00
1.860000e+00 2.660000e+00 -2.333333e+00
1.860000e+00 2.860000e+00 1.334739e+01
1.860000e+00 3.060000e+00 -2.333333e+00

2.060000e+00 -3.140000e+00 1.334739e+01
2.060000e+00 -2.940000e+00 1.334739e+01
2.060000e+00 -2.740000e+00 -2.333333e+00
2.060000e+00 -2.540000e+00 -2.333333e+00
2.060000e+00 -2.340000e+00 -2.333333e+00
2.060000e+00 -2.140000e+00 -2.333333e+00
2.060000e+00 -1.940000e+00 -2.333333e+00
2.060000e+00 -1.740000e+00 -2.333333e+00
2.060000e+00 -1.540000e+00 -2.333333e+00
2.060000e+00 -1.340000e+00 -2.333333e+00
2.060000e+00 -1.140000e+00 -2.333333e+00
2.060000e+00 -9.400000e-01 -2.333333e+00
2.060000e+00 -7.400000e-01 -2.333333e+00
2.060000e+00 -5.400000e-01 1.334739e+01
2.060000e+00 -3.400000e-01 1.334739e+01
2.060000e+00 -1.400000e-01 -2.333333e+00
2.060000e+00 6.000000e-02 -2.333333e+00
2.060000e+00 2.600000e-01 -2.333333e+00
2.060000e+00 4.600000e-01 -2.333333e+00
2.060000e+00 6.600000e-01 -2.333333e+00
2.060000e+00 8.600000e-01 -2.333333e+00
2.060000e+00 1.060000e+00 -2.333333e+00
2.060000e+00 1.260000e+00 -2.333333e+00
2.060000e+00 1.460000e+00 -2.333333e+00
2.060000e+00 1.660000e+00 -2.333333e+00
2.060000e+00 1.860000e+00 -2.333333e+00
2.060000e+00 2.060000e+00 -2.333333e+00
2.060000e+00 2.260000e+00 -2.333333e+00
2.060000e+00 2.460000e+00 -2.333333e+00
2.060000e+00 2.660000e+00 1.173005e+01
2.060000e+00 2.860000e+00 1.334739e+01
2.060000e+00 3.060000e+00 -2.333333e+00

2.260000e+00 -3.140000e+00 -2.333333e+00
2.260000e+00 -2.940000e+00 1.334739e+01
2.260000e+00 -2.740000e+00 -2.333333e+00
2.260000e+00 -2.540000e+00 1.334739e+01
2.260000e+00 -2.340000e+00 -2.333333e+00
2.260000e+00 -2.140000e+00 -2.333333e+00
2.260000e+00 -1.940000e+00 -2.333333e+00
2.260000e+00 -1.740000e+00 -2.333333e+00
2.260000e+00 -1.540000e+00 1.173005e+01
2.260000e+00 -1.340000e+00 -2.333333e+00
2.260000e+00 -1.140000e+00 1.334739e+01
2.260000e+00 -9.400000e-01 -2.333333e+00
2.260000e+00 -7.400000e-01 -2.333333e+00
2.260000e+00 -5.400000e-01 -2.333333e+00
2.260000e+00 -3.400000e-01 1.173005e+01
2.260000e+00 -1.400000e-01 -2.333333e+00
2.260000e+00 6.000000e-02 -2.333333e+00
2.260000e+00 2.600000e-01 -2.333333e+00
2.260000e+00 4.600000e-01 -2.333333e+00
2.260000e+00 6.600000e-01 -2.333333e+00
2.260000e+00 8.600000e-01 -2.333333e+00
2.260000e+00 1.060000e+00 -2.333333e+00
2.260000e+00 1.260000e+00 -2.333333e+00
2.260000e+00 1.460000e+00 -2.333333e+00
2.260000e+00 1.660000e+00 -2.333333e+00
2.260000e+00 1.860000e+00 -2.333333e+00
2.260000e+00 2.060000e+00 -2.333333e+00
2.260000e+00 2.260000e+00 -2.333333e+00
2.260000e+00 2.460000e+00 1.334739e+01
2.260000e+00 2.660000e+00 1.334739e+01
2.260000e+00 2.860000e+00 1.334739e+01
2.260000e+00 3.060000e+00 -2.333333e+00

2.460000e+00 -3.140000e+00 -2.333333e+00
2.460000e+00 -2.940000e+00 1.334739e+01
2.460000e+00 -2.740000e+00 1.334739e+01
2.460000e+00 -2.540000e+00 -2.333333e+00
2.460000e+00 -2.340000e+00 1.173005e+01
2.460000e+00 -2.140000e+00 -2.333333e+00
2.460000e+00 -1.940000e+00 -2.333333e+00
2.460000e+00 -1.740000e+00 1.334739e+01
2.460000e+00 -1.540000e+00 -2.333333e+00
2.460000e+00 -1.340000e+00 -2.333333e+00
2.460000e+00 -1.140000e+00 -2.333333e+00
2.460000e+00 -9.400000e-01 -2.333333e+00
2.460000e+00 -7.400000e-01 1.334739e+01
2.460000e+00 -5.400000e-01 -2.333333e+00
2.460000e+00 -3.400000e-01 -2.333333e+00
2.460000e+00 -1.400000e-01 -2.333333e+00
2.460000e+00 6.000000e-02 -2.333333e+00
2.460000e+00 2.600000e-01 1.334739e+01
2.460000e+00 4.600000e-01 -2.333333e+00
2.460000e+00 6.600000e-01 1.334739e+01
2.460000e+00 8.600000e-01 -2.333333e+00
2.460000e+00 1.060000e+00 -2.333333e+00
2.460000e+00 1.260000e+00 -2.333333e+00
2.460000e+00 1.460000e+00 -2.333333e+00
2.460000e+00 1.660000e+00 -2.333333e+00
2.460000e+00 1.860000e+00 1.173005e+01
2.460000e+00 2.060000e+00 -2.333333e+00
2.460000e+00 2.260000e+00 -2.333333e+00
2.460000e+00 2.460000e+00 1.011271e+01
2.460000e+00 2.660000e+00 1.011271e+01
2.460000e+00 2.860000e+00 1.078397e+01
2.460000e+00 3.060000e+00 -2.333333e+00

2.660000e+00 -3.140000e+00 8.220537e+00
2.660000e+00 -2.940000e+00 1.078397e+01
2.660000e+00 -2.740000e+00 1.334739e+01
2.660000e+00 -2.540000e+00 1.078397e+01
2.660000e+00 -2.340000e+00 1.334739e+01
2.660000e+00 -2.140000e+00 1.078397e+01
2.660000e+00 -1.940000e+00 1.334739e+01
2.660000e+00 -1.740000e+00 1.173005e+01
2.660000e+00 -1.540000e+00 1.011271e+01
2.660000e+00 -1.340000e+00 1.334739e+01
2.660000e+00 -1.140000e+00 -2.333333e+00
2.660000e+00 -9.400000e-01 9.166622e+00
2.660000e+00 -7.400000e-01 1.173005e+01
2.660000e+00 -5.400000e-01 1.173005e+01
2.660000e+00 -3.400000e-01 1.173005e+01
2.660000e+00 -1.400000e-01 -2.333333e+00
2.660000e+00 6.000000e-02 1.334739e+01
2.660000e+00 2.600000e-01 -2.333333e+00
2.660000e+00 4.600000e-01 -2.333333e+00
2.660000e+00 6.600000e-01 1.334739e+01
2.660000e+00 8.600000e-01 -2.333333e+00
2.660000e+00 1.060000e+00 1.173005e+01
2.660000e+00 1.260000e+00 -2.333333e+00
2.660000e+00 1.460000e+00 -2.333333e+00
2.660000e+00 1.660000e+00 1.173005e+01
2.660000e+00 1.860000e+00 1.078397e+01
2.660000e+00 2.060000e+00 9.166622e+00
2.660000e+00 2.260000e+00 8.806937e+00
2.660000e+00 2.460000e+00 9.592039e+00
2.660000e+00 2.660000e+00 8.806937e+00
2.660000e+00 2.860000e+00 8.220537e+00
2.660000e+00 3.060000e+00 8.806937e+00

2.860000e+00 -3.140000e+00 6.477037e+00
2.860000e+00 -2.940000e+00 7.549279e+00
2.860000e+00 -2.740000e+00 7.752305e+00
2.860000e+00 -2.540000e+00 1.078397e+01
2.860000e+00 -2.340000e+00 1.173005e+01
2.860000e+00 -2.140000e+00 9.592039e+00
2.860000e+00 -1.940000e+00 1.078397e+01
2.860000e+00 -1.740000e+00 9.592039e+00
2.860000e+00 -1.540000e+00 1.078397e+01
2.860000e+00 -1.340000e+00 9.592039e+00
2.860000e+00 -1.140000e+00 1.173005e+01
2.860000e+00 -9.400000e-01 8.806937e+00
2.860000e+00 -7.400000e-01 1.173005e+01
2.860000e+00 -5.400000e-01 8.495364e+00
2.860000e+00 -3.400000e-01 1.173005e+01
2.860000e+00 -1.400000e-01 1.173005e+01
2.860000e+00 6.000000e-02 1.011271e+01
2.860000e+00 2.600000e-01 1.334739e+01
2.860000e+00 4.600000e-01 1.078397e+01
2.860000e+00 6.600000e-01 9.592039e+00
2.860000e+00 8.600000e-01 -2.333333e+00
2.860000e+00 1.060000e+00 1.173005e+01
2.860000e+00 1.260000e+00 8.806937e+00
2.860000e+00 1.460000e+00 1.011271e+01
2.860000e+00 1.660000e+00 1.078397e+01
2.860000e+00 1.860000e+00 7.974696e+00
2.860000e+00 2.060000e+00 7.028610e+00
2.860000e+00 2.260000e+00 6.357352e+00
2.860000e+00 2.460000e+00 4.740009e+00
2.860000e+00 2.660000e+00 5.931935e+00
2.860000e+00 2.860000e+00 5.334757e+00
2.860000e+00 3.060000e+00 7.752305e+00

3.060000e+00 -3.140000e+00 6.357352e+00
3.060000e+00 -2.940000e+00 1.011271e+01
3.060000e+00 -2.740000e+00 1.173005e+01
3.060000e+00 -2.540000e+00 1.011271e+01
3.060000e+00 -2.340000e+00 1.173005e+01
3.060000e+00 -2.140000e+00 1.078397e+01
3.060000e+00 -1.940000e+00 1.173005e+01
3.060000e+00 -1.740000e+00 1.334739e+01
3.060000e+00 -1.540000e+00 1.173005e+01
3.060000e+00 -1.340000e+00 1.173005e+01
3.060000e+00 -1.140000e+00 9.592039e+00
3.060000e+00 -9.400000e-01 9.166622e+00
3.060000e+00 -7.400000e-01 9.592039e+00
3.060000e+00 -5.400000e-01 1.173005e+01
3.060000e+00 -3.400000e-01 1.011271e+01
3.060000e+00 -1.400000e-01 1.334739e+01
3.060000e+00 6.000000e-02 1.173005e+01
3.060000e+00 2.600000e-01 1.173005e+01
3.060000e+00 4.600000e-01 8.220537e+00
3.060000e+00 6.600000e-01 1.173005e+01
3.060000e+00 8.600000e-01 1.173005e+01
3.060000e+00 1.060000e+00 1.334739e+01
3.060000e+00 1.260000e+00 7.974696e+00
3.060000e+00 1.460000e+00 9.166622e+00
3.060000e+00 1.660000e+00 1.011271e+01
3.060000e+00 1.860000e+00 8.495364e+00
3.060000e+00 2.060000e+00 7.974696e+00
3.060000e+00 2.260000e+00 5.572250e+00
3.060000e+00 2.460000e+00 5.490371e+00
3.060000e+00 2.660000e+00 5.490371e+00
3.060000e+00 2.860000e+00 5.745169e+00
3.060000e+00 3.060000e+00 1.173005e+01

