      0.0000      -1.4137       1.4137       0.4266       0.0000
      0.1240      -1.4137       1.7279       0.9624       0.0000
      0.2479      -1.0996       1.7279       1.5947       0.0000
      0.3719      -1.0996       1.4137       1.2082       0.0000
      0.7851      -0.7854       1.4137       3.5977       0.0000
      0.8678      -0.7854       1.0996       3.5983       0.0000
      1.2810      -0.7854       0.7854       3.7506       0.0000
      1.6116      -0.4712       0.7854       7.2617       0.0000
      1.7355      -0.4712       0.4712      -1.0000       0.0000
      2.1901      -0.4712       0.1571       7.2220       0.0000
      2.2727      -0.1571       0.1571      -1.0000       0.0000
      2.7273      -0.1571      -0.1571      -1.0000       0.0000
      2.7686       0.1571      -0.1571      -1.0000       0.0000
      3.1818       0.4712      -0.1571       7.9810       0.0000
      3.5537       0.7854      -0.1571       5.5638       0.0000
      3.9256       1.0996      -0.1571       5.4235       0.0000
      4.1322       0.1571       0.1571      -1.0000       0.0000
