-2.984513   -2.984513   2.155490
-2.984513   -2.670354   3.852910
-2.984513   -2.356194   5.858793
-2.984513   -2.042035   7.692365
-2.984513   -1.727876   8.301070
-2.984513   -1.413717   7.419982
-2.984513   -1.099557   6.713741
-2.984513   -0.785398   6.930002
-2.984513   -0.471239   6.918989
-2.984513   -0.157080   8.023937
-2.984513   0.157080   7.355275
-2.984513   0.471239   7.108979
-2.984513   0.785398   6.447462
-2.984513   1.099557   6.459750
-2.984513   1.413717   6.299661
-2.984513   1.727876   5.293591
-2.984513   2.042035   3.811112
-2.984513   2.356194   2.343696
-2.984513   2.670354   1.409025
-2.984513   2.984513   1.298086
-2.670354   -2.984513   1.233576
-2.670354   -2.670354   3.022648
-2.670354   -2.356194   4.891634
-2.670354   -2.042035   6.700190
-2.670354   -1.727876   7.722349
-2.670354   -1.413717   7.188706
-2.670354   -1.099557   6.813263
-2.670354   -0.785398   6.048407
-2.670354   -0.471239   6.025571
-2.670354   -0.157080   5.917048
-2.670354   0.157080   5.113546
-2.670354   0.471239   4.792098
-2.670354   0.785398   4.777054
-2.670354   1.099557   4.688211
-2.670354   1.413717   4.384201
-2.670354   1.727876   3.335938
-2.670354   2.042035   2.038043
-2.670354   2.356194   0.779163
-2.670354   2.670354   0.000000
-2.670354   2.984513   0.119349
-2.356194   -2.984513   1.681297
-2.356194   -2.670354   3.526871
-2.356194   -2.356194   5.549727
-2.356194   -2.042035   6.819506
-2.356194   -1.727876   8.541934
-2.356194   -1.413717   7.389482
-2.356194   -1.099557   7.012673
-2.356194   -0.785398   6.661711
-2.356194   -0.471239   5.777859
-2.356194   -0.157080   4.854745
-2.356194   0.157080   4.078029
-2.356194   0.471239   3.715547
-2.356194   0.785398   3.640846
-2.356194   1.099557   3.624453
-2.356194   1.413717   3.430705
-2.356194   1.727876   2.644236
-2.356194   2.042035   1.575574
-2.356194   2.356194   0.511963
-2.356194   2.670354   0.005464
-2.356194   2.984513   0.381389
-2.042035   -2.984513   2.700428
-2.042035   -2.670354   4.755667
-2.042035   -2.356194   6.527278
-2.042035   -2.042035   8.116344
-2.042035   -1.727876   inf
-2.042035   -1.413717   8.312379
-2.042035   -1.099557   8.123567
-2.042035   -0.785398   6.820414
-2.042035   -0.471239   5.273162
-2.042035   -0.157080   4.113017
-2.042035   0.157080   3.366106
-2.042035   0.471239   2.991283
-2.042035   0.785398   2.755321
-2.042035   1.099557   2.727651
-2.042035   1.413717   2.589114
-2.042035   1.727876   2.274861
-2.042035   2.042035   1.634621
-2.042035   2.356194   0.851948
-2.042035   2.670354   0.620929
-2.042035   2.984513   1.243412
-1.727876   -2.984513   3.491192
-1.727876   -2.670354   5.629432
-1.727876   -2.356194   7.540209
-1.727876   -2.042035   inf
-1.727876   -1.727876   inf
-1.727876   -1.413717   inf
-1.727876   -1.099557   7.686231
-1.727876   -0.785398   6.189229
-1.727876   -0.471239   4.534738
-1.727876   -0.157080   3.269166
-1.727876   0.157080   2.438159
-1.727876   0.471239   1.808251
-1.727876   0.785398   1.219323
-1.727876   1.099557   1.004800
-1.727876   1.413717   1.276686
-1.727876   1.727876   1.576712
-1.727876   2.042035   1.410712
-1.727876   2.356194   1.006193
-1.727876   2.670354   1.060978
-1.727876   2.984513   1.859230
-1.413717   -2.984513   4.162829
-1.413717   -2.670354   6.358538
-1.413717   -2.356194   8.670117
-1.413717   -2.042035   inf
-1.413717   -1.727876   inf
-1.413717   -1.413717   inf
-1.413717   -1.099557   7.745421
-1.413717   -0.785398   5.760503
-1.413717   -0.471239   3.991372
-1.413717   -0.157080   2.625379
-1.413717   0.157080   1.652077
-1.413717   0.471239   0.756464
-1.413717   0.785398   0.139657
-1.413717   1.099557   0.020096
-1.413717   1.413717   0.426595
-1.413717   1.727876   0.962356
-1.413717   2.042035   1.138090
-1.413717   2.356194   1.072035
-1.413717   2.670354   1.404738
-1.413717   2.984513   2.394878
-1.099557   -2.984513   5.921399
-1.099557   -2.670354   7.954829
-1.099557   -2.356194   inf
-1.099557   -2.042035   inf
-1.099557   -1.727876   inf
-1.099557   -1.413717   inf
-1.099557   -1.099557   8.229489
-1.099557   -0.785398   5.940110
-1.099557   -0.471239   4.217180
-1.099557   -0.157080   3.007650
-1.099557   0.157080   2.081627
-1.099557   0.471239   1.353428
-1.099557   0.785398   0.988593
-1.099557   1.099557   0.936140
-1.099557   1.413717   1.208205
-1.099557   1.727876   1.594713
-1.099557   2.042035   1.724381
-1.099557   2.356194   1.798585
-1.099557   2.670354   2.300671
-1.099557   2.984513   3.489527
-0.785398   -2.984513   inf
-0.785398   -2.670354   inf
-0.785398   -2.356194   inf
-0.785398   -2.042035   inf
-0.785398   -1.727876   inf
-0.785398   -1.413717   10.246620
-0.785398   -1.099557   9.223512
-0.785398   -0.785398   6.842426
-0.785398   -0.471239   5.487738
-0.785398   -0.157080   4.663523
-0.785398   0.157080   3.996634
-0.785398   0.471239   3.662888
-0.785398   0.785398   3.750618
-0.785398   1.099557   3.598291
-0.785398   1.413717   3.597659
-0.785398   1.727876   3.536213
-0.785398   2.042035   3.547151
-0.785398   2.356194   3.627432
-0.785398   2.670354   4.373125
-0.785398   2.984513   6.195050
-0.471239   -2.984513   inf
-0.471239   -2.670354   inf
-0.471239   -2.356194   inf
-0.471239   -2.042035   inf
-0.471239   -1.727876   inf
-0.471239   -1.413717   inf
-0.471239   -1.099557   9.773330
-0.471239   -0.785398   8.507733
-0.471239   -0.471239   7.517234
-0.471239   -0.157080   7.214402
-0.471239   0.157080   7.222023
-0.471239   0.471239   inf
-0.471239   0.785398   7.261680
-0.471239   1.099557   6.766434
-0.471239   1.413717   6.589077
-0.471239   1.727876   6.072129
-0.471239   2.042035   6.225131
-0.471239   2.356194   6.727942
-0.471239   2.670354   inf
-0.471239   2.984513   inf
-0.157080   -2.984513   inf
-0.157080   -2.670354   inf
-0.157080   -2.356194   inf
-0.157080   -2.042035   inf
-0.157080   -1.727876   inf
-0.157080   -1.413717   inf
-0.157080   -1.099557   9.970188
-0.157080   -0.785398   10.231899
-0.157080   -0.471239   9.248909
-0.157080   -0.157080   inf
-0.157080   0.157080   inf
-0.157080   0.471239   inf
-0.157080   0.785398   inf
-0.157080   1.099557   inf
-0.157080   1.413717   7.460266
-0.157080   1.727876   inf
-0.157080   2.042035   inf
-0.157080   2.356194   inf
-0.157080   2.670354   inf
-0.157080   2.984513   inf
0.157080   -2.984513   inf
0.157080   -2.670354   inf
0.157080   -2.356194   inf
0.157080   -2.042035   inf
0.157080   -1.727876   inf
0.157080   -1.413717   10.833608
0.157080   -1.099557   10.224610
0.157080   -0.785398   9.599119
0.157080   -0.471239   inf
0.157080   -0.157080   inf
0.157080   0.157080   inf
0.157080   0.471239   inf
0.157080   0.785398   inf
0.157080   1.099557   inf
0.157080   1.413717   inf
0.157080   1.727876   inf
0.157080   2.042035   inf
0.157080   2.356194   inf
0.157080   2.670354   inf
0.157080   2.984513   inf
0.471239   -2.984513   inf
0.471239   -2.670354   inf
0.471239   -2.356194   inf
0.471239   -2.042035   inf
0.471239   -1.727876   9.327793
0.471239   -1.413717   8.736578
0.471239   -1.099557   8.081572
0.471239   -0.785398   7.961830
0.471239   -0.471239   7.659562
0.471239   -0.157080   7.981044
0.471239   0.157080   8.556519
0.471239   0.471239   8.829643
0.471239   0.785398   inf
0.471239   1.099557   inf
0.471239   1.413717   inf
0.471239   1.727876   inf
0.471239   2.042035   inf
0.471239   2.356194   inf
0.471239   2.670354   inf
0.471239   2.984513   inf
0.785398   -2.984513   inf
0.785398   -2.670354   inf
0.785398   -2.356194   inf
0.785398   -2.042035   8.311691
0.785398   -1.727876   7.208448
0.785398   -1.413717   6.346351
0.785398   -1.099557   5.556381
0.785398   -0.785398   5.191744
0.785398   -0.471239   5.191344
0.785398   -0.157080   5.563815
0.785398   0.157080   6.469815
0.785398   0.471239   7.710261
0.785398   0.785398   8.679111
0.785398   1.099557   inf
0.785398   1.413717   inf
0.785398   1.727876   inf
0.785398   2.042035   inf
0.785398   2.356194   inf
0.785398   2.670354   inf
0.785398   2.984513   inf
1.099557   -2.984513   inf
1.099557   -2.670354   inf
1.099557   -2.356194   9.612636
1.099557   -2.042035   8.365718
1.099557   -1.727876   7.119868
1.099557   -1.413717   5.853500
1.099557   -1.099557   4.932802
1.099557   -0.785398   4.559805
1.099557   -0.471239   4.723421
1.099557   -0.157080   5.423543
1.099557   0.157080   6.637346
1.099557   0.471239   8.415212
1.099557   0.785398   inf
1.099557   1.099557   inf
1.099557   1.413717   inf
1.099557   1.727876   inf
1.099557   2.042035   inf
1.099557   2.356194   inf
1.099557   2.670354   inf
1.099557   2.984513   inf
1.413717   -2.984513   inf
1.413717   -2.670354   inf
1.413717   -2.356194   inf
1.413717   -2.042035   10.454796
1.413717   -1.727876   9.404543
1.413717   -1.413717   7.682225
1.413717   -1.099557   6.588533
1.413717   -0.785398   6.195844
1.413717   -0.471239   6.596098
1.413717   -0.157080   7.587254
1.413717   0.157080   8.976781
1.413717   0.471239   9.981010
1.413717   0.785398   inf
1.413717   1.099557   inf
1.413717   1.413717   inf
1.413717   1.727876   inf
1.413717   2.042035   inf
1.413717   2.356194   inf
1.413717   2.670354   inf
1.413717   2.984513   inf
1.727876   -2.984513   inf
1.727876   -2.670354   inf
1.727876   -2.356194   inf
1.727876   -2.042035   inf
1.727876   -1.727876   inf
1.727876   -1.413717   inf
1.727876   -1.099557   inf
1.727876   -0.785398   inf
1.727876   -0.471239   inf
1.727876   -0.157080   inf
1.727876   0.157080   inf
1.727876   0.471239   inf
1.727876   0.785398   inf
1.727876   1.099557   inf
1.727876   1.413717   inf
1.727876   1.727876   inf
1.727876   2.042035   inf
1.727876   2.356194   inf
1.727876   2.670354   inf
1.727876   2.984513   inf
2.042035   -2.984513   inf
2.042035   -2.670354   inf
2.042035   -2.356194   inf
2.042035   -2.042035   inf
2.042035   -1.727876   inf
2.042035   -1.413717   inf
2.042035   -1.099557   inf
2.042035   -0.785398   inf
2.042035   -0.471239   inf
2.042035   -0.157080   inf
2.042035   0.157080   inf
2.042035   0.471239   inf
2.042035   0.785398   inf
2.042035   1.099557   inf
2.042035   1.413717   inf
2.042035   1.727876   inf
2.042035   2.042035   inf
2.042035   2.356194   inf
2.042035   2.670354   inf
2.042035   2.984513   inf
2.356194   -2.984513   inf
2.356194   -2.670354   inf
2.356194   -2.356194   inf
2.356194   -2.042035   inf
2.356194   -1.727876   inf
2.356194   -1.413717   inf
2.356194   -1.099557   inf
2.356194   -0.785398   inf
2.356194   -0.471239   inf
2.356194   -0.157080   inf
2.356194   0.157080   inf
2.356194   0.471239   inf
2.356194   0.785398   inf
2.356194   1.099557   inf
2.356194   1.413717   inf
2.356194   1.727876   inf
2.356194   2.042035   inf
2.356194   2.356194   inf
2.356194   2.670354   inf
2.356194   2.984513   inf
2.670354   -2.984513   inf
2.670354   -2.670354   inf
2.670354   -2.356194   inf
2.670354   -2.042035   inf
2.670354   -1.727876   inf
2.670354   -1.413717   inf
2.670354   -1.099557   inf
2.670354   -0.785398   inf
2.670354   -0.471239   inf
2.670354   -0.157080   inf
2.670354   0.157080   inf
2.670354   0.471239   inf
2.670354   0.785398   inf
2.670354   1.099557   inf
2.670354   1.413717   inf
2.670354   1.727876   inf
2.670354   2.042035   inf
2.670354   2.356194   inf
2.670354   2.670354   inf
2.670354   2.984513   inf
2.984513   -2.984513   5.087472
2.984513   -2.670354   6.723630
2.984513   -2.356194   8.468312
2.984513   -2.042035   inf
2.984513   -1.727876   inf
2.984513   -1.413717   inf
2.984513   -1.099557   inf
2.984513   -0.785398   inf
2.984513   -0.471239   8.859778
2.984513   -0.157080   inf
2.984513   0.157080   inf
2.984513   0.471239   inf
2.984513   0.785398   inf
2.984513   1.099557   inf
2.984513   1.413717   inf
2.984513   1.727876   8.599588
2.984513   2.042035   7.172491
2.984513   2.356194   5.528484
2.984513   2.670354   4.507614
2.984513   2.984513   4.170616
