      0.0000      -1.3400       1.0600       0.4602       0.0000
      0.6198      -1.3400       0.7600       0.8670       0.0000
      0.9504      -1.0400       0.7600       3.4304       0.0000
      1.5289      -1.0400       0.4600       2.8964       0.0000
      2.1488      -0.7400       0.4600       6.4732       0.0000
      2.4793      -0.7400       0.1600       5.4865       0.0000
      3.3471      -0.4400       0.1600       8.2167       0.0000
      3.3884      -0.4400      -0.1400       7.2706       0.0000
      4.3388      -0.4400      -0.4400       6.9483       0.0000
      4.5041      -0.1400      -0.4400       7.2706       0.0000
      5.2479      -0.1400      -0.7400       7.4502       0.0000
      5.7025       0.1600      -0.7400       5.4467       0.0000
      6.8595       0.4600      -0.7400       2.6453       0.0000
      8.0579       0.7600      -0.7400       1.3738       0.0000
      9.2149       1.0600      -0.7400       1.3395       0.0000
