      0.0000      -1.4137       1.0996       0.0201       0.0000
      0.4959      -1.4137       0.7854       0.1397       0.0000
      0.7438      -1.0996       0.7854       0.9886       0.0000
      1.4463      -1.0996       0.4712       1.3534       0.0000
      1.9835      -0.7854       0.4712       3.6629       0.0000
      2.4380      -0.7854       0.1571       3.9966       0.0000
      3.2231      -0.4712       0.1571       7.2220       0.0000
      3.3884      -0.4712      -0.1571       7.2144       0.0000
      4.3802      -0.4712      -0.4712       7.5172       0.0000
      4.4628      -0.1571      -0.4712       9.2489       0.0000
      5.3306      -0.1571      -0.7854      10.2319       0.0000
      5.6612       0.1571      -0.7854       9.5991       0.0000
      6.9008       0.4712      -0.7854       7.9618       0.0000
      8.1405       0.7854      -0.7854       5.1917       0.0000
      9.3802       1.0996      -0.7854       4.5598       0.0000
