      0.0000      -1.4000       1.1000       0.0000       0.0000
      0.4959      -1.4000       0.8000       0.1533       0.2133
      0.7025      -1.1000       0.8000       1.5933       0.2500
      1.4463      -1.1000       0.5000       1.7733       0.2267
      1.9421      -0.8000       0.5000       5.8667       0.3333
      2.4380      -0.8000       0.2000       4.8867       0.3033
      3.1818      -0.5000       0.2000      10.5233       0.4833
      3.3884      -0.5000      -0.2000       8.3333       0.4267
      4.3802      -0.5000      -0.5000       7.5933       0.3567
      4.4215      -0.2000      -0.5000      11.0700       0.4400
      5.3719      -0.2000      -0.8000      10.5500       0.3533
      5.6612       0.2000      -0.8000      10.6033       0.4200
      6.9008       0.5000      -0.8000       6.3800       0.2967
      8.1405       0.8000      -0.8000       3.6800       0.2600
      9.3802       1.1000      -0.8000       2.3100       0.2567
