      0.0000      -2.5400       0.0600       3.4194      -2.5400
      0.2479       0.0000       0.0000       0.0000       0.0000
      0.4959       0.0000       0.0000       0.0000       0.0000
      0.7851       0.0000       0.0000       0.0000       0.0000
      1.3636       0.0000       0.0000       0.0000       0.0000
      1.7769       0.0000       0.0000       0.0000       0.0000
      1.9008       1.2802      -1.9400       3.0600       4.3428
      2.4793       2.6600       0.7099      -1.9400       2.8600
      3.0165      -1.9400       2.4600       0.9857      -1.9400
      3.0992      -1.7400       1.6600       1.5786      -1.7400
      3.5950       1.1582      -1.7400       1.4600       1.0562
      4.1322       1.0600       0.6484      -1.7400       1.2600
      4.3802       0.2600       0.8374      -1.5400       0.4600
      4.7107      -1.5400       0.0600       1.2959      -1.5400
      5.2479       2.5834      -1.5400      -0.1400       1.5263
      5.7025       6.1294      -1.3400      -0.9400       5.3038
      6.9835       9.9445      -1.1400      -1.7400       9.9445
      8.2645      12.2353      -0.9400      -2.5400      13.9681
      9.5868       5.6376      -0.9400       3.0600      11.2216
