1 -2.740000 -0.940000 5.119220
2 -2.740000 2.660000 0.000000
3 -2.540000 -0.340000 4.127825
4 -1.940000 2.460000 0.961436
5 -1.540000 0.860000 0.216278
6 -1.540000 1.660000 0.772893
7 -1.340000 -1.740000 -2.333333
8 -1.140000 -0.540000 2.337563
9 -0.340000 -1.140000 6.477037
10 0.060000 1.260000 8.806937
11 0.860000 2.860000 8.806937
12 1.060000 -0.740000 1.476336
13 1.060000 -0.340000 1.579402
14 2.860000 -2.140000 9.592039
15 2.860000 -1.740000 9.592039
16 2.860000 -0.540000 8.495364
17 2.860000 2.460000 4.740009
18 2.860000 2.860000 5.334757
