17 -1.255940 -0.313942 0.000000
5 -2.407280 0.104724 0.162500
4 -2.616610 2.826060 1.779900
19 -1.151280 2.616720 3.135900
25 -0.104609 -0.104609 4.072600
44 0.732724 0.523391 4.403000
3 -2.616610 1.465390 4.612400
16 -1.360610 1.360720 5.456700
18 -1.255940 1.674720 5.644500
14 -1.465280 1.570060 5.763700
54 1.151390 -0.313942 5.908100
52 1.046720 -0.732609 6.390800
9 -1.883940 1.570060 6.662100
7 -1.988610 -2.616610 7.184000
72 2.721390 -0.627942 7.536800
55 1.256060 -0.837276 7.541300
22 -0.418609 2.093390 7.755200
21 -0.418609 1.779390 7.878700
56 1.465390 -0.523276 7.921200
57 1.674720 -0.313942 7.935800
50 0.942058 -1.151280 8.096000
23 -0.209276 1.674720 8.124200
43 0.732724 -1.151280 8.125300
2 -2.721280 -2.197940 8.222200
10 -1.779280 -1.779280 8.287100
64 2.198060 -0.313942 8.329300
6 -2.093280 -2.093280 8.340700
35 0.418724 1.465390 8.352700
40 0.628058 1.465390 8.354000
47 0.942058 -2.930610 8.388700
20 -0.418609 1.360720 8.394600
27 -0.104609 1.256060 8.435200
26 -0.104609 1.046720 8.546400
45 0.837391 1.465390 8.596600
48 0.942058 -2.511940 8.599000
46 0.837391 2.930720 8.704900
59 1.884060 -0.209276 8.732500
12 -1.569940 -1.779280 8.758600
38 0.628058 -2.407280 8.788600
65 2.198060 0.104724 8.803700
13 -1.465280 -2.511940 8.815600
69 2.407390 2.616720 8.833200
51 1.046720 -1.360610 8.841500
67 2.407390 -0.523276 8.863400
36 0.523391 -1.360610 8.889500
30 0.104724 0.942058 8.898400
60 1.884060 0.104724 8.931600
70 2.512060 -0.732609 8.932500
53 1.046720 2.616720 8.933200
28 0.000058 1.570060 8.933500
1 -2.825940 -1.988610 8.942700
71 2.616720 2.721390 8.948800
68 2.407390 0.000058 9.030200
33 0.418724 -2.407280 9.063900
31 0.104724 1.884060 9.072300
32 0.209391 1.674720 9.092300
41 0.628058 1.988720 9.099700
37 0.628058 -2.825940 9.104600
58 1.779390 -0.732609 9.120000
62 1.988720 -0.732609 9.139000
66 2.302720 0.314058 9.170600
29 0.104724 -1.779280 9.173800
8 -1.883940 -2.093280 9.252700
34 0.418724 -1.569940 9.268800
63 2.198060 -0.732609 9.275800
24 -0.209276 2.093390 9.375900
73 2.826060 -2.721280 9.514000
15 -1.360610 -2.302610 9.559500
42 0.732724 -1.988610 9.559500
39 0.628058 -1.674610 9.590000
49 0.942058 -2.197940 9.633800
61 1.884060 0.314058 9.741900
11 -1.674610 -2.302610 9.770500
