1 -2.940000 -2.040000 8.889252
2 -2.840000 -1.740000 10.145820
3 -2.840000 -0.640000 9.115212
4 -2.740000 -1.940000 9.811995
5 -2.740000 -1.240000 9.081654
6 -2.740000 2.560000 0.988228
7 -2.640000 -1.640000 10.591440
8 -2.640000 -0.940000 8.682033
9 -2.640000 2.760000 0.982998
10 -2.540000 -1.340000 9.811995
11 -2.540000 -0.740000 8.124174
12 -2.540000 1.260000 5.031534
13 -2.440000 -1.940000 9.401238
14 -2.440000 -1.740000 9.724267
15 -2.440000 -1.540000 10.472370
16 -2.440000 -0.540000 8.013044
17 -2.440000 0.060000 5.700672
18 -2.440000 1.660000 4.042176
19 -2.340000 -1.040000 8.889252
20 -2.340000 0.360000 4.853342
21 -2.340000 2.760000 1.319440
22 -2.240000 -0.640000 7.865322
23 -2.140000 -1.740000 10.414900
24 -2.140000 2.460000 1.590658
25 -2.040000 -0.340000 5.717974
26 -1.840000 -1.440000 10.848080
27 -1.840000 2.560000 1.878047
28 -1.740000 -1.140000 9.639513
29 -1.640000 2.460000 2.058148
30 -1.540000 -1.540000 -2.500000
31 -1.540000 2.060000 1.940479
32 -1.440000 0.760000 0.063385
33 -1.440000 0.960000 0.000000
34 -1.440000 1.660000 1.745240
35 -1.440000 2.360000 2.183740
36 -1.340000 -2.440000 -2.500000
37 -1.140000 -2.540000 -2.500000
38 -1.040000 -1.240000 11.211030
39 -0.640000 -1.240000 -2.500000
40 -0.440000 -0.740000 9.149226
41 -0.440000 -0.340000 8.951755
42 -0.340000 0.760000 12.264070
43 -0.140000 -0.940000 -2.500000
44 -0.140000 -0.740000 9.997265
45 -0.140000 1.160000 11.457140
46 -0.040000 -0.140000 11.059470
47 -0.040000 0.060000 10.916580
48 -0.040000 0.660000 -2.500000
49 -0.040000 0.860000 12.147770
50 0.160000 -1.440000 9.517538
51 0.160000 -0.440000 8.889252
52 0.160000 1.160000 -2.500000
53 0.260000 0.360000 10.781410
54 0.260000 0.860000 10.358720
55 0.460000 -1.240000 7.865322
56 0.560000 0.660000 7.969940
57 0.660000 -2.740000 9.902915
58 0.760000 -2.340000 7.764907
59 0.760000 0.460000 6.992146
60 0.760000 0.660000 7.764907
61 0.860000 -2.740000 8.147005
62 0.860000 -2.140000 7.006639
63 0.960000 -1.940000 7.485807
64 0.960000 -0.640000 3.188971
65 0.960000 -0.440000 3.526410
66 0.960000 2.960000 9.290108
67 1.060000 -0.840000 3.385923
68 1.060000 0.360000 7.187440
69 1.160000 -2.740000 9.081654
70 1.460000 -2.640000 -2.500000
71 1.460000 -1.840000 10.145820
72 1.560000 0.160000 10.987000
73 1.560000 2.360000 -2.500000
74 1.660000 -2.540000 13.463000
75 1.660000 -1.240000 10.145820
76 2.860000 -1.140000 12.386040
77 2.960000 -2.640000 -2.500000
78 2.960000 1.460000 11.635780
79 2.960000 1.860000 9.557539
