-1.327   1.43
-1.324   1.462
-1.304   1.489
-1.282   1.513
-1.254   1.529
-1.221   1.533
-1.190   1.525
-1.159   1.512
-1.130   1.498
-1.101   1.483
-1.073   1.466
-1.046   1.447
-1.020   1.427
-0.997   1.404
-0.975   1.379
-0.955   1.354
-0.936   1.327
-0.918   1.299
-0.902   1.271
-0.886   1.242
-0.870   1.214
-0.855   1.184
-0.840   1.155
-0.826   1.126
-0.812   1.096
-0.797   1.067
-0.783   1.037
-0.769   1.008
-0.755   0.978
-0.741   0.949
-0.727   0.919
-0.712   0.89
-0.698   0.86
-0.683   0.831
-0.668   0.802
-0.653   0.773
-0.638   0.744
-0.622   0.715
-0.606   0.686
-0.590   0.658
-0.573   0.63
-0.557   0.602
-0.539   0.574
-0.522   0.546
-0.504   0.519
-0.486   0.491
-0.467   0.464
-0.448   0.438
-0.429   0.411
-0.410   0.385
-0.390   0.359
-0.369   0.333
-0.349   0.308
-0.328   0.283
-0.306   0.258
-0.284   0.233
-0.262   0.209
-0.240   0.185
-0.217   0.162
-0.194   0.139
-0.170   0.116
-0.146   0.094
-0.122   0.072
-0.097   0.05
-0.072   0.03
-0.046   0.01
-0.019   -0.01
0.008   -0.028
0.036   -0.045
0.065   -0.061
0.094   -0.075
0.124   -0.088
0.155   -0.099
0.186   -0.108
0.218   -0.117
0.250   -0.124
0.282   -0.131
0.314   -0.137
0.347   -0.142
0.379   -0.147
0.412   -0.151
0.444   -0.155
0.477   -0.158
0.509   -0.161
0.542   -0.163
0.575   -0.165
0.607   -0.166
0.640   -0.167
0.673   -0.167
0.706   -0.166
0.738   -0.165
0.771   -0.163
0.804   -0.16
0.836   -0.157
0.869   -0.153
0.901   -0.148
0.933   -0.141
0.964   -0.131
0.996   -0.119
1.009   -0.09
   1
