-1.37 1.04
-1.36   1.0272
-1.35   1.0145
-1.34   1.0018
-1.33   0.9891
-1.32   0.9764
-1.31   0.9637
-1.3   0.951
-1.29   0.9383
-1.28   0.9256
-1.27   0.9129
-1.26   0.9002
-1.25   0.8875
-1.24   0.8748
-1.23   0.8621
-1.22   0.8494
-1.21   0.8367
-1.2   0.824
-1.19   0.8113
-1.18   0.7986
-1.17   0.7859
-1.16   0.7732
-1.15   0.7605
-1.14   0.7478
-1.13   0.7351
-1.12   0.7224
-1.11   0.7097
-1.1   0.697
-1.09   0.6843
-1.08   0.6716
-1.07   0.6589
-1.06   0.6462
-1.05   0.6335
-1.04   0.6208
-1.03   0.6081
-1.02   0.5954
-1.01   0.5827
-1   0.57
-0.99   0.5573
-0.98   0.5446
-0.97   0.5319
-0.96   0.5192
-0.95   0.5065
-0.94   0.4938
-0.93   0.4811
-0.92   0.4684
-0.91   0.4557
-0.9   0.443
-0.89   0.4303
-0.88   0.4176
-0.87   0.4049
-0.86   0.3922
-0.85   0.3795
-0.84   0.3668
-0.83   0.3541
-0.82   0.3414
-0.81   0.3287
-0.8   0.316
-0.79   0.3033
-0.78   0.2906
-0.77   0.2779
-0.76   0.2652
-0.75   0.2525
-0.74   0.2398
-0.73   0.2271
-0.72   0.2144
-0.71   0.2017
-0.7   0.189
-0.69   0.1763
-0.68   0.1636
-0.67   0.1509
-0.66   0.1382
-0.65   0.1255
-0.64   0.1128
-0.63   0.1001
-0.62   0.0874
-0.61   0.0747
-0.6   0.062
-0.59   0.0493
-0.58   0.0366
-0.57   0.0239
-0.56   0.0112
-0.55   -0.0015
-0.54   -0.0142
-0.53   -0.0269
-0.52   -0.0396
-0.51   -0.0523
-0.5   -0.065
-0.49   -0.0777
-0.48   -0.0904
-0.47   -0.1031
-0.46   -0.1158
-0.45   -0.1285
-0.44   -0.1412
-0.43   -0.1539
-0.42   -0.1666
-0.41   -0.1793
-0.4   -0.192
-0.39   -0.2047
-0.38   -0.2174
-0.37   -0.2301
-0.36   -0.2428
-0.35   -0.2555
-0.34   -0.2682
-0.33   -0.2809
-0.32   -0.2936
-0.31   -0.3063
-0.3   -0.319
-0.29   -0.3317
-0.28   -0.3444
-0.27   -0.3571
-0.26   -0.3698
-0.25   -0.3825
-0.24   -0.3952
-0.23   -0.4079
-0.22   -0.4206
-0.21   -0.4333
-0.2   -0.446
-0.19   -0.4587
-0.18   -0.4714
-0.17   -0.4841
-0.16   -0.4968
-0.15   -0.5095
-0.14   -0.5222
-0.13   -0.5349
-0.12   -0.5476
-0.11   -0.5603
-0.1   -0.573
-0.09   -0.5857
-0.08   -0.5984
-0.07   -0.6111
-0.06   -0.6238
-0.05   -0.6365
-0.04   -0.6492
-0.03   -0.6619
-0.02   -0.6746
-0.01   -0.6873
0.00 -0.7
0.01   -0.7
0.02   -0.7
0.03   -0.7
0.04   -0.7
0.05   -0.7
0.06   -0.7
0.07   -0.7
0.08   -0.7
0.09   -0.7
0.1   -0.7
0.11   -0.7
0.12   -0.7
0.13   -0.7
0.14   -0.7
0.15   -0.7
0.16   -0.7
0.17   -0.7
0.18   -0.7
0.19   -0.7
0.2   -0.7
0.21   -0.7
0.22   -0.7
0.23   -0.7
0.24   -0.7
0.25   -0.7
0.26   -0.7
0.27   -0.7
0.28   -0.7
0.29   -0.7
0.3   -0.7
0.31   -0.7
0.32   -0.7
0.33   -0.7
0.34   -0.7
0.35   -0.7
0.36   -0.7
0.37   -0.7
0.38   -0.7
0.39   -0.7
0.4   -0.7
0.41   -0.7
0.42   -0.7
0.43   -0.7
0.44   -0.7
0.45   -0.7
0.46   -0.7
0.47   -0.7
0.48   -0.7
0.49   -0.7
0.5   -0.7
0.51   -0.7
0.52   -0.7
0.53   -0.7
0.54   -0.7
0.55   -0.7
0.56   -0.7
0.57   -0.7
0.58   -0.7
0.59   -0.7
0.6   -0.7
0.61   -0.7
0.62   -0.7
0.63   -0.7
0.64   -0.7
0.65   -0.7
0.66   -0.7
0.67   -0.7
0.68   -0.7
0.69   -0.7
0.7   -0.7
0.71   -0.7
0.72   -0.7
0.73   -0.7
0.74   -0.7
0.75   -0.7
0.76   -0.7
0.77   -0.7
0.78   -0.7
0.79   -0.7
0.8   -0.7
0.81   -0.7
0.82   -0.7
0.83   -0.7
0.84   -0.7
0.85   -0.7
0.86   -0.7
0.87   -0.7
0.88   -0.7
0.89   -0.7
0.9   -0.7
0.91   -0.7
0.92   -0.7
0.93   -0.7
0.94   -0.7
0.95   -0.7
0.96   -0.7
0.97   -0.7
0.98   -0.7
0.99   -0.7
1   -0.7
1.01   -0.7
1.02   -0.7
1.03   -0.7
1.04   -0.7
