  -1.327    0.430 
  -1.324    0.462 
  -1.304    0.489 
  -1.282    0.513 
  -1.254    0.529 
  -1.221    0.533 
  -1.190    0.525 
  -1.159    0.512 
  -1.130    0.498 
  -1.101    0.483 
  -1.073    0.466 
  -1.046    0.447 
  -1.020    0.427 
  -0.997    0.404 
  -0.975    0.379 
  -0.955    0.354 
  -0.936    0.327 
  -0.918    0.299 
  -0.902    0.271 
  -0.886    0.242 
  -0.870    0.214 
  -0.855    0.184 
  -0.840    0.155 
  -0.826    0.126 
  -0.812    0.096 
  -0.797    0.067 
  -0.783    0.037 
  -0.769    0.008 
  -0.755   -0.022 
  -0.741   -0.051 
  -0.727   -0.081 
  -0.712   -0.110 
  -0.698   -0.140 
  -0.683   -0.169 
  -0.668   -0.198 
  -0.653   -0.227 
  -0.638   -0.256 
  -0.622   -0.285 
  -0.606   -0.314 
  -0.590   -0.342 
  -0.573   -0.370 
  -0.557   -0.398 
  -0.539   -0.426 
  -0.522   -0.454 
  -0.504   -0.481 
  -0.486   -0.509 
  -0.467   -0.536 
  -0.448   -0.562 
  -0.429   -0.589 
  -0.410   -0.615 
  -0.390   -0.641 
  -0.369   -0.667 
  -0.349   -0.692 
  -0.328   -0.717 
  -0.306   -0.742 
  -0.284   -0.767 
  -0.262   -0.791 
  -0.240   -0.815 
  -0.217   -0.838 
  -0.194   -0.861 
  -0.170   -0.884 
  -0.146   -0.906 
  -0.122   -0.928 
  -0.097   -0.950 
  -0.072   -0.970 
  -0.046   -0.990 
  -0.019   -1.010 
   0.008   -1.028 
   0.036   -1.045 
   0.065   -1.061 
   0.094   -1.075 
   0.124   -1.088 
   0.155   -1.099 
   0.186   -1.108 
   0.218   -1.117 
   0.250   -1.124 
   0.282   -1.131 
   0.314   -1.137 
   0.347   -1.142 
   0.379   -1.147 
   0.412   -1.151 
   0.444   -1.155 
   0.477   -1.158 
   0.509   -1.161 
   0.542   -1.163 
   0.575   -1.165 
   0.607   -1.166 
   0.640   -1.167 
   0.673   -1.167 
   0.706   -1.166 
   0.738   -1.165 
   0.771   -1.163 
   0.804   -1.160 
   0.836   -1.157 
   0.869   -1.153 
   0.901   -1.148 
   0.933   -1.141 
   0.964   -1.131 
   0.996   -1.119 
   1.009   -1.090 

