          0.00150000          0.00000000
          0.00450000          0.00000000
          0.00750000          0.00000000
          0.01050000          0.00000000
          0.01350000          0.00000000
          0.01650000          0.00000000
          0.01950000          0.00000000
          0.02250000          0.00000000
          0.02550000          0.00000000
          0.02850000          0.00000000
          0.03150000          0.00000000
          0.03450000          0.00000000
          0.03750000          0.00000000
          0.04050000          0.00000000
          0.04350000          0.00000000
          0.04650000          0.00000000
          0.04950000          0.00000000
          0.05250000          0.00000000
          0.05550000          0.00000000
          0.05850000          0.00000000
          0.06150000          0.00000000
          0.06450000          0.00000000
          0.06750000          0.00000000
          0.07050000          0.00000000
          0.07350000          0.00000000
          0.07650000          0.00000000
          0.07950000          0.00000000
          0.08250000          0.00000000
          0.08550000          0.00000000
          0.08850000          0.00000000
          0.09150000          0.00000000
          0.09450000          0.00000000
          0.09750000          0.00000000
          0.10050000          0.00000000
          0.10350000          0.00000000
          0.10650000          0.00000000
          0.10950000          0.00000000
          0.11250000          0.00000000
          0.11550000          0.00000000
          0.11850000          0.00000000
          0.12150000          0.00000000
          0.12450000          0.00000000
          0.12750000          0.00000000
          0.13050000          0.00000000
          0.13350000          0.00000000
          0.13650000          0.00000000
          0.13950000          0.00000000
          0.14250000          0.00000000
          0.14550000          0.00000000
          0.14850000          0.00000000
          0.15150000          0.00000000
          0.15450000          0.00000000
          0.15750000          0.00000000
          0.16050000          0.00000000
          0.16350000          0.00000000
          0.16650000          0.00000000
          0.16950000          0.00000000
          0.17250000          0.00000000
          0.17550000          0.00000000
          0.17850000          0.00000000
          0.18150000          0.00000000
          0.18450000          0.00000000
          0.18750000          0.00000000
          0.19050000          0.00000000
          0.19350000          0.00000000
          0.19650000          0.00000000
          0.19950000          0.00000000
          0.20250000          0.00000000
          0.20550000          0.00000000
          0.20850000          0.00000000
          0.21150000          0.00000000
          0.21450000          0.00000000
          0.21750000          0.00000000
          0.22050000          0.00000000
          0.22350000          0.00000000
          0.22650000          0.00000000
          0.22950000          0.00000000
          0.23250000          0.00000000
          0.23550000          0.00000000
          0.23850000          0.00000000
          0.24150000          0.00000000
          0.24450000          0.00344239
          0.24750000          0.02183961
          0.25050000          0.07708981
          0.25350000          0.20984138
          0.25650000          0.43345154
          0.25950000          0.82262414
          0.26250000          1.22647622
          0.26550000          1.73821287
          0.26850000          2.16463808
          0.27150000          2.47324060
          0.27450000          2.66361210
          0.27750000          2.76275091
          0.28050000          2.69380332
          0.28350000          2.57882897
          0.28650000          2.45673362
          0.28950000          2.25463725
          0.29250000          2.03774172
          0.29550000          1.79761651
          0.29850000          1.67928765
          0.30150000          1.58039647
          0.30450000          1.45278221
          0.30750000          1.32143833
          0.31050000          1.22196033
          0.31350000          1.16590408
          0.31650000          1.08907521
          0.31950000          1.07319418
          0.32250000          1.00247800
          0.32550000          0.97702487
          0.32850000          0.96157329
          0.33150000          0.91771174
          0.33450000          0.90139719
          0.33750000          0.85590608
          0.34050000          0.89973095
          0.34350000          0.89465279
          0.34650000          0.88818178
          0.34950000          0.87503678
          0.35250000          0.86996556
          0.35550000          0.89354483
          0.35850000          0.86799844
          0.36150000          0.89613268
          0.36450000          0.86439571
          0.36750000          0.86620712
          0.37050000          0.89419194
          0.37350000          0.90413804
          0.37650000          0.89786239
          0.37950000          0.87134101
          0.38250000          0.91946992
          0.38550000          0.91941104
          0.38850000          0.94823551
          0.39150000          0.93358909
          0.39450000          0.93986669
          0.39750000          0.95501037
          0.40050000          0.98313429
          0.40350000          0.96946998
          0.40650000          0.97007419
          0.40950000          0.98638405
          0.41250000          0.95856814
          0.41550000          0.96559080
          0.41850000          1.00518549
          0.42150000          0.98282829
          0.42450000          1.00461985
          0.42750000          0.99948506
          0.43050000          1.01876703
          0.43350000          1.01907535
          0.43650000          1.02706181
          0.43950000          1.02313317
          0.44250000          1.02309125
          0.44550000          1.00923080
          0.44850000          1.04056939
          0.45150000          1.01651187
          0.45450000          1.02972960
          0.45750000          1.01169871
          0.46050000          1.03064750
          0.46350000          1.03842681
          0.46650000          1.00217075
          0.46950000          1.03968403
          0.47250000          1.02548339
          0.47550000          1.05718272
          0.47850000          1.04024188
          0.48150000          1.03316404
          0.48450000          1.03235500
          0.48750000          1.04397502
          0.49050000          1.03917124
          0.49350000          1.02037862
          0.49650000          1.05334112
          0.49950000          1.02236668
          0.50250000          1.03169127
          0.50550000          1.01722181
          0.50850000          1.01436680
          0.51150000          1.03050676
          0.51450000          1.01764615
          0.51750000          1.03233943
          0.52050000          1.01923335
          0.52350000          0.98897498
          0.52650000          1.02335043
          0.52950000          1.00627863
          0.53250000          1.01472864
          0.53550000          1.01811149
          0.53850000          1.01123604
          0.54150000          0.99126141
          0.54450000          0.99437409
          0.54750000          0.98860490
          0.55050000          0.98597859
          0.55350000          0.98853617
          0.55650000          0.99265453
          0.55950000          0.98780291
          0.56250000          0.99664174
          0.56550000          0.98515119
          0.56850000          0.96134367
          0.57150000          0.97403929
          0.57450000          0.93566431
          0.57750000          0.95354227
          0.58050000          0.96259767
          0.58350000          0.96198246
          0.58650000          0.95570609
          0.58950000          0.96610773
          0.59250000          0.95942418
          0.59550000          0.97912817
          0.59850000          0.95364095
          0.60150000          0.96718796
          0.60450000          0.97030443
          0.60750000          0.96984896
          0.61050000          0.98224096
          0.61350000          0.97947448
          0.61650000          0.97935162
          0.61950000          0.95937842
          0.62250000          0.97184367
          0.62550000          0.96989628
          0.62850000          0.99409768
          0.63150000          1.00133420
          0.63450000          0.99396997
          0.63750000          0.98942056
          0.64050000          1.00512974
          0.64350000          0.99955698
          0.64650000          0.99553243
          0.64950000          0.99825729
          0.65250000          1.01631367
          0.65550000          1.01059262
          0.65850000          1.01465750
          0.66150000          1.00675963
          0.66450000          1.00882539
          0.66750000          1.03137130
          0.67050000          1.03148624
          0.67350000          1.00930716
          0.67650000          1.02539543
          0.67950000          1.01233824
          0.68250000          1.04592610
          0.68550000          1.02415830
          0.68850000          1.02737761
          0.69150000          1.02204431
          0.69450000          1.02780235
          0.69750000          1.02944475
          0.70050000          1.03567155
          0.70350000          1.01346382
          0.70650000          1.03363822
          0.70950000          1.01449435
          0.71250000          1.01429597
          0.71550000          1.03723052
          0.71850000          1.00790961
          0.72150000          1.03210863
          0.72450000          1.01332028
          0.72750000          1.02832077
          0.73050000          1.01673412
          0.73350000          1.03415894
          0.73650000          1.01053248
          0.73950000          1.01608811
