   1  -0.000000   0.000000 
   2   0.000000  -0.000000 
   3  -0.000000   0.000000 
   4  -0.000000   0.000000 
   5  -0.000000   0.000000 
   6   0.000000   0.000000 
   7  -0.000000  -0.000000 
   8   0.000000   0.000000 
   9   0.000000   0.000000 
  10   0.000000   1.000000 
  11  -0.000000   0.000000 
  12   0.000000   0.000000 
  13   0.000000   0.000000 
  14   0.000000   0.000000 
  15   0.000000   0.000000 
  16  -0.001160   0.000000 
  17  -0.965856   0.000000 
  18  -0.000000   0.000000 
  19   0.000181   0.000000 
  20  -0.188649   0.000000 
  21  -0.083899   0.000000 
  22  -0.005232   0.000000 
  23   0.080917   0.000000 
  24   0.006860   0.000000 
  25   0.001305   0.000000 
  26   0.000000   0.000000 
  27  -0.094770   0.000000 
  28   0.003499   0.000000 
  29   0.087920   0.000000 
  30   0.033851   0.000000 

