The variance-covarucance matrix = 
   0.350   -0.029   -0.117   -0.023   -0.042    0.044   -0.037    0.004   -0.061   -0.038    0.035   -0.017   -0.026    0.006    0.013    0.018    0.001   -0.007   -0.004   -0.009   -0.196    0.033    0.018    0.127    0.117    0.100    0.023   -0.046   -0.071   -0.106 
  -0.029    0.147    0.022    0.019   -0.013   -0.085    0.012   -0.041    0.001   -0.030   -0.014   -0.019    0.000    0.011    0.008    0.012    0.012    0.003   -0.004   -0.011   -0.039   -0.108   -0.044    0.046    0.085    0.095    0.040   -0.004   -0.012   -0.048 
  -0.117    0.022    0.247   -0.074   -0.020   -0.050   -0.014   -0.043   -0.012    0.007   -0.004    0.000   -0.033    0.018    0.019    0.013    0.007    0.007   -0.005   -0.015   -0.028   -0.043   -0.105    0.054    0.099    0.067    0.047    0.002   -0.014   -0.051 
  -0.023    0.019   -0.074    0.187    0.059   -0.077    0.006   -0.021   -0.034   -0.035   -0.003    0.012    0.017   -0.005    0.003    0.003   -0.004   -0.018    0.002   -0.006    0.074    0.048    0.044   -0.038    0.017    0.075   -0.046   -0.045   -0.063   -0.049 
  -0.042   -0.013   -0.020    0.059    0.193   -0.072    0.029   -0.014   -0.031   -0.083    0.004    0.009    0.009    0.003    0.005    0.002   -0.013   -0.020    0.007   -0.004    0.018    0.064    0.055    0.027    0.013    0.023   -0.044   -0.028   -0.062   -0.069 
   0.044   -0.085   -0.050   -0.077   -0.072    0.558   -0.128   -0.072   -0.086    0.035   -0.029   -0.003    0.018   -0.008    0.010    0.010    0.002   -0.010    0.004    0.004   -0.019   -0.031   -0.033    0.011    0.010   -0.028   -0.001    0.002    0.018    0.077 
  -0.037    0.012   -0.014    0.006    0.029   -0.128    0.181    0.029    0.016   -0.102   -0.001    0.007   -0.003   -0.002   -0.015   -0.007    0.008   -0.005    0.013    0.006   -0.010   -0.003    0.004   -0.037   -0.046   -0.031    0.118    0.037    0.015   -0.057 
   0.004   -0.041   -0.043   -0.021   -0.014   -0.072    0.029    0.352   -0.124   -0.148    0.016   -0.001    0.004   -0.022   -0.029   -0.035   -0.009    0.029    0.008    0.031   -0.009   -0.013   -0.001   -0.076   -0.034   -0.063    0.043    0.148   -0.030    0.005 
  -0.061    0.001   -0.012   -0.034   -0.031   -0.086    0.016   -0.124    0.315    0.015   -0.009    0.003    0.008   -0.002   -0.003   -0.004    0.003    0.000    0.001    0.000    0.043    0.002    0.010   -0.057   -0.126   -0.104   -0.033   -0.056    0.242    0.062 
  -0.038   -0.030    0.007   -0.035   -0.083    0.035   -0.102   -0.148    0.015    0.427    0.003    0.008    0.012    0.004   -0.008   -0.005   -0.007    0.011   -0.022   -0.000    0.158    0.062    0.078   -0.034   -0.140   -0.131   -0.164   -0.041   -0.037    0.249 
   0.035   -0.014   -0.004   -0.003    0.004   -0.029   -0.001    0.016   -0.009    0.003    0.103   -0.007   -0.086    0.008   -0.004    0.015   -0.006    0.015   -0.008   -0.007    0.012    0.052    0.005    0.008    0.007    0.005   -0.018   -0.027   -0.020   -0.013 
  -0.017   -0.019    0.000    0.012    0.009   -0.003    0.007   -0.001    0.003    0.008   -0.007    0.041   -0.007    0.008   -0.003   -0.013   -0.002   -0.010   -0.003   -0.000    0.044    0.074    0.028   -0.002   -0.024   -0.018   -0.040   -0.037   -0.018   -0.000 
  -0.026    0.000   -0.033    0.017    0.009    0.018   -0.003    0.004    0.008    0.012   -0.086   -0.007    0.121   -0.027   -0.003   -0.006   -0.010   -0.022    0.006    0.007    0.040    0.013    0.095   -0.014   -0.043   -0.037   -0.042   -0.022   -0.016    0.008 
   0.006    0.011    0.018   -0.005    0.003   -0.008   -0.002   -0.022   -0.002    0.004    0.008    0.008   -0.027    0.038    0.002   -0.009    0.000   -0.007   -0.005   -0.003   -0.008    0.006   -0.005    0.067    0.018    0.005   -0.016   -0.033   -0.014   -0.014 
   0.013    0.008    0.019    0.003    0.005    0.010   -0.015   -0.029   -0.003   -0.008   -0.004   -0.003   -0.003    0.002    0.031    0.003    0.002   -0.027    0.007    0.003   -0.015   -0.010   -0.026    0.027    0.058    0.028    0.005   -0.025   -0.009   -0.020 
   0.018    0.012    0.013    0.003    0.002    0.010   -0.007   -0.035   -0.004   -0.005    0.015   -0.013   -0.006   -0.009    0.003    0.034   -0.004   -0.025    0.004    0.013   -0.031   -0.010   -0.019    0.011    0.034    0.042    0.016   -0.007   -0.007   -0.020 
   0.001    0.012    0.007   -0.004   -0.013    0.002    0.008   -0.009    0.003   -0.007   -0.006   -0.002   -0.010    0.000    0.002   -0.004    0.036   -0.014    0.006   -0.001   -0.027   -0.043   -0.040   -0.017    0.010    0.023    0.061    0.003    0.033    0.007 
  -0.007    0.003    0.007   -0.018   -0.020   -0.010   -0.005    0.029    0.000    0.011    0.015   -0.010   -0.022   -0.007   -0.027   -0.025   -0.014    0.158   -0.057   -0.045   -0.007   -0.042   -0.016   -0.045   -0.023   -0.003    0.000    0.107   -0.007    0.013 
  -0.004   -0.004   -0.005    0.002    0.007    0.004    0.013    0.008    0.001   -0.022   -0.008   -0.003    0.006   -0.005    0.007    0.004    0.006   -0.057    0.055    0.004   -0.014   -0.016   -0.027   -0.006    0.000   -0.004    0.033   -0.005    0.046   -0.005 
  -0.009   -0.011   -0.015   -0.006   -0.004    0.004    0.006    0.031    0.000   -0.000   -0.007   -0.000    0.007   -0.003    0.003    0.013   -0.001   -0.045    0.004    0.042   -0.001   -0.012   -0.016   -0.019   -0.018   -0.028    0.013    0.024    0.015    0.040 
  -0.196   -0.039   -0.028    0.074    0.018   -0.019   -0.010   -0.009    0.043    0.158    0.012    0.044    0.040   -0.008   -0.015   -0.031   -0.027   -0.007   -0.014   -0.001    0.552    0.165    0.058   -0.096   -0.212   -0.112   -0.228   -0.080   -0.097    0.088 
   0.033   -0.108   -0.043    0.048    0.064   -0.031   -0.003   -0.013    0.002    0.062    0.052    0.074    0.013    0.006   -0.010   -0.010   -0.043   -0.042   -0.016   -0.012    0.165    0.544    0.216    0.082   -0.129   -0.147   -0.257   -0.167   -0.209   -0.094 
   0.018   -0.044   -0.105    0.044    0.055   -0.033    0.004   -0.001    0.010    0.078    0.005    0.028    0.095   -0.005   -0.026   -0.019   -0.040   -0.016   -0.027   -0.016    0.058    0.216    0.549   -0.025   -0.134   -0.142   -0.232   -0.134   -0.188   -0.069 
   0.127    0.046    0.054   -0.038    0.027    0.011   -0.037   -0.076   -0.057   -0.034    0.008   -0.002   -0.014    0.067    0.027    0.011   -0.017   -0.045   -0.006   -0.019   -0.096    0.082   -0.025    0.475    0.123   -0.003   -0.095   -0.127   -0.165   -0.170 
   0.117    0.085    0.099    0.017    0.013    0.010   -0.046   -0.034   -0.126   -0.140    0.007   -0.024   -0.043    0.018    0.058    0.034    0.010   -0.023    0.000   -0.018   -0.212   -0.129   -0.134    0.123    0.450    0.205    0.097   -0.093   -0.074   -0.165 
   0.100    0.095    0.067    0.075    0.023   -0.028   -0.031   -0.063   -0.104   -0.131    0.005   -0.018   -0.037    0.005    0.028    0.042    0.023   -0.003   -0.004   -0.028   -0.112   -0.147   -0.142   -0.003    0.205    0.440    0.055   -0.099   -0.033   -0.076 
   0.023    0.040    0.047   -0.046   -0.044   -0.001    0.118    0.043   -0.033   -0.164   -0.018   -0.040   -0.042   -0.016    0.005    0.016    0.061    0.000    0.033    0.013   -0.228   -0.257   -0.232   -0.095    0.097    0.055    0.505    0.126    0.132   -0.074 
  -0.046   -0.004    0.002   -0.045   -0.028    0.002    0.037    0.148   -0.056   -0.041   -0.027   -0.037   -0.022   -0.033   -0.025   -0.007    0.003    0.107   -0.005    0.024   -0.080   -0.167   -0.134   -0.127   -0.093   -0.099    0.126    0.590   -0.091   -0.038 
  -0.071   -0.012   -0.014   -0.063   -0.062    0.018    0.015   -0.030    0.242   -0.037   -0.020   -0.018   -0.016   -0.014   -0.009   -0.007    0.033   -0.007    0.046    0.015   -0.097   -0.209   -0.188   -0.165   -0.074   -0.033    0.132   -0.091    0.575    0.174 
  -0.106   -0.048   -0.051   -0.049   -0.069    0.077   -0.057    0.005    0.062    0.249   -0.013   -0.000    0.008   -0.014   -0.020   -0.020    0.007    0.013   -0.005    0.040    0.088   -0.094   -0.069   -0.170   -0.165   -0.076   -0.074   -0.038    0.174    0.459 
The presicion matrix =
   1.967   -0.000   -0.000   -0.000   -0.000   -0.000   -0.000   -0.000   -0.000   -0.000   -0.000   -0.000   -0.000   -0.000   -0.000   -0.000   -0.000   -0.000   -0.000   -0.000    0.099   -0.000   -0.000   -0.000   -0.000   -0.000   -0.000   -0.000   -0.000   -0.000 
  -0.000    3.256   -0.000   -0.000   -0.000   -0.000   -0.000   -0.000   -0.000   -0.000   -0.000   -0.000   -0.000   -0.000   -0.000   -0.000   -0.000   -0.000   -0.000   -0.000   -0.000   -0.000   -0.000   -0.000   -0.000   -0.000   -0.000   -0.000   -0.000   -0.000 
  -0.000   -0.000    2.460   -0.000   -0.000   -0.000   -0.000   -0.000   -0.000   -0.000   -0.000   -0.000   -0.000   -0.000   -0.000   -0.000   -0.000   -0.000   -0.000   -0.000   -0.000   -0.000   -0.000   -0.000   -0.000   -0.000   -0.000   -0.000   -0.000   -0.000 
  -0.000   -0.000   -0.000    2.884   -0.000   -0.000   -0.000   -0.000   -0.000   -0.000   -0.000   -0.000   -0.000   -0.000   -0.000   -0.000   -0.000   -0.000   -0.000   -0.000   -0.000   -0.000   -0.000   -0.000   -0.000   -0.000   -0.000   -0.000   -0.000   -0.000 
  -0.000   -0.000   -0.000   -0.000    2.833   -0.000   -0.000   -0.000   -0.000   -0.000   -0.000   -0.000   -0.000   -0.000   -0.000   -0.000   -0.000   -0.000   -0.000   -0.000   -0.000   -0.000   -0.000   -0.000   -0.000   -0.000   -0.000   -0.000   -0.000   -0.000 
  -0.000   -0.000   -0.000   -0.000   -0.000    1.392   -0.000   -0.000   -0.000   -0.000   -0.000   -0.000   -0.000   -0.000   -0.000   -0.000   -0.000   -0.000   -0.000   -0.000   -0.000   -0.000   -0.000   -0.000   -0.000   -0.000   -0.000   -0.000   -0.000   -0.000 
  -0.000   -0.000   -0.000   -0.000   -0.000   -0.000    2.931   -0.000   -0.000   -0.000   -0.000   -0.000   -0.000   -0.000   -0.000   -0.000   -0.000   -0.000   -0.000   -0.000   -0.000   -0.000   -0.000   -0.000   -0.000   -0.000   -0.000   -0.000   -0.000   -0.000 
  -0.000   -0.000   -0.000   -0.000   -0.000   -0.000   -0.000    1.955   -0.000   -0.000   -0.000   -0.000   -0.000   -0.000   -0.000   -0.000   -0.000   -0.000   -0.000   -0.000   -0.000   -0.000   -0.000   -0.000   -0.000   -0.000   -0.000   -0.000   -0.000   -0.000 
  -0.000   -0.000   -0.000   -0.000   -0.000   -0.000   -0.000   -0.000    2.149   -0.000   -0.000   -0.000   -0.000   -0.000   -0.000   -0.000   -0.000   -0.000   -0.000   -0.000   -0.000   -0.000   -0.000   -0.000   -0.000   -0.000   -0.000   -0.000   -0.241   -0.000 
  -0.000   -0.000   -0.000   -0.000   -0.000   -0.000   -0.000   -0.000   -0.000    1.741   -0.000   -0.000   -0.000   -0.000   -0.000   -0.000   -0.000   -0.000   -0.000   -0.000   -0.000   -0.000   -0.000   -0.000   -0.000   -0.000    0.010   -0.000   -0.000   -0.251 
  -0.000   -0.000   -0.000   -0.000   -0.000   -0.000   -0.000   -0.000   -0.000   -0.000    3.804   -0.000   -0.000   -0.000   -0.000   -0.000   -0.000   -0.000   -0.000   -0.000   -0.000   -0.000   -0.000   -0.000   -0.000   -0.000   -0.000   -0.000   -0.000   -0.000 
  -0.000   -0.000   -0.000   -0.000   -0.000   -0.000   -0.000   -0.000   -0.000   -0.000   -0.000    4.977   -0.000   -0.000   -0.000   -0.000   -0.000   -0.000   -0.000   -0.000   -0.000   -0.000   -0.000   -0.000   -0.000   -0.000   -0.000   -0.000   -0.000   -0.000 
  -0.000   -0.000   -0.000   -0.000   -0.000   -0.000   -0.000   -0.000   -0.000   -0.000   -0.000   -0.000    3.561   -0.000   -0.000   -0.000   -0.000   -0.000   -0.000   -0.000   -0.000   -0.000   -0.000   -0.000   -0.000   -0.000   -0.000   -0.000   -0.000   -0.000 
  -0.000   -0.000   -0.000   -0.000   -0.000   -0.000   -0.000   -0.000   -0.000   -0.000   -0.000   -0.000   -0.000    5.060   -0.000   -0.000   -0.000   -0.000   -0.000   -0.000   -0.000   -0.000   -0.000   -0.000   -0.000   -0.000   -0.000   -0.000   -0.000   -0.000 
  -0.000   -0.000   -0.000   -0.000   -0.000   -0.000   -0.000   -0.000   -0.000   -0.000   -0.000   -0.000   -0.000   -0.000    5.248   -0.000   -0.000   -0.000   -0.000   -0.000   -0.000   -0.000   -0.000   -0.000   -0.000   -0.000   -0.000   -0.000   -0.000   -0.000 
  -0.000   -0.000   -0.000   -0.000   -0.000   -0.000   -0.000   -0.000   -0.000   -0.000   -0.000   -0.000   -0.000   -0.000   -0.000    5.158   -0.000   -0.000   -0.000   -0.000   -0.000   -0.000   -0.000   -0.000   -0.000   -0.000   -0.000   -0.000   -0.000   -0.000 
  -0.000   -0.000   -0.000   -0.000   -0.000   -0.000   -0.000   -0.000   -0.000   -0.000   -0.000   -0.000   -0.000   -0.000   -0.000   -0.000    5.103   -0.000   -0.000   -0.000   -0.000   -0.000   -0.000   -0.000   -0.000   -0.000   -0.000   -0.000   -0.000   -0.000 
  -0.000   -0.000   -0.000   -0.000   -0.000   -0.000   -0.000   -0.000   -0.000   -0.000   -0.000   -0.000   -0.000   -0.000   -0.000   -0.000   -0.000    3.143   -0.000   -0.000   -0.000   -0.000   -0.000   -0.000   -0.000   -0.000   -0.000   -0.000   -0.000   -0.000 
  -0.000   -0.000   -0.000   -0.000   -0.000   -0.000   -0.000   -0.000   -0.000   -0.000   -0.000   -0.000   -0.000   -0.000   -0.000   -0.000   -0.000   -0.000    4.656   -0.000   -0.000   -0.000   -0.000   -0.000   -0.000   -0.000   -0.000   -0.000   -0.000   -0.000 
  -0.000   -0.000   -0.000   -0.000   -0.000   -0.000   -0.000   -0.000   -0.000   -0.000   -0.000   -0.000   -0.000   -0.000   -0.000   -0.000   -0.000   -0.000   -0.000    4.947   -0.000   -0.000   -0.000   -0.000   -0.000   -0.000   -0.000   -0.000   -0.000   -0.000 
   0.099   -0.000   -0.000   -0.000   -0.000   -0.000   -0.000   -0.000   -0.000   -0.000   -0.000   -0.000   -0.000   -0.000   -0.000   -0.000   -0.000   -0.000   -0.000   -0.000    1.432   -0.000   -0.000   -0.000    0.120   -0.000    0.144   -0.000   -0.000   -0.000 
  -0.000   -0.000   -0.000   -0.000   -0.000   -0.000   -0.000   -0.000   -0.000   -0.000   -0.000   -0.000   -0.000   -0.000   -0.000   -0.000   -0.000   -0.000   -0.000   -0.000   -0.000    1.461   -0.091   -0.000   -0.000   -0.000    0.202    0.014    0.091   -0.000 
  -0.000   -0.000   -0.000   -0.000   -0.000   -0.000   -0.000   -0.000   -0.000   -0.000   -0.000   -0.000   -0.000   -0.000   -0.000   -0.000   -0.000   -0.000   -0.000   -0.000   -0.000   -0.091    1.433   -0.000   -0.000   -0.000    0.141   -0.000    0.047   -0.000 
  -0.000   -0.000   -0.000   -0.000   -0.000   -0.000   -0.000   -0.000   -0.000   -0.000   -0.000   -0.000   -0.000   -0.000   -0.000   -0.000   -0.000   -0.000   -0.000   -0.000   -0.000   -0.000   -0.000    1.576   -0.000   -0.000   -0.000   -0.000    0.009    0.025 
  -0.000   -0.000   -0.000   -0.000   -0.000   -0.000   -0.000   -0.000   -0.000   -0.000   -0.000   -0.000   -0.000   -0.000   -0.000   -0.000   -0.000   -0.000   -0.000   -0.000    0.120   -0.000   -0.000   -0.000    1.659   -0.125   -0.000   -0.000   -0.000    0.013 
  -0.000   -0.000   -0.000   -0.000   -0.000   -0.000   -0.000   -0.000   -0.000   -0.000   -0.000   -0.000   -0.000   -0.000   -0.000   -0.000   -0.000   -0.000   -0.000   -0.000   -0.000   -0.000   -0.000   -0.000   -0.125    1.677   -0.000   -0.000   -0.000   -0.000 
  -0.000   -0.000   -0.000   -0.000   -0.000   -0.000   -0.000   -0.000   -0.000    0.010   -0.000   -0.000   -0.000   -0.000   -0.000   -0.000   -0.000   -0.000   -0.000   -0.000    0.144    0.202    0.141   -0.000   -0.000   -0.000    1.563   -0.000   -0.000   -0.000 
  -0.000   -0.000   -0.000   -0.000   -0.000   -0.000   -0.000   -0.000   -0.000   -0.000   -0.000   -0.000   -0.000   -0.000   -0.000   -0.000   -0.000   -0.000   -0.000   -0.000   -0.000    0.014   -0.000   -0.000   -0.000   -0.000   -0.000    1.334   -0.000   -0.000 
  -0.000   -0.000   -0.000   -0.000   -0.000   -0.000   -0.000   -0.000   -0.241   -0.000   -0.000   -0.000   -0.000   -0.000   -0.000   -0.000   -0.000   -0.000   -0.000   -0.000   -0.000    0.091    0.047    0.009   -0.000   -0.000   -0.000   -0.000    1.396   -0.030 
  -0.000   -0.000   -0.000   -0.000   -0.000   -0.000   -0.000   -0.000   -0.000   -0.251   -0.000   -0.000   -0.000   -0.000   -0.000   -0.000   -0.000   -0.000   -0.000   -0.000   -0.000   -0.000   -0.000    0.025    0.013   -0.000   -0.000   -0.000   -0.030    1.652 
The inverse matrix of the presicion matrix =
   0.510    0.000    0.000    0.000    0.000    0.000    0.000    0.000    0.000   -0.000    0.000    0.000    0.000    0.000    0.000    0.000    0.000    0.000    0.000    0.000   -0.036   -0.000   -0.000    0.000    0.003    0.000    0.003    0.000    0.000   -0.000 
   0.000    0.307    0.000    0.000    0.000    0.000    0.000    0.000    0.000    0.000    0.000    0.000    0.000    0.000    0.000    0.000    0.000    0.000    0.000    0.000    0.000    0.000    0.000    0.000    0.000    0.000    0.000    0.000    0.000    0.000 
   0.000    0.000    0.407    0.000    0.000    0.000    0.000    0.000    0.000    0.000    0.000    0.000    0.000    0.000    0.000    0.000    0.000    0.000    0.000    0.000    0.000    0.000    0.000    0.000    0.000    0.000    0.000    0.000    0.000    0.000 
   0.000    0.000    0.000    0.347    0.000    0.000    0.000    0.000    0.000    0.000    0.000    0.000    0.000    0.000    0.000    0.000    0.000    0.000    0.000    0.000    0.000    0.000    0.000    0.000    0.000    0.000    0.000    0.000    0.000    0.000 
   0.000    0.000    0.000    0.000    0.353    0.000    0.000    0.000    0.000    0.000    0.000    0.000    0.000    0.000    0.000    0.000    0.000    0.000    0.000    0.000    0.000    0.000    0.000    0.000    0.000    0.000    0.000    0.000    0.000    0.000 
   0.000    0.000    0.000    0.000    0.000    0.718    0.000    0.000    0.000    0.000    0.000    0.000    0.000    0.000    0.000    0.000    0.000    0.000    0.000    0.000    0.000    0.000    0.000    0.000    0.000    0.000    0.000    0.000    0.000    0.000 
   0.000    0.000    0.000    0.000    0.000    0.000    0.341    0.000    0.000    0.000    0.000    0.000    0.000    0.000    0.000    0.000    0.000    0.000    0.000    0.000    0.000    0.000    0.000    0.000    0.000    0.000    0.000    0.000    0.000    0.000 
   0.000    0.000    0.000    0.000    0.000    0.000    0.000    0.512    0.000    0.000    0.000    0.000    0.000    0.000    0.000    0.000    0.000    0.000    0.000    0.000    0.000    0.000    0.000    0.000    0.000    0.000    0.000    0.000    0.000    0.000 
   0.000    0.000    0.000    0.000    0.000    0.000    0.000    0.000    0.475    0.000    0.000    0.000    0.000    0.000    0.000    0.000    0.000    0.000    0.000    0.000   -0.000   -0.005   -0.003   -0.001   -0.000   -0.000    0.001    0.000    0.082    0.002 
  -0.000    0.000    0.000    0.000    0.000    0.000    0.000    0.000    0.000    0.587    0.000    0.000    0.000    0.000    0.000    0.000    0.000    0.000    0.000    0.000    0.000    0.000    0.000   -0.001   -0.001   -0.000   -0.004   -0.000    0.002    0.089 
   0.000    0.000    0.000    0.000    0.000    0.000    0.000    0.000    0.000    0.000    0.263    0.000    0.000    0.000    0.000    0.000    0.000    0.000    0.000    0.000    0.000    0.000    0.000    0.000    0.000    0.000    0.000    0.000    0.000    0.000 
   0.000    0.000    0.000    0.000    0.000    0.000    0.000    0.000    0.000    0.000    0.000    0.201    0.000    0.000    0.000    0.000    0.000    0.000    0.000    0.000    0.000    0.000    0.000    0.000    0.000    0.000    0.000    0.000    0.000    0.000 
   0.000    0.000    0.000    0.000    0.000    0.000    0.000    0.000    0.000    0.000    0.000    0.000    0.281    0.000    0.000    0.000    0.000    0.000    0.000    0.000    0.000    0.000    0.000    0.000    0.000    0.000    0.000    0.000    0.000    0.000 
   0.000    0.000    0.000    0.000    0.000    0.000    0.000    0.000    0.000    0.000    0.000    0.000    0.000    0.198    0.000    0.000    0.000    0.000    0.000    0.000    0.000    0.000    0.000    0.000    0.000    0.000    0.000    0.000    0.000    0.000 
   0.000    0.000    0.000    0.000    0.000    0.000    0.000    0.000    0.000    0.000    0.000    0.000    0.000    0.000    0.191    0.000    0.000    0.000    0.000    0.000    0.000    0.000    0.000    0.000    0.000    0.000    0.000    0.000    0.000    0.000 
   0.000    0.000    0.000    0.000    0.000    0.000    0.000    0.000    0.000    0.000    0.000    0.000    0.000    0.000    0.000    0.194    0.000    0.000    0.000    0.000    0.000    0.000    0.000    0.000    0.000    0.000    0.000    0.000    0.000    0.000 
   0.000    0.000    0.000    0.000    0.000    0.000    0.000    0.000    0.000    0.000    0.000    0.000    0.000    0.000    0.000    0.000    0.196    0.000    0.000    0.000    0.000    0.000    0.000    0.000    0.000    0.000    0.000    0.000    0.000    0.000 
   0.000    0.000    0.000    0.000    0.000    0.000    0.000    0.000    0.000    0.000    0.000    0.000    0.000    0.000    0.000    0.000    0.000    0.318    0.000    0.000    0.000    0.000    0.000    0.000    0.000    0.000    0.000    0.000    0.000    0.000 
   0.000    0.000    0.000    0.000    0.000    0.000    0.000    0.000    0.000    0.000    0.000    0.000    0.000    0.000    0.000    0.000    0.000    0.000    0.215    0.000    0.000    0.000    0.000    0.000    0.000    0.000    0.000    0.000    0.000    0.000 
   0.000    0.000    0.000    0.000    0.000    0.000    0.000    0.000    0.000    0.000    0.000    0.000    0.000    0.000    0.000    0.000    0.000    0.000    0.000    0.202    0.000    0.000    0.000    0.000    0.000    0.000    0.000    0.000    0.000    0.000 
  -0.036    0.000    0.000    0.000    0.000    0.000    0.000    0.000   -0.000    0.000    0.000    0.000    0.000    0.000    0.000    0.000    0.000    0.000    0.000    0.000    0.712    0.010    0.007   -0.000   -0.052   -0.004   -0.068   -0.000   -0.001    0.000 
  -0.000    0.000    0.000    0.000    0.000    0.000    0.000    0.000   -0.005    0.000    0.000    0.000    0.000    0.000    0.000    0.000    0.000    0.000    0.000    0.000    0.010    0.704    0.056    0.000   -0.001   -0.000   -0.097   -0.007   -0.049   -0.001 
  -0.000    0.000    0.000    0.000    0.000    0.000    0.000    0.000   -0.003    0.000    0.000    0.000    0.000    0.000    0.000    0.000    0.000    0.000    0.000    0.000    0.007    0.056    0.709    0.000   -0.001   -0.000   -0.072   -0.001   -0.028   -0.000 
   0.000    0.000    0.000    0.000    0.000    0.000    0.000    0.000   -0.001   -0.001    0.000    0.000    0.000    0.000    0.000    0.000    0.000    0.000    0.000    0.000   -0.000    0.000    0.000    0.635    0.000    0.000   -0.000   -0.000   -0.005   -0.010 
   0.003    0.000    0.000    0.000    0.000    0.000    0.000    0.000   -0.000   -0.001    0.000    0.000    0.000    0.000    0.000    0.000    0.000    0.000    0.000    0.000   -0.052   -0.001   -0.001    0.000    0.610    0.045    0.005    0.000   -0.000   -0.005 
   0.000    0.000    0.000    0.000    0.000    0.000    0.000    0.000   -0.000   -0.000    0.000    0.000    0.000    0.000    0.000    0.000    0.000    0.000    0.000    0.000   -0.004   -0.000   -0.000    0.000    0.045    0.600    0.000    0.000   -0.000   -0.000 
   0.003    0.000    0.000    0.000    0.000    0.000    0.000    0.000    0.001   -0.004    0.000    0.000    0.000    0.000    0.000    0.000    0.000    0.000    0.000    0.000   -0.068   -0.097   -0.072   -0.000    0.005    0.000    0.665    0.001    0.009   -0.000 
   0.000    0.000    0.000    0.000    0.000    0.000    0.000    0.000    0.000   -0.000    0.000    0.000    0.000    0.000    0.000    0.000    0.000    0.000    0.000    0.000   -0.000   -0.007   -0.001   -0.000    0.000    0.000    0.001    0.750    0.001    0.000 
   0.000    0.000    0.000    0.000    0.000    0.000    0.000    0.000    0.082    0.002    0.000    0.000    0.000    0.000    0.000    0.000    0.000    0.000    0.000    0.000   -0.001   -0.049   -0.028   -0.005   -0.000   -0.000    0.009    0.001    0.735    0.014 
  -0.000    0.000    0.000    0.000    0.000    0.000    0.000    0.000    0.002    0.089    0.000    0.000    0.000    0.000    0.000    0.000    0.000    0.000    0.000    0.000    0.000   -0.001   -0.000   -0.010   -0.005   -0.000   -0.000    0.000    0.014    0.619 
The Sparse structure of the time series is (the non-zero value of the matrix)
  1 -  21
  9 -  29
 10 -  27
 10 -  30
 21 -  25
 21 -  27
 22 -  23
 22 -  27
 22 -  28
 22 -  29
 23 -  27
 23 -  29
 24 -  29
 24 -  30
 25 -  26
 25 -  30
 29 -  30
