  0.1410  -0.1362 
  0.1700  -0.0839 
  0.2496   0.0891 
  0.2389   0.0690 
 -0.0366   0.1906 
  0.0356  -1.0913 
  0.0311  -0.5197 
  0.1924  -0.0840 
  0.3121  -0.7220 
  0.2966  -0.7400 
 -0.2081   0.2155 
  0.1278  -0.1997 
  0.1471  -0.1392 
  0.1572  -0.1264 
  0.1693   0.1002 
  0.1002   0.1986 
 -0.1043  -1.1086 
  0.3058  -1.2417 
  0.4605  -1.1101 
  0.3012  -0.3622 
 -0.3464  -1.4809 
  0.2433   0.0536 
  0.1283  -0.5254 
  0.3228  -0.6398 
  0.0132  -0.4904 
  0.2427  -0.3711 
  0.2227  -0.4829 
  0.1938  -0.0538 
  0.1951  -0.0675 
  0.1995  -0.0225 
  0.2330  -0.4014 
  0.2443  -0.3390 
 -0.2088  -1.3881 
  0.1400  -0.4387 
  0.1431  -0.5011 
  0.1281  -0.1302 
  0.1270  -0.1109 
  0.1491  -0.0644 
  0.1441  -0.1321 
  0.5036  -1.0554 
  0.4849  -0.9711 
 -0.2398  -0.7452 
 -0.0069  -0.5125 
  0.0123  -0.3243 
  0.5643  -2.2399 
 -0.2919  -1.6572 
 -0.0209  -2.1821 
  0.1297  -0.5383 
  0.1194  -0.5296 
  0.2335  -1.0706 
  0.3315  -1.2134 
  0.5184  -0.8630 
  0.4068  -2.3822 
  0.1849  -0.1445 
  0.4939  -1.0753 
  0.3075  -0.5830 
  0.1604  -0.1331 
  0.2867  -1.3653 
  0.3087  -0.5512 
  0.2333   0.1352 
  0.0896  -1.7140 
  0.1191  -0.1323 
  0.1125  -0.1864 
  0.1156  -0.4438 
  0.1544  -0.3730 
  0.1461  -0.4270 
  0.2784  -0.3444 
  0.1403  -0.5053 
  0.1396  -0.5904 
  0.1771  -0.5108 
  0.0658  -1.5738 
  0.2144  -0.5546 
  0.2123  -0.5430 
  0.1868  -0.6232 
  0.2381  -0.5808 
  0.2873  -0.5701 
  0.2160  -0.2101 
  0.3158  -0.5455 
  0.3106  -0.6194 
  0.2865  -0.5191 
  0.2211  -0.5082 
  0.1728  -0.5549 
 -0.0196  -0.7579 
 -0.5280  -0.0185 
  0.1354  -0.5282 
  0.1529  -0.4731 
  0.1499  -0.2230 
  0.1281   0.0814 
  0.1175  -0.1258 
  0.1277  -0.4523 
  0.1712  -0.4083 
  0.0935  -0.0882 
  0.1306  -2.7852 
  0.0018  -1.5470 
 -0.1914  -1.3920 
  0.0802  -0.0781 
 -0.2840  -1.4579 
  0.0869  -1.8494 
  0.1702  -0.2218 
  0.0944  -1.8645 
  0.1483  -0.4449 
  0.1716   0.0352 
  0.1157  -0.0375 
  0.0489  -0.0796 
  0.1073  -0.0982 
  0.1265  -0.0388 
  0.0718  -0.0862 
 -0.3037  -0.5971 
 -0.2798  -0.6064 
 -0.3049  -1.0733 
  0.2703  -0.6852 
 -0.2967  -0.9904 
 -0.2546  -0.9776 
 -0.3570  -1.0046 
 -0.1809  -0.9499 
  0.0771  -0.0853 
  0.1001  -1.8346 
  0.1162  -0.0583 
  0.1240  -0.0542 
 -0.3728   0.2601 
  0.0824  -1.9348 
  0.0033  -2.1514 
 -0.0135  -2.1143 
 -0.2217  -1.3617 
 -0.0394  -2.1530 
  0.0193  -2.0956 
  0.0750  -0.0854 
  0.1628  -0.2016 
  0.0508  -0.1054 
  0.1184  -0.0354 
 -0.0371  -0.5135 
  0.1967   0.0472 
  0.1729   0.0417 
  0.1905  -0.0350 
 -0.0197  -0.2887 
  0.1731  -0.1018 
  0.1098  -0.0986 
 -0.1823   0.5132 
  0.0051  -1.6058 
 -0.0266  -0.6731 
  0.3309   0.0090 
 -0.2035   0.4883 
  0.0201  -1.0004 
 -0.2825  -1.0548 
 -0.3022  -0.5733 
 -0.2283  -1.3491 
  0.0365  -0.9688 
  0.2460  -0.4376 
  0.1723  -0.4301 
  0.2414  -0.3881 
  0.2322  -0.4488 
  0.1248  -0.4227 
  0.1147  -0.1274 
  0.1456  -0.1362 
  0.0569  -1.4275 
  0.2443  -1.9783 
  0.2571  -1.9469 
 -0.1095  -0.2704 
 -0.1653  -1.0509 
  0.1306  -0.2354 
  0.1566  -0.1695 
  0.1657  -0.2587 
  0.1847  -0.2422 
  0.1544  -0.1371 
  0.1558  -0.2389 
 -0.1342  -1.0912 
  0.1782  -0.4011 
 -0.2831  -1.0195 
 -0.2809  -0.9737 
  0.0532  -1.5616 
  0.0743  -1.6424 
  0.2233  -0.4687 
 -0.0918  -0.2415 
  0.1559  -0.2510 
 -0.0533  -0.8022 
  0.1313  -0.5416 
 -0.1497  -1.0302 
  0.0419  -2.2343 
  0.1767  -0.5942 
  0.1925  -0.6397 
  0.2266  -0.2243 
  0.7467  -0.7336 
  0.6324  -0.0798 
  0.1495  -0.2648 
  0.0704  -1.3099 
 -0.1927  -2.0068 
 -0.1558  -2.1106 
  0.0719  -0.4141 
 -0.0047  -0.4026 
 -0.0043  -0.4002 
  0.1550  -0.1463 
 -0.1072  -0.1729 
 -0.1361  -1.1036 
 -0.0836  -0.1411 
  0.1491  -1.0110 
  0.1682  -0.1298 
  0.1497  -0.1322 
  0.1727  -0.1284 
 -0.1652  -0.0841 
  0.1717  -0.1233 
  0.1688  -0.0968 
  0.2306  -0.3385 
  0.1669  -0.1347 
  0.1707  -0.1093 
  0.1229  -0.0836 
  0.1816   0.0489 
 -0.0788   0.4088 
 -0.3555  -1.2310 
 -0.1873  -0.5024 
  0.2785  -0.1588 
 -0.1497  -0.1546 
  0.0759  -0.1397 
  0.1006  -0.0940 
  0.1355  -0.1109 
  0.0660  -0.0665 
  0.0642  -0.0906 
  0.1362  -0.0372 
  0.0474  -0.0579 
  0.0561  -0.0769 
 -0.3608  -1.0234 
  0.1846  -0.1748 
  0.1955  -0.1395 
 -0.3597  -1.1338 
 -0.0000  -0.3346 
 -0.0304  -0.5560 
  0.1594  -0.2250 
 -0.1291  -0.1010 
  0.0648  -0.0858 
 -0.0398  -1.5653 
  0.2234  -0.0936 
  0.0945  -0.0976 
  0.0559  -0.0787 
  0.0704  -0.0829 
  0.0783  -0.0985 
  0.0114  -2.1313 
 -0.0604  -2.2305 
  0.1895  -0.3673 
 -0.2727  -1.0321 
  0.1250  -0.5402 
  0.1311  -0.4175 
 -0.2124  -0.6507 
  0.1712  -0.6336 
  0.2495  -0.5947 
 -0.1469  -1.0701 
 -0.2892  -0.6245 
  0.2564  -0.6973 
 -0.4387  -0.8114 
 -0.2901  -0.7835 
 -0.3888  -0.7014 
 -0.0006  -0.1966 
 -0.4592  -0.0003 
 -0.3297  -0.7466 
 -0.1572  -0.0269 
 -0.4957  -0.0122 
 -0.1109  -0.6990 
 -0.2682  -1.1705 
  0.0009  -1.0453 
  0.0006  -0.9994 
 -0.0151  -0.9588 
  0.2879   0.1715 
  0.1732   0.4573 
 -0.0069  -0.1439 
 -0.0241  -1.6560 
 -0.0704  -0.9597 
 -0.1758  -1.0803 
 -0.0442  -1.6658 
 -0.0262  -1.6202 
 -0.1542  -0.1875 
 -0.1870  -0.1335 
 -0.1558  -0.0662 
  0.0768  -0.0772 
  0.0880  -0.0359 
 -0.1246  -0.1232 
 -0.0093  -0.1221 
  0.0032  -0.0864 
  0.0015  -0.0582 
  0.0017  -0.1305 
  0.1668  -0.1545 
 -0.3291  -1.1373 
 -0.0193  -0.3802 
 -0.4625   0.0218 
 -0.1429  -1.0291 
 -0.1580  -1.1123 
 -0.0099  -1.6589 
 -0.0982  -1.0267 
 -0.3690  -0.7907 
 -0.4576  -0.7421 
 -0.3114  -1.0797 
 -0.2933  -0.6858 
 -0.2215  -1.0687 
 -0.3109  -0.6109 
 -0.2830  -1.0825 
 -0.3528  -1.0970 
 -0.3488  -1.1013 
 -0.3758  -2.0084 
 -0.0585  -2.2076 
  0.0049  -1.1620 
 -0.0762  -2.1618 
 -0.0212  -0.1639 
  0.0807  -0.0712 
 -0.1958  -0.1249 
  0.0964   0.0257 
 -0.1716  -0.1546 
 -0.1764  -0.1302 
 -0.1445  -0.0979 
 -0.1691  -0.0163 
 -0.0046  -0.0566 
 -0.2362  -0.5649 
 -0.2213  -0.1029 
 -0.1933  -0.1111 
  0.0518   0.0196 
 -0.2575  -0.0003 
  0.0880  -0.0350 
  0.1047   0.0165 
  0.0960  -0.0601 
  0.0873  -0.0872 
  0.0715  -0.0227 
  0.0797  -0.0323 
  0.0915  -0.0813 
 -0.1628  -0.1257 
 -0.2385  -0.1275 
 -0.1900  -0.1345 
  0.0135  -1.6178 
 -0.0189  -0.1942 
 -0.4472   0.0070 
 -0.1093  -0.7294 
 -0.0028  -1.8945 
 -0.0070  -0.2142 
 -0.0173  -0.1772 
 -0.1928  -0.0880 
  0.1089  -0.0583 
  0.0502  -0.1019 
  0.0353  -0.0972 
  0.0433  -0.0726 
  0.2382  -0.1442 
 -0.0137  -0.1575 
 -0.1660  -0.1777 
 -0.0229  -0.9882 
 -0.1526  -0.1845 
 -0.1244  -0.2012 
 -0.1478  -0.1752 
 -0.0036  -0.1549 
 -0.0021  -0.0896 
  0.0132  -0.1085 
  0.2728  -0.0560 
 -0.0083  -0.1383 
 -0.0134  -1.5292 
  0.0144  -1.5641 
 -0.1954  -1.0643 
  0.0028  -1.0546 
 -0.1922  -0.1545 
 -0.1742  -0.1493 
 -0.1677   0.0572 
  0.1036   0.0864 
  0.0987  -0.0056 
  0.0924  -0.0842 
  0.0913  -0.0351 
  0.0458  -0.1505 
  0.0337  -0.1460 
  0.0336  -0.0926 
 -0.0007  -1.8629 
 -0.1967  -0.6353 
 -0.1743  -1.0440 
  0.0086  -1.0504 
 -0.1463  -0.1054 
 -0.0144   0.4567 
  0.0003  -1.0118 
  0.1986  -0.4572 
 -0.1731  -1.0562 
  0.2635  -0.1789 
  0.2608  -0.1779 
 -0.2015  -1.8596 
 -0.0651  -1.5669 
 -0.0711  -1.6387 
 -0.0535  -1.7524 
 -0.0072  -0.1824 
 -0.1953  -0.0741 
 -0.2251  -1.8588 
  0.0527  -0.2274 
 -0.3468  -1.9787 
 -0.1338  -0.1726 
 -0.0172  -0.0548 
  0.0587  -1.3336 
 -0.3344  -1.9656 
  0.2276  -0.3904 
 -0.0214  -0.9326 
 -0.0560  -1.7290 
 -0.2802  -0.6649 
 -0.3342  -1.1636 
 -0.2124  -1.0627 
 -0.0042  -0.2033 
 -0.2307  -0.9994 
  0.0089  -1.4080 
 -0.0670  -1.5363 
 -0.3701  -1.0631 
 -0.3582  -1.1634 
 -0.1763  -0.1315 
  0.0093  -0.3442 
  0.0138  -0.3442 
  0.0089  -0.3166 
 -0.1808  -0.1693 
  0.0712  -0.0474 
  0.0850  -0.0909 
  0.0811  -0.0789 
  0.2237  -0.0839 
 -0.1873  -0.1505 
 -0.1376  -0.1863 
  0.2663  -0.1187 
 -0.1925  -0.1481 
 -0.3507   0.0530 
  0.1553   0.4530 
 -0.0879  -0.0534 
  0.2652   0.0538 
 -0.1744  -0.1011 
 -0.2204  -1.6753 
  0.2749   0.3041 
 -0.0250  -0.9940 
  0.0647  -0.1235 
  0.0750  -0.0732 
 -0.1757  -0.1793 
  0.0685  -0.0928 
 -0.0485  -1.5893 
 -0.2362  -1.0449 
 -0.2243  -1.0566 
 -0.4293  -0.7570 
 -0.4137  -0.7846 
 -0.3051  -0.7377 
 -0.2069  -1.0401 
 -0.0924  -1.0309 
 -0.1975  -1.0707 
 -0.1577  -1.0908 
 -0.1853  -1.1170 
 -0.1607  -0.6352 
  0.0123  -1.0631 
 -0.2795  -0.7807 
  0.0133  -1.5349 
 -0.0228  -1.5517 
 -0.1712  -0.0596 
 -0.1732  -0.1070 
 -0.0022  -1.4283 
 -0.0032  -0.1962 
 -0.0104  -0.1981 
 -0.0130  -0.2063 
 -0.0343  -1.5135 
 -0.0492  -1.5511 
 -0.1834  -1.0400 
 -0.1843  -1.0445 
 -0.5128   0.0693 
 -0.0056  -0.1960 
 -0.0195  -0.1918 
  0.0288  -0.0365 
  0.0203  -0.0678 
 -0.0158  -0.1738 
 -0.0033  -0.2077 
 -0.0209  -1.5367 
 -0.1587  -1.0110 
 -0.0129  -1.6431 
 -0.0014  -1.5601 
 -0.0654  -1.5562 
 -0.0548  -1.6061 
 -0.3186  -1.1245 
 -0.0546  -1.8145 
 -0.0091  -0.1125 
 -0.0023  -0.2063 
 -0.0370  -0.1733 
 -0.0096  -0.1484 
 -0.0088  -0.1365 
 -0.0112  -0.1581 
 -0.0084  -0.1335 
 -0.0021  -0.1124 
 -0.0378  -1.6185 
 -0.0473  -1.6204 
 -0.0672  -1.5681 
  0.0001  -0.1689 
  0.0078  -0.1129 
 -0.0088  -0.1010 
 -0.0008  -0.1269 
 -0.0024  -0.0960 
  0.0018  -0.0977 
 -0.0014  -0.0693 
 -0.0168  -1.1903 
 -0.0028  -0.1765 
 -0.0074  -0.1614 
 -0.0118  -1.8123 
  0.0798  -1.2124 
  0.0096  -0.3797 
 -0.0046  -0.1938 
 -0.0131  -1.9306 
 -0.0642  -1.7974 
 -0.0082  -0.1556 
 -0.3374  -1.0480 
 -0.3396  -1.0809 
 -0.2811  -1.0665 
 -0.3515  -1.0704 
 -0.0176  -1.8270 
 -0.0205  -1.6021 
  0.0037  -0.1405 
 -0.3642  -0.2179 
  0.0525  -0.3085 
 -0.0086  -0.1874 
 -0.0177  -0.1869 
 -0.0042  -0.1708 
 -0.0013  -0.2104 
  0.0127  -0.2909 
 -0.0063  -0.1450 
 -0.0471  -1.6266 
 -0.0080  -0.1200 
 -0.1665  -0.1849 
 -0.1224  -0.1994 
 -0.1717  -0.2038 
  0.0348  -0.0994 
 -0.1430  -0.1964 
 -0.0093  -0.1602 
  0.0009  -0.0824 
 -0.0175  -0.2127 
  0.0064  -0.0988 
 -0.0072  -0.3466 
  0.0062  -0.1219 
  0.0040  -0.1549 
  0.0001  -0.1564 
  0.1873  -0.1702 
  0.1766  -1.7554 
  0.0534  -1.8089 
  0.0415  -0.1005 
  0.0801  -0.0296 
 -0.1636  -0.1495 
 -0.1548  -0.1744 
 -0.1605  -0.0837 
 -0.1732  -0.1959 
 -0.1728  -1.7745 
 -0.0132  -0.1436 
 -0.0212  -1.6288 
 -0.0242  -1.6228 
  0.1961  -0.0886 
 -0.0333  -1.6754 
 -0.0214  -0.1929 
 -0.0127  -0.2026 
 -0.0072  -0.2057 
 -0.0237  -1.6776 
 -0.0193  -1.6453 
  0.0545  -1.3798 
 -0.0213  -1.6232 
 -0.0341  -1.6922 
 -0.0058  -0.1476 
 -0.1111  -0.1220 
 -0.0108  -0.1426 
  0.0030  -0.1785 
 -0.1840  -0.1081 
 -0.1966  -0.1920 
 -0.1596  -0.1673 
  0.0022  -0.1266 
 -0.1731  -0.1683 
 -0.1237  -0.1965 
 -0.1680  -0.1926 
 -0.1548  -0.1462 
 -0.0116  -1.6194 
 -0.0099  -0.1930 
 -0.2301  -0.0661 
 -0.2223  -0.0093 
 -0.1910  -0.1773 
  0.2913  -0.3480 
  0.1863  -0.1627 
 -0.0305  -0.0730 
 -0.0255  -0.1017 
 -0.3657  -1.1503 
 -0.0050  -0.3688 
 -0.0383  -1.5906 
 -0.0585  -0.9714 
 -0.0062  -1.8030 
 -0.3315  -1.0987 
 -0.2409  -1.0851 
 -0.3747  -0.9561 
 -0.0147  -1.6936 
 -0.1534  -1.1213 
 -0.3068  -1.0462 
 -0.0745  -1.6585 
  0.2161  -0.1288 
 -0.0088  -0.1311 
 -0.1831  -0.1560 
  0.2136  -0.1513 
 -0.0066  -0.1556 
  0.0592  -0.1149 
  0.0811  -0.0965 
  0.0285  -0.0947 
  0.0893  -0.0692 
 -0.1595  -0.1128 
  0.0945  -0.0806 
  0.0095  -1.6544 
  0.0200  -0.1718 
 -0.4388  -0.7742 
 -0.1503  -0.9962 
  0.0376  -1.0912 
 -0.2171  -0.3081 
 -0.2470  -0.1667 
 -0.2866  -0.0851 
  0.0226  -0.0643 
  0.1193  -0.1216 
 -0.1833  -0.1504 
  0.1771  -0.1182 
  0.0864  -0.1060 
  0.0871  -0.0939 
  0.0396  -0.2051 
  0.0404  -0.1169 
  0.0091  -1.1218 
 -0.0474  -0.6902 
 -0.1850  -0.1280 
  0.0342   0.0053 
  0.3065  -0.5376 
 -0.0119  -0.1814 
  0.0446  -0.3767 
 -0.2834  -0.2106 
 -0.5209   0.2204 
  0.0052  -1.0524 
 -0.0308  -1.0494 
 -0.1273  -0.0903 
 -0.1945  -1.1461 
 -0.3213  -1.0964 
 -0.2923  -1.0695 
 -0.0324  -1.6254 
 -0.1406  -0.1688 
 -0.1991  -0.0532 
 -0.1838  -0.0396 
 -0.2267  -0.1610 
  0.0881  -0.0817 
  0.0836  -0.0636 
  0.1007  -0.0285 
  0.0709  -0.0891 
 -0.2166  -0.0302 
  0.0054  -0.1973 
 -0.2179  -0.0984 
  0.2436  -0.1588 
  0.0638  -0.0737 
 -0.0039  -0.2051 
  0.1067  -0.1252 
  0.0405  -0.0816 
  0.0881  -0.0556 
  0.1551  -1.7805 
 -0.1853  -0.1420 
 -0.1733  -0.0863 
  0.0801  -0.0843 
  0.0878  -0.0854 
  0.1003  -0.0469 
  0.0950  -0.0470 
  0.0937  -0.0780 
  0.0885  -0.0841 
  0.0584  -0.0703 
 -0.0745   0.5513 
  0.2523  -0.1520 
 -0.0332  -1.5529 
 -0.0121  -0.1838 
  0.0522  -0.0669 
  0.0970  -0.0779 
  0.0672  -0.0698 
  0.5137   0.4290 
  0.2434  -0.1115 
  0.0609  -0.0706 
 -0.0184  -1.9290 
  0.0768  -1.2285 
  0.0884  -1.8402 
  0.0455  -1.8848 
  0.0771  -0.0156 
 -0.1639  -0.0149 
  0.0707  -0.0384 
 -0.1296  -0.1941 
 -0.1317  -0.1650 
 -0.1104  -0.0973 
 -0.1531  -0.1342 
 -0.1303  -1.8006 
 -0.0330  -1.5713 
 -0.1171  -0.1816 
  0.1125   0.0310 
 -0.4126  -1.2547 
  0.0840  -1.9064 
  0.0976  -1.8660 
 -0.3474  -1.0928 
 -0.0757  -1.4202 
 -0.0112  -0.1577 
 -0.2119  -0.2757 
  0.0088  -0.0023 
 -0.1550  -0.0073 
 -0.2167  -0.3046 
 -0.2123  -0.3700 
 -0.0465  -1.6729 
 -0.0037  -0.1134 
 -0.0554  -1.5924 
  0.1293  -1.3389 
  0.2790  -0.2965 
 -0.0160  -0.3187 
 -0.0174  -0.1048 
  0.2915  -0.3388 
  0.2696  -0.2781 
  0.2202  -0.1413 
  0.0741  -0.0932 
 -0.1064  -1.7245 
  0.1842  -2.1121 
 -0.4140  -1.6875 
 -0.1568  -1.1158 
 -0.4515  -1.9540 
 -0.0633  -1.5520 
 -0.1612  -0.1744 
 -0.3509  -1.1553 
 -0.2678  -1.1597 
  0.0427  -1.3686 
  0.0656  -1.3501 
 -0.3363  -1.3189 
 -0.4033  -0.8156 
 -0.3907  -1.0106 
 -0.0171  -0.2588 
  0.0154  -0.3264 
 -0.1955  -0.3085 
 -0.5373  -0.9261 
 -0.2410  -1.2801 
  0.1019  -0.1547 
  0.0911  -0.0619 
  0.0875   0.0174 
 -0.1396   0.0231 
 -0.0199  -0.2198 
  0.1135  -1.3244 
 -0.3543  -0.7747 
 -0.0149  -1.0435 
 -0.1228  -0.0615 
  0.1570  -0.1924 
 -0.0244  -1.0191 
 -0.2932  -1.3614 
 -0.3767  -0.9197 
 -0.2478   0.2072 
  0.2274  -0.6940 
 -0.2413  -1.2300 
 -0.3416  -1.1564 
 -0.0751  -1.2953 
 -0.2889  -1.0558 
 -0.4851  -0.7536 
 -0.0338  -1.8512 
 -0.2447  -0.7361 
  0.0304  -1.0101 
 -0.0110  -0.1240 
 -0.0062  -0.3402 
 -0.2994  -1.1637 
 -0.2238  -0.0984 
  0.2506   0.2141 
  0.0149  -0.1239 
  0.0323  -0.0702 
 -0.1701  -0.2602 
  0.0715  -0.0103 
  0.0989  -0.0158 
  0.1213  -0.1087 
  0.1324  -0.1411 
 -0.1443  -0.1449 
  0.1134  -0.2232 
  0.3099  -0.3462 
  0.0544  -0.1141 
  0.0017  -0.1724 
 -0.0012  -0.1082 
 -0.2330  -1.0611 
 -0.4713  -2.1500 
 -0.3098  -1.1046 
 -0.3212  -1.0213 
 -0.4679  -1.4078 
 -0.3332  -2.4684 
 -0.0085  -2.3901 
 -0.0798  -0.9326 
 -0.3438  -1.3632 
 -0.0282  -1.0110 
 -0.4532   0.1131 
 -0.1226   0.2034 
 -0.1306  -1.7141 
 -0.2606  -1.2167 
 -0.3664  -1.1238 
  0.0988  -0.1718 
  0.0351  -1.9705 
 -0.2653  -2.4619 
 -0.4334  -1.5211 
 -0.3193  -1.0772 
 -0.2939  -1.0479 
 -0.5225  -0.7845 
 -0.2324  -0.6465 
 -0.0055  -0.1290 
  0.0031  -0.3173 
  0.0150  -0.3696 
  0.3392  -0.2618 
  0.0002  -1.0092 
  0.0476  -1.2913 
 -0.1624  -1.0986 
 -0.3387  -0.0222 
 -0.0025  -0.3005 
 -0.0282  -0.2442 
 -0.5189  -0.1604 
  0.0019  -0.0805 
 -0.0130  -0.2033 
 -0.1286  -0.1790 
 -0.1585  -0.1551 
  0.1118  -0.1968 
 -0.2962  -1.1749 
 -0.2550  -1.2067 
 -0.3015  -1.0657 
 -0.2867  -1.0680 
 -0.0378  -1.5962 
 -0.1390  -0.0609 
 -0.1569  -0.0232 
 -0.2114  -1.7833 
 -0.5197   0.1214 
 -0.1479  -0.0702 
 -0.0132  -0.9880 
 -0.3127  -1.0628 
 -0.6488  -1.3829 
 -0.3176  -1.0789 
 -0.0874  -1.0256 
 -0.2700  -1.0159 
  0.0046  -0.8195 
  0.0163  -2.0407 
  0.3039  -0.1298 
 -0.0481  -0.6694 
  0.0199  -0.1281 
  0.0771  -0.0737 
 -0.1962  -1.7708 
 -0.2016  -1.6542 
 -0.0057  -1.6289 
 -0.0284  -2.2338 
 -0.2001  -1.0415 
 -0.0063  -1.5625 
 -0.1212  -0.6828 
 -0.1377  -0.6567 
 -0.5094  -0.0130 
 -0.2968  -2.3557 
 -0.1098  -1.0399 
 -0.1617  -1.7810 
 -0.1619  -1.0834 
 -0.1620  -0.9820 
  0.3069  -2.1266 
 -0.2909  -2.2084 
 -0.1792  -1.1370 
 -0.3047  -1.5845 
  0.1973  -1.9933 
 -0.1000  -1.6765 
  0.0587  -0.8574 
  0.0173  -1.5555 
 -0.3349  -1.9788 
 -0.5820  -1.6647 
 -0.2357  -1.1864 
 -0.5468  -0.9172 
 -0.6136  -0.6885 
  0.0716  -2.1854 
 -0.3051  -1.2643 
 -0.2575  -1.1612 
  0.2265  -0.0315 
  0.0538  -0.0593 
 -0.2246  -0.1559 
  0.0574  -0.1139 
 -0.2005  -0.0969 
 -0.6985  -0.6409 
 -0.1740  -0.4411 
  0.0586  -0.2597 
  0.2348  -0.1495 
  0.0645  -0.0833 
  0.1387  -0.0720 
  0.0032  -0.2683 
  0.1849   0.1222 
 -0.0136  -0.1790 
  0.1030  -0.2523 
 -0.0364  -0.2447 
 -0.0157  -0.1340 
  0.0334  -0.2507 
  0.0237   0.0078 
  0.1183  -0.0181 
  0.0457  -1.8492 
 -0.2020  -2.5583 
 -0.1605  -0.1670 
  0.1211  -0.0750 
  0.2512  -0.4713 
  0.2506  -0.6095 
 -0.4638  -0.1309 
  0.1979  -0.6801 
 -0.0273  -0.9982 
  0.2824  -0.1373 
 -0.1010  -1.4328 
 -0.0885  -2.0674 
  0.1765  -0.0615 
 -0.0719   0.0496 
  0.0750  -0.0657 
 -0.2475  -0.1240 
  0.1383  -0.0362 
  0.1341   0.0435 
 -0.0770   0.0642 
  0.1265  -0.0598 
 -0.2381  -0.1107 
 -0.7282   0.2515 
 -0.1364  -1.6891 
  0.0304  -1.1089 
  0.1508  -1.3007 
 -0.2861  -1.3876 
 -0.2603  -1.2280 
 -0.7382  -1.0461 
 -0.1339  -1.7848 
 -0.5367  -1.8936 
 -0.1993  -1.3003 
 -0.4573  -0.3844 
 -0.8866  -0.6505 
 -0.4579  -0.1928 
 -0.5284  -0.0617 
  0.0769  -1.1403 
 -0.3117  -0.8420 
  0.2901  -0.5439 
  0.3315  -0.5215 
 -0.2804  -0.2267 
  0.2105  -0.7680 
  1.1280  -0.1105 
  0.2052  -0.4096 
  0.2604  -0.8737 
  0.0436  -1.0162 
 -0.0554  -1.1275 
  0.3730  -0.4202 
  0.2575  -0.5480 
  0.2470  -0.5020 
  0.0482  -1.5845 
  0.0358  -1.6058 
 -0.2123   0.4680 
 -0.1855   0.4831 
 -0.1654   0.5639 
 -0.4628   0.5373 
  0.7633  -0.6812 
  0.2573  -0.5252 
  0.2629  -0.6298 
  0.0630  -0.0561 
  0.2182  -0.2118 
  0.7162  -1.5828 
  0.6632  -1.8243 
 -0.0476  -0.9593 
  1.3008   0.1563 
  0.0456   0.2299 
  0.2575  -1.7085 
  0.5404  -0.8892 
  0.1879  -1.0839 
  0.3276  -0.8222 
  0.3879  -1.7892 
  0.5278  -1.2979 
  0.1966  -1.1729 
  1.0149  -1.0803 
  0.2890  -0.3969 
  0.2543  -0.5327 
  0.1374  -0.1918 
  0.0676  -0.2081 
 -0.0053  -0.0627 
  0.2517  -1.4562 
  0.3268  -1.4794 
  0.3323  -0.2649 
  0.9103  -0.5468 
  0.2346  -0.0727 
 -0.1120   0.4545 
  0.2013  -0.6277 
  0.3742  -0.7828 
  0.1692  -0.0850 
 -0.0548  -1.1049 
  0.0460  -0.2094 
  0.1558  -0.3001 
  0.1063  -0.5731 
  0.2293  -0.4899 
 -0.2150  -0.6663 
 -0.5412  -1.1614 
 -0.6198  -0.4613 
  0.2273  -0.0557 
  0.2297  -0.2070 
 -0.1456  -1.1820 
 -0.0394   0.6047 
  0.2402  -0.3386 
 -0.6261  -0.7965 
 -0.3555  -1.1908 
 -0.3686   0.3821 
 -0.3382  -0.8286 
 -0.7806  -0.0771 
 -1.0976  -1.3200 
  0.2357  -0.4849 
  0.2470  -1.3675 
  0.3403  -2.3490 
  0.2125  -0.4802 
  0.4754  -1.7850 
  0.5755  -2.5959 
  0.2974  -0.6497 
 -0.5750  -0.5410 
  0.4411  -1.0716 
  0.3926  -0.2257 
  0.1849  -0.2474 
  0.2405  -0.2904 
  0.1943  -0.1016 
  0.9848  -0.3924 
  0.3129  -0.6157 
 -0.1893  -1.4945 
 -0.0120  -1.5246 
 -0.2989  -0.8350 
  0.0413  -0.0742 
 -0.4023  -1.5476 
  0.2936  -0.6730 
  0.2979  -0.6034 
  0.1382  -0.1317 
 -0.2310   0.3937 
 -0.0802  -1.4598 
 -0.0069  -0.1932 
 -0.7698  -0.1575 
  0.2536  -1.4176 
  0.1861  -1.3878 
  0.1485  -0.1076 

