1.000 0.583 0.586 0.595 0.591 0.599 0.594 0.605 0.610 0.599 0.603 0.596 0.646 0.601 0.600 0.587 0.591 0.591 0.607 0.602 0.608 0.604 0.588 0.582 0.606 0.601 0.585 0.606 0.586 0.576 0.588 0.583 0.561 0.551 0.529 0.599 0.602 0.602 0.600  
0.516 1.000 0.862 0.855 0.864 0.853 0.847 0.862 0.862 0.856 0.864 0.838 0.574 0.850 0.853 0.828 0.859 0.853 0.858 0.852 0.867 0.852 0.827 0.509 0.840 0.842 0.826 0.840 0.838 0.847 0.825 0.785 0.788 0.561 0.519 0.866 0.849 0.848 0.863  
0.515 0.856 1.000 0.887 0.904 0.891 0.901 0.926 0.903 0.918 0.926 0.885 0.590 0.904 0.897 0.879 0.911 0.890 0.892 0.888 0.905 0.899 0.876 0.520 0.894 0.883 0.866 0.901 0.896 0.877 0.869 0.842 0.828 0.579 0.529 0.897 0.908 0.912 0.898  
0.521 0.847 0.883 1.000 0.908 0.955 0.913 0.895 0.893 0.881 0.905 0.879 0.603 0.945 0.873 0.897 0.898 0.902 0.885 0.891 0.883 0.873 0.889 0.521 0.903 0.871 0.879 0.907 0.910 0.880 0.872 0.843 0.816 0.592 0.532 0.879 0.941 0.940 0.921  
0.520 0.859 0.905 0.912 1.000 0.891 0.916 0.915 0.912 0.902 0.909 0.884 0.604 0.949 0.888 0.899 0.908 0.917 0.900 0.886 0.906 0.892 0.879 0.523 0.901 0.901 0.879 0.889 0.925 0.895 0.891 0.836 0.820 0.583 0.535 0.907 0.928 0.929 0.891  
0.525 0.846 0.889 0.956 0.888 1.000 0.914 0.892 0.906 0.889 0.906 0.890 0.596 0.922 0.892 0.879 0.890 0.885 0.899 0.900 0.902 0.889 0.877 0.525 0.914 0.889 0.874 0.927 0.885 0.859 0.868 0.835 0.822 0.586 0.529 0.892 0.918 0.921 0.927  
0.521 0.841 0.900 0.915 0.915 0.915 1.000 0.914 0.913 0.892 0.927 0.904 0.599 0.936 0.884 0.887 0.897 0.915 0.920 0.892 0.895 0.884 0.863 0.525 0.900 0.887 0.860 0.885 0.876 0.853 0.883 0.847 0.803 0.586 0.534 0.893 0.919 0.918 0.912  
0.530 0.854 0.924 0.896 0.913 0.892 0.913 1.000 0.929 0.958 0.949 0.897 0.601 0.921 0.930 0.882 0.897 0.900 0.909 0.899 0.944 0.934 0.878 0.529 0.910 0.890 0.862 0.905 0.891 0.879 0.867 0.864 0.823 0.590 0.543 0.913 0.917 0.916 0.902  
0.537 0.857 0.904 0.897 0.912 0.909 0.915 0.932 1.000 0.923 0.932 0.920 0.603 0.926 0.917 0.878 0.912 0.897 0.930 0.933 0.927 0.919 0.885 0.532 0.925 0.914 0.873 0.905 0.895 0.867 0.882 0.862 0.829 0.597 0.541 0.923 0.919 0.915 0.919  
0.526 0.850 0.918 0.884 0.901 0.890 0.892 0.959 0.921 1.000 0.937 0.892 0.594 0.903 0.937 0.873 0.887 0.887 0.895 0.890 0.944 0.930 0.876 0.525 0.902 0.889 0.860 0.905 0.889 0.879 0.868 0.848 0.818 0.587 0.538 0.911 0.904 0.908 0.893  
0.528 0.856 0.923 0.906 0.906 0.906 0.926 0.949 0.929 0.935 1.000 0.906 0.597 0.924 0.905 0.886 0.905 0.895 0.906 0.906 0.918 0.911 0.880 0.529 0.911 0.886 0.865 0.908 0.891 0.873 0.876 0.862 0.819 0.588 0.541 0.919 0.926 0.927 0.908  
0.527 0.838 0.891 0.888 0.890 0.898 0.911 0.905 0.925 0.899 0.915 1.000 0.604 0.904 0.894 0.867 0.912 0.912 0.932 0.928 0.897 0.892 0.878 0.524 0.904 0.893 0.864 0.891 0.872 0.856 0.882 0.848 0.818 0.587 0.528 0.916 0.904 0.902 0.903  
0.650 0.652 0.675 0.692 0.690 0.684 0.686 0.689 0.689 0.680 0.685 0.687 1.000 0.701 0.682 0.686 0.675 0.694 0.689 0.681 0.685 0.679 0.695 0.571 0.702 0.690 0.687 0.695 0.687 0.666 0.690 0.661 0.654 0.620 0.525 0.685 0.703 0.703 0.685  
0.524 0.837 0.896 0.941 0.941 0.915 0.928 0.915 0.917 0.896 0.919 0.890 0.607 1.000 0.885 0.910 0.897 0.907 0.895 0.889 0.896 0.886 0.888 0.527 0.907 0.887 0.876 0.902 0.903 0.876 0.884 0.856 0.809 0.594 0.538 0.891 0.940 0.940 0.904  
0.528 0.848 0.898 0.877 0.889 0.895 0.885 0.933 0.917 0.938 0.908 0.888 0.597 0.894 1.000 0.868 0.878 0.872 0.900 0.896 0.959 0.941 0.875 0.526 0.897 0.890 0.860 0.898 0.884 0.869 0.868 0.844 0.823 0.587 0.539 0.912 0.889 0.892 0.890  
0.510 0.813 0.869 0.890 0.889 0.872 0.878 0.874 0.867 0.863 0.879 0.851 0.593 0.908 0.858 1.000 0.865 0.869 0.857 0.843 0.864 0.853 0.855 0.523 0.861 0.837 0.844 0.875 0.883 0.866 0.864 0.825 0.802 0.583 0.537 0.853 0.891 0.890 0.856  
0.520 0.855 0.913 0.904 0.909 0.894 0.900 0.901 0.913 0.890 0.910 0.908 0.592 0.907 0.879 0.877 1.000 0.896 0.903 0.971 0.887 0.883 0.861 0.518 0.891 0.904 0.854 0.880 0.892 0.875 0.861 0.848 0.822 0.583 0.528 0.900 0.908 0.908 0.898  
0.521 0.850 0.893 0.908 0.920 0.890 0.918 0.905 0.899 0.890 0.900 0.909 0.609 0.918 0.874 0.881 0.897 1.000 0.949 0.888 0.887 0.878 0.869 0.519 0.889 0.900 0.870 0.879 0.893 0.863 0.879 0.831 0.805 0.581 0.526 0.888 0.922 0.926 0.894  
0.535 0.854 0.895 0.890 0.902 0.903 0.923 0.914 0.931 0.898 0.910 0.928 0.604 0.905 0.902 0.869 0.903 0.949 1.000 0.924 0.909 0.901 0.867 0.526 0.904 0.912 0.867 0.885 0.877 0.849 0.882 0.845 0.815 0.581 0.532 0.904 0.907 0.906 0.913  
0.532 0.850 0.892 0.899 0.890 0.906 0.897 0.905 0.936 0.895 0.913 0.926 0.598 0.901 0.899 0.857 0.973 0.889 0.926 1.000 0.907 0.903 0.871 0.523 0.901 0.914 0.860 0.887 0.873 0.857 0.869 0.849 0.823 0.589 0.529 0.913 0.903 0.902 0.913  
0.534 0.860 0.904 0.885 0.904 0.902 0.894 0.945 0.924 0.943 0.919 0.890 0.598 0.902 0.957 0.873 0.884 0.883 0.906 0.902 1.000 0.950 0.879 0.529 0.902 0.895 0.863 0.906 0.880 0.869 0.869 0.847 0.825 0.588 0.541 0.917 0.895 0.897 0.894  
0.530 0.845 0.898 0.875 0.890 0.890 0.884 0.934 0.916 0.930 0.912 0.885 0.593 0.893 0.939 0.861 0.880 0.874 0.897 0.897 0.950 1.000 0.872 0.521 0.889 0.896 0.852 0.900 0.873 0.864 0.863 0.843 0.825 0.586 0.537 0.904 0.885 0.889 0.884  
0.526 0.835 0.891 0.908 0.894 0.894 0.879 0.896 0.900 0.892 0.897 0.887 0.618 0.912 0.890 0.880 0.874 0.882 0.880 0.883 0.895 0.888 1.000 0.527 0.919 0.882 0.894 0.911 0.907 0.869 0.876 0.834 0.826 0.609 0.539 0.885 0.914 0.913 0.893  
0.588 0.581 0.597 0.601 0.600 0.605 0.603 0.609 0.611 0.603 0.609 0.597 0.573 0.610 0.603 0.607 0.593 0.594 0.603 0.599 0.609 0.600 0.595 1.000 0.608 0.601 0.594 0.610 0.597 0.577 0.597 0.583 0.575 0.526 0.543 0.610 0.609 0.608 0.600  
0.537 0.842 0.902 0.915 0.909 0.924 0.909 0.920 0.932 0.910 0.921 0.906 0.619 0.923 0.904 0.878 0.897 0.894 0.910 0.905 0.912 0.898 0.911 0.534 1.000 0.914 0.912 0.950 0.927 0.872 0.887 0.855 0.840 0.604 0.540 0.908 0.943 0.941 0.924  
0.532 0.842 0.889 0.880 0.907 0.897 0.894 0.898 0.919 0.896 0.894 0.893 0.607 0.902 0.896 0.853 0.908 0.903 0.916 0.916 0.903 0.903 0.872 0.527 0.912 1.000 0.877 0.898 0.888 0.853 0.880 0.839 0.840 0.578 0.528 0.913 0.899 0.901 0.898  
0.520 0.830 0.876 0.892 0.889 0.885 0.870 0.873 0.882 0.871 0.877 0.868 0.608 0.894 0.869 0.863 0.862 0.878 0.874 0.866 0.874 0.864 0.889 0.523 0.914 0.881 1.000 0.902 0.905 0.847 0.887 0.823 0.823 0.593 0.528 0.880 0.912 0.912 0.892  
0.529 0.830 0.896 0.905 0.883 0.923 0.881 0.901 0.899 0.900 0.905 0.880 0.604 0.905 0.892 0.880 0.873 0.872 0.878 0.878 0.903 0.896 0.890 0.528 0.936 0.887 0.887 1.000 0.898 0.862 0.863 0.840 0.829 0.597 0.537 0.893 0.903 0.907 0.895  
0.517 0.835 0.899 0.917 0.928 0.890 0.880 0.896 0.897 0.893 0.896 0.869 0.603 0.914 0.886 0.896 0.893 0.893 0.878 0.872 0.884 0.878 0.895 0.521 0.922 0.885 0.898 0.906 1.000 0.889 0.878 0.837 0.823 0.586 0.532 0.879 0.934 0.934 0.887  
0.509 0.846 0.882 0.888 0.899 0.865 0.858 0.885 0.871 0.885 0.880 0.854 0.586 0.888 0.873 0.880 0.878 0.865 0.851 0.858 0.875 0.870 0.859 0.505 0.869 0.851 0.842 0.872 0.891 1.000 0.846 0.814 0.818 0.576 0.522 0.863 0.885 0.888 0.866  
0.518 0.822 0.871 0.877 0.892 0.872 0.886 0.871 0.883 0.871 0.880 0.878 0.605 0.894 0.870 0.876 0.861 0.879 0.882 0.867 0.873 0.867 0.863 0.521 0.881 0.876 0.879 0.870 0.877 0.844 1.000 0.808 0.804 0.578 0.517 0.883 0.890 0.892 0.876  
0.513 0.782 0.844 0.849 0.838 0.839 0.850 0.869 0.863 0.851 0.867 0.845 0.580 0.866 0.846 0.836 0.848 0.831 0.845 0.847 0.851 0.847 0.822 0.509 0.849 0.836 0.816 0.847 0.837 0.812 0.808 1.000 0.806 0.573 0.519 0.846 0.856 0.855 0.839  
0.500 0.794 0.840 0.831 0.832 0.837 0.816 0.837 0.841 0.831 0.833 0.825 0.580 0.828 0.834 0.823 0.832 0.814 0.826 0.831 0.839 0.838 0.824 0.508 0.845 0.847 0.825 0.846 0.832 0.826 0.813 0.816 1.000 0.558 0.502 0.838 0.829 0.829 0.838  
0.520 0.598 0.622 0.638 0.626 0.631 0.629 0.634 0.640 0.630 0.634 0.627 0.582 0.644 0.629 0.634 0.624 0.622 0.622 0.630 0.632 0.630 0.643 0.492 0.643 0.616 0.629 0.645 0.627 0.615 0.619 0.614 0.591 1.000 0.507 0.636 0.644 0.641 0.631  
0.511 0.566 0.581 0.587 0.588 0.582 0.587 0.598 0.594 0.591 0.596 0.576 0.504 0.596 0.592 0.597 0.578 0.576 0.583 0.578 0.595 0.591 0.581 0.519 0.588 0.576 0.573 0.593 0.583 0.571 0.566 0.568 0.543 0.519 1.000 0.591 0.588 0.587 0.577  
0.528 0.862 0.899 0.885 0.909 0.896 0.896 0.918 0.924 0.914 0.924 0.913 0.601 0.902 0.914 0.864 0.900 0.888 0.904 0.911 0.920 0.907 0.872 0.533 0.903 0.909 0.873 0.901 0.879 0.861 0.883 0.846 0.828 0.594 0.540 1.000 0.898 0.898 0.890  
0.531 0.846 0.911 0.947 0.931 0.922 0.923 0.922 0.921 0.907 0.931 0.900 0.617 0.952 0.891 0.903 0.909 0.922 0.907 0.902 0.899 0.889 0.901 0.532 0.938 0.895 0.904 0.911 0.933 0.883 0.890 0.857 0.819 0.601 0.537 0.898 1.000 0.990 0.935  
0.530 0.845 0.914 0.946 0.931 0.925 0.921 0.920 0.916 0.911 0.931 0.898 0.616 0.951 0.893 0.902 0.908 0.925 0.905 0.900 0.900 0.893 0.899 0.531 0.935 0.897 0.903 0.915 0.933 0.886 0.892 0.855 0.819 0.598 0.535 0.898 0.990 1.000 0.931  
0.530 0.862 0.903 0.929 0.895 0.934 0.918 0.909 0.923 0.898 0.916 0.901 0.602 0.917 0.894 0.870 0.901 0.897 0.916 0.914 0.901 0.891 0.883 0.525 0.921 0.897 0.886 0.905 0.889 0.866 0.879 0.841 0.831 0.591 0.528 0.893 0.937 0.934 1.000  
