1.000 0.818 0.863 0.873 0.870 0.872 0.873 0.804 0.859 0.885 0.862 0.881 0.850 0.847 0.850 0.857 0.872 0.863 0.882 0.850 0.873 0.816 0.872  
0.815 1.000 0.857 0.851 0.834 0.855 0.851 0.788 0.876 0.855 0.817 0.852 0.808 0.837 0.849 0.819 0.854 0.813 0.842 0.862 0.828 0.827 0.843  
0.849 0.846 1.000 0.962 0.906 0.974 0.962 0.801 0.923 0.916 0.844 0.912 0.836 0.921 0.876 0.850 0.906 0.852 0.904 0.911 0.873 0.828 0.885  
0.854 0.836 0.956 1.000 0.897 0.985 1.000 0.799 0.911 0.903 0.839 0.908 0.834 0.909 0.874 0.845 0.903 0.847 0.913 0.889 0.867 0.824 0.885  
0.853 0.821 0.903 0.898 1.000 0.894 0.898 0.795 0.882 0.882 0.837 0.888 0.831 0.879 0.846 0.834 0.870 0.845 0.881 0.855 0.871 0.816 0.863  
0.856 0.842 0.971 0.987 0.894 1.000 0.987 0.800 0.903 0.905 0.840 0.902 0.833 0.901 0.873 0.844 0.897 0.853 0.904 0.900 0.871 0.828 0.879  
0.854 0.836 0.956 1.000 0.897 0.985 1.000 0.799 0.911 0.903 0.839 0.908 0.834 0.909 0.874 0.845 0.903 0.847 0.913 0.889 0.867 0.824 0.885  
0.817 0.803 0.827 0.830 0.823 0.828 0.830 1.000 0.809 0.819 0.824 0.824 0.816 0.810 0.817 0.825 0.816 0.814 0.820 0.820 0.814 0.826 0.819  
0.833 0.853 0.910 0.903 0.873 0.893 0.903 0.773 1.000 0.917 0.830 0.925 0.819 0.937 0.843 0.835 0.912 0.826 0.878 0.899 0.852 0.793 0.878  
0.860 0.834 0.905 0.897 0.874 0.896 0.897 0.783 0.918 1.000 0.863 0.946 0.836 0.910 0.860 0.856 0.914 0.844 0.886 0.900 0.870 0.805 0.880  
0.850 0.808 0.845 0.845 0.841 0.844 0.845 0.799 0.842 0.875 1.000 0.867 0.851 0.831 0.833 0.877 0.861 0.845 0.860 0.836 0.849 0.801 0.859  
0.856 0.831 0.901 0.902 0.880 0.893 0.902 0.788 0.926 0.946 0.855 1.000 0.840 0.921 0.863 0.849 0.934 0.848 0.907 0.905 0.875 0.805 0.888  
0.843 0.804 0.842 0.845 0.840 0.842 0.845 0.796 0.836 0.853 0.856 0.857 1.000 0.829 0.838 0.864 0.851 0.844 0.867 0.827 0.849 0.804 0.863  
0.827 0.819 0.913 0.906 0.874 0.896 0.906 0.778 0.942 0.914 0.823 0.925 0.816 1.000 0.840 0.831 0.914 0.823 0.874 0.907 0.850 0.799 0.872  
0.848 0.849 0.888 0.890 0.859 0.887 0.890 0.801 0.866 0.882 0.843 0.885 0.843 0.858 1.000 0.862 0.889 0.856 0.897 0.874 0.862 0.818 0.885  
0.852 0.816 0.857 0.857 0.845 0.854 0.857 0.807 0.854 0.874 0.883 0.868 0.866 0.846 0.858 1.000 0.863 0.856 0.873 0.850 0.857 0.810 0.874  
0.851 0.837 0.899 0.901 0.866 0.892 0.901 0.784 0.918 0.919 0.853 0.938 0.839 0.915 0.870 0.848 1.000 0.845 0.916 0.925 0.867 0.808 0.892  
0.853 0.806 0.856 0.855 0.851 0.859 0.855 0.791 0.841 0.858 0.847 0.862 0.841 0.833 0.848 0.852 0.855 1.000 0.860 0.842 0.859 0.802 0.855  
0.863 0.827 0.898 0.912 0.879 0.901 0.912 0.790 0.885 0.892 0.854 0.913 0.856 0.876 0.880 0.860 0.918 0.852 1.000 0.879 0.875 0.808 0.901  
0.830 0.845 0.904 0.887 0.852 0.896 0.887 0.788 0.904 0.905 0.829 0.910 0.815 0.908 0.856 0.836 0.926 0.832 0.877 1.000 0.854 0.815 0.868  
0.868 0.826 0.882 0.882 0.884 0.883 0.882 0.797 0.874 0.891 0.858 0.895 0.852 0.867 0.860 0.858 0.883 0.865 0.890 0.869 1.000 0.813 0.878  
0.825 0.840 0.852 0.852 0.841 0.854 0.852 0.823 0.827 0.838 0.822 0.838 0.821 0.828 0.830 0.825 0.838 0.821 0.836 0.845 0.827 1.000 0.832  
0.867 0.842 0.895 0.900 0.875 0.891 0.900 0.802 0.900 0.900 0.867 0.909 0.866 0.889 0.883 0.876 0.909 0.861 0.916 0.884 0.878 0.818 1.000  
