1.000 0.849 0.880 0.883 0.876 0.853 0.799 0.818 0.834 0.808 0.823 0.788 0.761 0.819 0.818 0.932 0.821 0.799 0.842 0.807 0.793 0.783 0.800 0.820 0.815 0.773  
0.854 1.000 0.889 0.873 0.819 0.836 0.920 0.797 0.820 0.798 0.792 0.774 0.785 0.789 0.790 0.814 0.794 0.774 0.811 0.792 0.776 0.765 0.790 0.800 0.787 0.766  
0.878 0.882 1.000 0.954 0.883 0.863 0.825 0.840 0.870 0.838 0.838 0.808 0.807 0.835 0.827 0.840 0.837 0.826 0.850 0.828 0.811 0.798 0.825 0.841 0.827 0.795  
0.879 0.863 0.951 1.000 0.876 0.872 0.815 0.835 0.869 0.826 0.837 0.795 0.804 0.827 0.824 0.826 0.829 0.822 0.842 0.818 0.800 0.788 0.817 0.830 0.822 0.781  
0.875 0.812 0.883 0.878 1.000 0.852 0.801 0.811 0.882 0.809 0.816 0.829 0.780 0.825 0.821 0.876 0.827 0.807 0.824 0.816 0.807 0.797 0.811 0.831 0.818 0.790  
0.870 0.847 0.881 0.894 0.870 1.000 0.795 0.810 0.818 0.794 0.808 0.768 0.748 0.806 0.805 0.829 0.808 0.789 0.824 0.795 0.779 0.769 0.789 0.807 0.802 0.756  
0.802 0.918 0.829 0.822 0.806 0.783 1.000 0.774 0.843 0.776 0.761 0.769 0.848 0.776 0.777 0.839 0.782 0.758 0.784 0.781 0.762 0.751 0.781 0.788 0.775 0.756  
0.807 0.782 0.831 0.828 0.802 0.784 0.761 1.000 0.827 0.927 0.926 0.869 0.809 0.923 0.920 0.779 0.929 0.911 0.929 0.905 0.880 0.867 0.909 0.917 0.918 0.851  
0.825 0.807 0.862 0.864 0.875 0.794 0.830 0.830 1.000 0.819 0.826 0.839 0.837 0.845 0.843 0.838 0.849 0.822 0.828 0.831 0.816 0.804 0.837 0.847 0.838 0.802  
0.798 0.784 0.829 0.820 0.800 0.770 0.763 0.928 0.817 1.000 0.896 0.891 0.807 0.897 0.902 0.771 0.906 0.882 0.924 0.920 0.899 0.888 0.900 0.925 0.896 0.879  
0.807 0.771 0.823 0.824 0.801 0.776 0.743 0.920 0.818 0.889 1.000 0.859 0.796 0.923 0.912 0.774 0.913 0.933 0.913 0.885 0.868 0.853 0.883 0.894 0.897 0.841  
0.775 0.757 0.796 0.786 0.817 0.741 0.753 0.867 0.834 0.888 0.863 1.000 0.779 0.878 0.862 0.778 0.881 0.834 0.875 0.887 0.914 0.899 0.875 0.890 0.861 0.905  
0.756 0.775 0.802 0.803 0.776 0.729 0.839 0.814 0.840 0.812 0.807 0.786 1.000 0.811 0.815 0.799 0.817 0.805 0.809 0.806 0.782 0.769 0.804 0.817 0.810 0.775  
0.801 0.767 0.818 0.814 0.809 0.774 0.757 0.916 0.836 0.889 0.922 0.873 0.799 1.000 0.960 0.786 0.990 0.889 0.923 0.936 0.909 0.895 0.938 0.945 0.968 0.890  
0.800 0.768 0.810 0.810 0.805 0.772 0.757 0.912 0.833 0.893 0.911 0.857 0.802 0.960 1.000 0.783 0.967 0.894 0.909 0.945 0.898 0.888 0.938 0.940 0.972 0.874  
0.934 0.811 0.843 0.832 0.879 0.815 0.837 0.791 0.848 0.782 0.792 0.792 0.806 0.805 0.803 1.000 0.807 0.778 0.813 0.790 0.779 0.769 0.786 0.806 0.800 0.761  
0.804 0.773 0.821 0.816 0.811 0.777 0.763 0.922 0.840 0.898 0.913 0.877 0.806 0.991 0.968 0.789 1.000 0.887 0.925 0.941 0.913 0.901 0.947 0.955 0.973 0.891  
0.785 0.755 0.812 0.811 0.793 0.760 0.741 0.906 0.816 0.876 0.935 0.832 0.796 0.892 0.897 0.763 0.889 1.000 0.876 0.869 0.836 0.824 0.877 0.873 0.883 0.830  
0.831 0.796 0.840 0.835 0.814 0.798 0.770 0.928 0.825 0.923 0.919 0.877 0.803 0.931 0.917 0.800 0.932 0.881 1.000 0.926 0.906 0.892 0.892 0.944 0.919 0.880  
0.791 0.772 0.813 0.806 0.801 0.765 0.762 0.899 0.823 0.913 0.886 0.884 0.796 0.938 0.947 0.772 0.942 0.867 0.921 1.000 0.928 0.917 0.920 0.949 0.954 0.898  
0.780 0.759 0.800 0.792 0.796 0.752 0.747 0.879 0.812 0.896 0.872 0.915 0.775 0.914 0.904 0.765 0.918 0.838 0.904 0.932 1.000 0.982 0.906 0.935 0.907 0.912  
0.772 0.750 0.789 0.781 0.787 0.744 0.737 0.866 0.801 0.886 0.859 0.902 0.764 0.902 0.895 0.756 0.907 0.828 0.892 0.923 0.984 1.000 0.898 0.924 0.899 0.901  
0.782 0.768 0.808 0.803 0.795 0.757 0.761 0.901 0.828 0.891 0.882 0.870 0.792 0.937 0.938 0.767 0.945 0.873 0.884 0.918 0.900 0.890 1.000 0.921 0.945 0.874  
0.806 0.782 0.827 0.820 0.819 0.779 0.771 0.913 0.841 0.920 0.897 0.889 0.808 0.950 0.944 0.791 0.959 0.874 0.941 0.952 0.933 0.921 0.926 1.000 0.942 0.902  
0.799 0.767 0.812 0.811 0.803 0.772 0.757 0.912 0.831 0.890 0.897 0.858 0.800 0.970 0.975 0.783 0.974 0.882 0.914 0.954 0.903 0.894 0.948 0.940 1.000 0.874  
0.760 0.750 0.783 0.773 0.779 0.730 0.741 0.849 0.797 0.875 0.844 0.905 0.767 0.895 0.879 0.747 0.895 0.832 0.878 0.902 0.912 0.899 0.879 0.903 0.877 1.000  
