1.000 0.871 0.842 0.822 0.833 0.811 0.775 0.819 0.759 0.827 0.796 0.785 0.796 0.810 0.794 0.796 0.799 0.794 0.798 0.797 0.780 0.786 0.792 0.788 0.782 0.786 0.784 0.771 0.790 0.778 0.796 0.785 0.787 0.791 0.788 0.787 0.779 0.780 0.783 0.790 0.764 0.775 0.764 0.786 0.777 0.767 0.773 0.757 0.771 0.779 0.771 0.783 0.749 0.770 0.762 0.776 0.766 0.747 0.782 0.763 0.970 0.800 0.797 0.797 0.779 0.781 0.794  
0.868 1.000 0.970 0.856 0.842 0.845 0.767 0.781 0.750 0.810 0.786 0.786 0.796 0.796 0.789 0.782 0.789 0.788 0.795 0.792 0.781 0.784 0.796 0.784 0.782 0.783 0.782 0.772 0.787 0.777 0.794 0.790 0.784 0.790 0.790 0.795 0.785 0.774 0.779 0.780 0.771 0.774 0.757 0.788 0.777 0.767 0.761 0.749 0.767 0.781 0.752 0.791 0.742 0.770 0.754 0.772 0.777 0.751 0.779 0.771 0.838 0.796 0.786 0.780 0.773 0.782 0.780  
0.844 0.977 1.000 0.865 0.848 0.874 0.744 0.761 0.756 0.794 0.791 0.791 0.802 0.793 0.795 0.789 0.795 0.793 0.800 0.797 0.786 0.789 0.801 0.788 0.786 0.788 0.787 0.777 0.791 0.782 0.782 0.795 0.790 0.796 0.795 0.801 0.790 0.779 0.784 0.786 0.777 0.779 0.745 0.791 0.779 0.773 0.766 0.755 0.773 0.787 0.757 0.798 0.748 0.775 0.751 0.778 0.783 0.756 0.785 0.777 0.864 0.801 0.792 0.786 0.778 0.783 0.782  
0.824 0.862 0.865 1.000 0.818 0.849 0.741 0.769 0.753 0.797 0.796 0.784 0.801 0.800 0.797 0.791 0.798 0.790 0.794 0.793 0.781 0.785 0.798 0.787 0.779 0.788 0.783 0.774 0.785 0.785 0.784 0.793 0.787 0.797 0.790 0.796 0.785 0.782 0.786 0.787 0.774 0.777 0.751 0.782 0.775 0.773 0.762 0.754 0.771 0.779 0.758 0.797 0.755 0.773 0.756 0.778 0.778 0.753 0.794 0.775 0.827 0.798 0.802 0.790 0.778 0.782 0.777  
0.833 0.846 0.846 0.816 1.000 0.825 0.743 0.763 0.747 0.787 0.785 0.782 0.789 0.787 0.786 0.781 0.789 0.790 0.793 0.783 0.775 0.776 0.787 0.782 0.778 0.774 0.773 0.763 0.776 0.775 0.777 0.791 0.785 0.790 0.782 0.793 0.780 0.773 0.775 0.784 0.760 0.777 0.739 0.775 0.775 0.770 0.761 0.751 0.764 0.777 0.754 0.783 0.746 0.766 0.746 0.777 0.772 0.761 0.787 0.767 0.833 0.787 0.786 0.779 0.779 0.774 0.772  
0.812 0.850 0.872 0.848 0.825 1.000 0.766 0.779 0.772 0.795 0.798 0.796 0.805 0.795 0.798 0.790 0.802 0.800 0.804 0.804 0.792 0.793 0.808 0.799 0.792 0.789 0.793 0.788 0.795 0.798 0.792 0.806 0.791 0.805 0.796 0.809 0.800 0.790 0.792 0.793 0.785 0.789 0.753 0.789 0.782 0.788 0.769 0.760 0.778 0.788 0.763 0.807 0.763 0.780 0.769 0.792 0.789 0.766 0.799 0.787 0.832 0.799 0.804 0.790 0.781 0.791 0.782  
0.773 0.768 0.740 0.737 0.740 0.763 1.000 0.826 0.842 0.796 0.774 0.770 0.782 0.779 0.773 0.769 0.776 0.778 0.783 0.780 0.774 0.777 0.782 0.780 0.779 0.769 0.772 0.769 0.778 0.775 0.783 0.784 0.770 0.784 0.773 0.788 0.785 0.766 0.770 0.770 0.752 0.772 0.765 0.779 0.773 0.769 0.768 0.759 0.762 0.764 0.747 0.788 0.750 0.759 0.759 0.763 0.779 0.762 0.776 0.780 0.745 0.779 0.777 0.766 0.765 0.770 0.769  
0.825 0.790 0.764 0.773 0.768 0.784 0.834 1.000 0.822 0.829 0.799 0.793 0.804 0.815 0.799 0.799 0.802 0.802 0.807 0.805 0.794 0.800 0.805 0.806 0.794 0.792 0.795 0.784 0.797 0.790 0.809 0.794 0.790 0.808 0.791 0.797 0.787 0.787 0.786 0.792 0.764 0.789 0.774 0.796 0.783 0.783 0.775 0.769 0.783 0.780 0.769 0.796 0.772 0.771 0.775 0.785 0.783 0.767 0.798 0.782 0.800 0.801 0.803 0.797 0.785 0.782 0.797  
0.760 0.754 0.755 0.752 0.748 0.773 0.845 0.817 1.000 0.783 0.781 0.779 0.791 0.782 0.783 0.776 0.782 0.787 0.789 0.787 0.778 0.784 0.785 0.785 0.779 0.779 0.776 0.770 0.780 0.778 0.771 0.785 0.780 0.794 0.786 0.788 0.777 0.767 0.774 0.776 0.756 0.778 0.751 0.780 0.772 0.771 0.762 0.763 0.768 0.767 0.748 0.791 0.750 0.756 0.754 0.770 0.784 0.760 0.781 0.773 0.760 0.786 0.784 0.776 0.767 0.771 0.768  
0.808 0.796 0.774 0.777 0.769 0.776 0.780 0.805 0.765 1.000 0.903 0.832 0.913 0.951 0.886 0.911 0.894 0.841 0.843 0.842 0.837 0.837 0.848 0.838 0.832 0.876 0.833 0.819 0.835 0.827 0.848 0.851 0.869 0.841 0.873 0.858 0.841 0.841 0.856 0.861 0.833 0.824 0.807 0.850 0.837 0.810 0.818 0.813 0.836 0.826 0.819 0.840 0.791 0.817 0.792 0.828 0.808 0.787 0.835 0.817 0.787 0.909 0.905 0.899 0.851 0.827 0.846  
0.782 0.775 0.775 0.781 0.771 0.784 0.762 0.779 0.766 0.908 1.000 0.830 0.895 0.905 0.926 0.907 0.929 0.838 0.840 0.839 0.832 0.833 0.846 0.835 0.828 0.876 0.828 0.821 0.833 0.832 0.831 0.850 0.865 0.842 0.871 0.856 0.842 0.836 0.866 0.864 0.832 0.828 0.788 0.844 0.835 0.813 0.815 0.808 0.842 0.828 0.810 0.845 0.793 0.814 0.785 0.831 0.813 0.792 0.846 0.821 0.782 0.891 0.911 0.893 0.851 0.831 0.840  
0.760 0.764 0.764 0.757 0.756 0.770 0.747 0.762 0.753 0.824 0.818 1.000 0.832 0.822 0.830 0.821 0.830 0.881 0.887 0.895 0.880 0.879 0.872 0.876 0.887 0.818 0.875 0.846 0.866 0.861 0.859 0.837 0.820 0.850 0.831 0.840 0.831 0.815 0.815 0.823 0.807 0.836 0.761 0.833 0.811 0.807 0.806 0.788 0.806 0.824 0.793 0.841 0.774 0.802 0.770 0.819 0.809 0.790 0.824 0.806 0.760 0.843 0.816 0.819 0.817 0.824 0.815  
0.780 0.783 0.783 0.782 0.772 0.787 0.768 0.782 0.773 0.914 0.892 0.842 1.000 0.915 0.894 0.887 0.897 0.852 0.852 0.851 0.847 0.848 0.860 0.846 0.843 0.904 0.844 0.830 0.843 0.839 0.839 0.866 0.872 0.869 0.883 0.872 0.854 0.841 0.864 0.862 0.839 0.837 0.791 0.853 0.839 0.824 0.818 0.809 0.847 0.838 0.807 0.853 0.802 0.826 0.793 0.838 0.826 0.802 0.845 0.828 0.780 0.924 0.886 0.875 0.854 0.835 0.835  
0.794 0.783 0.775 0.782 0.771 0.778 0.765 0.793 0.765 0.953 0.902 0.832 0.916 1.000 0.887 0.910 0.894 0.843 0.845 0.844 0.837 0.840 0.849 0.839 0.832 0.881 0.837 0.819 0.836 0.829 0.838 0.855 0.870 0.847 0.867 0.862 0.844 0.841 0.862 0.860 0.825 0.826 0.796 0.849 0.836 0.814 0.816 0.813 0.835 0.828 0.818 0.840 0.793 0.817 0.789 0.831 0.810 0.791 0.841 0.816 0.786 0.910 0.905 0.894 0.847 0.829 0.847  
0.776 0.774 0.775 0.778 0.768 0.779 0.757 0.775 0.764 0.885 0.922 0.838 0.893 0.885 1.000 0.886 0.947 0.843 0.847 0.839 0.838 0.838 0.854 0.841 0.835 0.874 0.833 0.828 0.839 0.836 0.838 0.854 0.871 0.847 0.875 0.858 0.845 0.843 0.856 0.855 0.831 0.835 0.784 0.849 0.828 0.813 0.816 0.801 0.848 0.837 0.805 0.848 0.792 0.817 0.780 0.835 0.813 0.796 0.859 0.815 0.777 0.904 0.886 0.873 0.859 0.833 0.836  
0.777 0.766 0.768 0.770 0.762 0.771 0.752 0.774 0.757 0.910 0.901 0.828 0.884 0.906 0.885 1.000 0.885 0.836 0.841 0.839 0.835 0.833 0.844 0.838 0.829 0.875 0.830 0.818 0.834 0.824 0.827 0.849 0.863 0.839 0.872 0.858 0.841 0.833 0.851 0.861 0.827 0.826 0.787 0.840 0.824 0.807 0.809 0.815 0.831 0.824 0.810 0.842 0.790 0.810 0.773 0.824 0.805 0.785 0.837 0.817 0.779 0.885 0.900 0.889 0.841 0.821 0.836  
0.783 0.776 0.777 0.779 0.773 0.785 0.762 0.780 0.765 0.896 0.927 0.840 0.897 0.894 0.950 0.888 1.000 0.845 0.849 0.843 0.840 0.839 0.856 0.842 0.836 0.875 0.835 0.830 0.841 0.839 0.841 0.856 0.870 0.849 0.875 0.860 0.847 0.844 0.862 0.863 0.832 0.835 0.787 0.849 0.830 0.817 0.821 0.805 0.844 0.838 0.812 0.848 0.794 0.819 0.787 0.836 0.815 0.799 0.859 0.818 0.783 0.908 0.890 0.882 0.862 0.834 0.840  
0.771 0.769 0.768 0.765 0.767 0.777 0.758 0.773 0.763 0.836 0.828 0.884 0.845 0.836 0.837 0.832 0.838 1.000 0.900 0.905 0.892 0.914 0.892 0.885 0.902 0.829 0.890 0.861 0.877 0.876 0.880 0.853 0.833 0.868 0.843 0.858 0.845 0.828 0.823 0.828 0.818 0.861 0.775 0.843 0.823 0.818 0.817 0.797 0.819 0.831 0.806 0.850 0.783 0.812 0.775 0.836 0.825 0.812 0.843 0.813 0.771 0.849 0.828 0.832 0.838 0.825 0.828  
0.775 0.775 0.774 0.769 0.770 0.780 0.762 0.777 0.765 0.837 0.829 0.889 0.844 0.837 0.841 0.836 0.841 0.900 1.000 0.898 0.893 0.887 0.900 0.891 0.889 0.830 0.887 0.861 0.883 0.872 0.865 0.852 0.833 0.867 0.841 0.855 0.843 0.834 0.823 0.834 0.812 0.849 0.775 0.844 0.822 0.826 0.817 0.799 0.818 0.829 0.806 0.856 0.788 0.816 0.780 0.835 0.827 0.806 0.845 0.820 0.774 0.854 0.831 0.832 0.839 0.826 0.827  
0.774 0.771 0.771 0.768 0.759 0.779 0.758 0.775 0.762 0.835 0.828 0.897 0.843 0.836 0.833 0.834 0.835 0.904 0.897 1.000 0.894 0.908 0.891 0.890 0.896 0.829 0.898 0.861 0.885 0.861 0.859 0.848 0.826 0.860 0.837 0.850 0.839 0.825 0.822 0.830 0.812 0.841 0.776 0.838 0.817 0.819 0.812 0.795 0.817 0.828 0.803 0.848 0.783 0.811 0.776 0.828 0.817 0.795 0.833 0.813 0.773 0.846 0.827 0.831 0.821 0.824 0.826  
0.757 0.761 0.760 0.756 0.752 0.768 0.753 0.765 0.754 0.831 0.822 0.882 0.839 0.829 0.832 0.830 0.832 0.891 0.893 0.894 1.000 0.895 0.895 0.890 0.893 0.823 0.895 0.869 0.877 0.869 0.867 0.850 0.825 0.870 0.837 0.855 0.845 0.824 0.817 0.827 0.814 0.850 0.770 0.839 0.814 0.822 0.810 0.794 0.813 0.824 0.797 0.852 0.782 0.808 0.770 0.831 0.818 0.797 0.834 0.815 0.756 0.844 0.824 0.828 0.821 0.818 0.819  
0.764 0.765 0.764 0.760 0.754 0.770 0.757 0.772 0.761 0.832 0.823 0.882 0.841 0.833 0.833 0.829 0.832 0.914 0.888 0.909 0.896 1.000 0.891 0.888 0.907 0.826 0.898 0.861 0.879 0.860 0.861 0.847 0.826 0.860 0.837 0.853 0.842 0.825 0.820 0.827 0.814 0.841 0.773 0.840 0.813 0.817 0.809 0.792 0.821 0.824 0.799 0.847 0.782 0.811 0.772 0.832 0.821 0.799 0.830 0.812 0.763 0.846 0.824 0.825 0.823 0.819 0.819  
0.768 0.776 0.775 0.772 0.763 0.783 0.760 0.776 0.761 0.841 0.836 0.874 0.852 0.841 0.848 0.839 0.847 0.891 0.900 0.891 0.895 0.889 1.000 0.896 0.889 0.837 0.885 0.873 0.882 0.875 0.872 0.867 0.841 0.885 0.851 0.873 0.858 0.840 0.833 0.839 0.822 0.861 0.776 0.850 0.821 0.826 0.819 0.805 0.822 0.833 0.809 0.871 0.791 0.827 0.778 0.845 0.832 0.804 0.855 0.822 0.768 0.860 0.839 0.838 0.837 0.825 0.826  
0.769 0.768 0.766 0.765 0.762 0.778 0.762 0.780 0.764 0.836 0.829 0.883 0.842 0.835 0.839 0.837 0.838 0.888 0.895 0.895 0.894 0.891 0.901 1.000 0.896 0.827 0.883 0.871 0.901 0.876 0.871 0.861 0.831 0.871 0.840 0.865 0.856 0.834 0.824 0.837 0.811 0.852 0.777 0.840 0.822 0.825 0.817 0.797 0.813 0.828 0.805 0.861 0.792 0.817 0.779 0.835 0.826 0.799 0.843 0.821 0.767 0.849 0.831 0.832 0.828 0.824 0.825  
0.763 0.766 0.764 0.757 0.758 0.771 0.761 0.769 0.758 0.829 0.821 0.893 0.839 0.827 0.832 0.828 0.832 0.905 0.892 0.900 0.897 0.909 0.893 0.896 1.000 0.823 0.893 0.864 0.884 0.866 0.866 0.851 0.825 0.863 0.838 0.856 0.848 0.826 0.819 0.828 0.811 0.845 0.772 0.842 0.819 0.818 0.810 0.794 0.815 0.833 0.796 0.853 0.784 0.809 0.773 0.828 0.823 0.797 0.833 0.813 0.761 0.846 0.820 0.822 0.826 0.822 0.825  
0.769 0.769 0.769 0.770 0.758 0.772 0.755 0.770 0.761 0.877 0.873 0.827 0.904 0.881 0.875 0.878 0.874 0.835 0.837 0.836 0.830 0.832 0.844 0.830 0.826 1.000 0.830 0.814 0.830 0.822 0.825 0.846 0.851 0.853 0.860 0.853 0.836 0.830 0.863 0.852 0.818 0.823 0.772 0.842 0.827 0.807 0.808 0.801 0.835 0.824 0.799 0.838 0.792 0.813 0.775 0.822 0.809 0.786 0.830 0.814 0.769 0.884 0.870 0.860 0.835 0.825 0.826  
0.761 0.762 0.761 0.758 0.750 0.769 0.752 0.766 0.753 0.828 0.818 0.878 0.837 0.830 0.827 0.826 0.828 0.890 0.887 0.898 0.895 0.897 0.885 0.879 0.890 0.823 1.000 0.859 0.878 0.858 0.861 0.848 0.824 0.862 0.832 0.851 0.835 0.820 0.818 0.824 0.808 0.844 0.770 0.835 0.812 0.819 0.805 0.790 0.817 0.825 0.791 0.843 0.779 0.802 0.774 0.826 0.816 0.800 0.830 0.810 0.760 0.843 0.820 0.823 0.816 0.816 0.815  
0.753 0.758 0.758 0.755 0.745 0.769 0.754 0.761 0.752 0.818 0.817 0.854 0.828 0.817 0.827 0.819 0.828 0.867 0.867 0.867 0.875 0.866 0.879 0.873 0.866 0.812 0.865 1.000 0.867 0.886 0.877 0.851 0.820 0.859 0.825 0.856 0.849 0.826 0.812 0.818 0.816 0.856 0.771 0.834 0.807 0.819 0.803 0.794 0.809 0.824 0.792 0.853 0.781 0.806 0.769 0.829 0.824 0.804 0.839 0.813 0.753 0.836 0.820 0.817 0.819 0.812 0.815  
0.768 0.769 0.768 0.761 0.754 0.773 0.759 0.770 0.758 0.831 0.824 0.870 0.837 0.830 0.835 0.831 0.835 0.879 0.885 0.887 0.879 0.880 0.885 0.898 0.883 0.825 0.879 0.863 1.000 0.865 0.859 0.850 0.828 0.866 0.833 0.853 0.843 0.828 0.821 0.828 0.808 0.848 0.777 0.839 0.818 0.811 0.809 0.791 0.815 0.823 0.797 0.844 0.783 0.807 0.771 0.827 0.815 0.794 0.835 0.812 0.767 0.848 0.825 0.830 0.821 0.819 0.827  
0.762 0.764 0.764 0.767 0.758 0.781 0.761 0.768 0.761 0.829 0.829 0.871 0.839 0.829 0.837 0.826 0.838 0.883 0.880 0.869 0.877 0.866 0.883 0.880 0.870 0.822 0.865 0.888 0.870 1.000 0.895 0.857 0.831 0.866 0.834 0.861 0.854 0.829 0.823 0.828 0.824 0.864 0.770 0.838 0.817 0.818 0.812 0.795 0.815 0.828 0.796 0.863 0.788 0.808 0.774 0.838 0.836 0.809 0.850 0.825 0.762 0.844 0.833 0.826 0.830 0.823 0.819  
0.777 0.779 0.761 0.764 0.758 0.773 0.766 0.784 0.752 0.847 0.826 0.866 0.836 0.835 0.837 0.827 0.838 0.885 0.870 0.864 0.872 0.865 0.877 0.872 0.867 0.823 0.866 0.876 0.861 0.892 1.000 0.848 0.830 0.862 0.836 0.854 0.842 0.830 0.818 0.825 0.819 0.873 0.784 0.839 0.814 0.814 0.805 0.789 0.807 0.826 0.796 0.850 0.782 0.804 0.776 0.832 0.818 0.811 0.849 0.812 0.759 0.843 0.829 0.827 0.832 0.824 0.818  
0.769 0.777 0.776 0.774 0.775 0.789 0.770 0.772 0.768 0.852 0.847 0.846 0.866 0.855 0.855 0.851 0.856 0.860 0.860 0.855 0.858 0.854 0.875 0.865 0.855 0.847 0.855 0.853 0.855 0.857 0.850 1.000 0.862 0.871 0.860 0.913 0.890 0.847 0.847 0.846 0.825 0.858 0.780 0.850 0.835 0.831 0.818 0.808 0.830 0.849 0.807 0.866 0.795 0.823 0.780 0.860 0.843 0.824 0.855 0.827 0.768 0.869 0.849 0.847 0.837 0.836 0.833  
0.778 0.778 0.779 0.775 0.775 0.781 0.763 0.775 0.770 0.878 0.870 0.837 0.880 0.877 0.880 0.873 0.877 0.847 0.848 0.842 0.840 0.840 0.856 0.842 0.836 0.859 0.838 0.829 0.841 0.839 0.840 0.870 1.000 0.857 0.878 0.874 0.852 0.845 0.855 0.851 0.836 0.842 0.788 0.849 0.825 0.815 0.823 0.809 0.843 0.842 0.817 0.853 0.793 0.817 0.781 0.842 0.822 0.811 0.851 0.821 0.779 0.888 0.867 0.875 0.855 0.835 0.835  
0.769 0.771 0.771 0.773 0.767 0.782 0.764 0.780 0.771 0.836 0.833 0.854 0.862 0.840 0.843 0.836 0.843 0.869 0.868 0.862 0.871 0.861 0.886 0.869 0.861 0.847 0.863 0.855 0.866 0.860 0.859 0.864 0.843 1.000 0.843 0.869 0.852 0.831 0.833 0.834 0.818 0.864 0.773 0.846 0.823 0.823 0.823 0.805 0.826 0.833 0.804 0.858 0.795 0.821 0.779 0.843 0.825 0.809 0.853 0.821 0.770 0.855 0.835 0.842 0.830 0.823 0.821  
0.777 0.782 0.781 0.777 0.771 0.784 0.764 0.774 0.774 0.881 0.874 0.846 0.888 0.872 0.882 0.880 0.880 0.855 0.854 0.851 0.850 0.849 0.864 0.849 0.848 0.866 0.844 0.832 0.844 0.840 0.844 0.866 0.876 0.855 1.000 0.872 0.861 0.844 0.871 0.876 0.849 0.843 0.790 0.858 0.837 0.817 0.823 0.815 0.843 0.843 0.814 0.856 0.798 0.828 0.785 0.846 0.823 0.804 0.851 0.820 0.777 0.887 0.865 0.874 0.859 0.845 0.838  
0.773 0.784 0.784 0.780 0.778 0.794 0.776 0.777 0.773 0.862 0.855 0.852 0.874 0.864 0.862 0.863 0.862 0.867 0.866 0.861 0.866 0.863 0.884 0.871 0.863 0.856 0.861 0.861 0.861 0.864 0.859 0.916 0.869 0.878 0.869 1.000 0.905 0.854 0.857 0.857 0.835 0.865 0.786 0.858 0.843 0.842 0.826 0.816 0.835 0.854 0.813 0.878 0.800 0.832 0.789 0.864 0.850 0.824 0.861 0.839 0.774 0.877 0.858 0.853 0.846 0.843 0.839  
0.777 0.786 0.785 0.781 0.778 0.797 0.785 0.779 0.774 0.858 0.854 0.856 0.869 0.859 0.862 0.859 0.862 0.867 0.866 0.862 0.869 0.864 0.882 0.875 0.867 0.851 0.857 0.866 0.865 0.869 0.860 0.907 0.859 0.874 0.871 0.919 1.000 0.856 0.856 0.854 0.834 0.865 0.786 0.857 0.841 0.840 0.835 0.823 0.835 0.850 0.824 0.879 0.802 0.843 0.781 0.860 0.851 0.822 0.862 0.844 0.776 0.872 0.854 0.851 0.845 0.847 0.850  
0.774 0.772 0.771 0.774 0.767 0.783 0.762 0.776 0.761 0.854 0.845 0.836 0.853 0.852 0.856 0.848 0.855 0.847 0.853 0.844 0.843 0.843 0.859 0.849 0.841 0.842 0.838 0.839 0.845 0.841 0.844 0.859 0.849 0.849 0.850 0.863 0.852 1.000 0.836 0.839 0.824 0.837 0.784 0.843 0.821 0.819 0.819 0.802 0.829 0.835 0.817 0.846 0.798 0.818 0.776 0.840 0.820 0.811 0.846 0.821 0.773 0.862 0.851 0.850 0.837 0.825 0.832  
0.771 0.770 0.770 0.772 0.763 0.780 0.761 0.769 0.761 0.862 0.868 0.829 0.869 0.866 0.862 0.859 0.867 0.834 0.835 0.835 0.829 0.831 0.845 0.832 0.828 0.868 0.830 0.819 0.831 0.828 0.826 0.852 0.852 0.844 0.870 0.860 0.846 0.829 1.000 0.885 0.821 0.824 0.782 0.845 0.830 0.810 0.810 0.806 0.828 0.826 0.802 0.840 0.788 0.812 0.780 0.831 0.815 0.788 0.839 0.818 0.772 0.862 0.860 0.861 0.831 0.825 0.825  
0.777 0.770 0.771 0.772 0.771 0.780 0.759 0.773 0.762 0.866 0.865 0.836 0.866 0.864 0.861 0.868 0.867 0.839 0.845 0.841 0.838 0.837 0.851 0.845 0.835 0.856 0.835 0.824 0.837 0.832 0.832 0.850 0.847 0.844 0.874 0.858 0.843 0.832 0.884 1.000 0.821 0.826 0.786 0.838 0.832 0.819 0.814 0.817 0.824 0.823 0.810 0.843 0.793 0.821 0.784 0.833 0.815 0.797 0.839 0.824 0.778 0.863 0.857 0.863 0.837 0.820 0.826  
0.751 0.761 0.761 0.758 0.746 0.771 0.741 0.745 0.742 0.837 0.832 0.819 0.842 0.827 0.836 0.833 0.835 0.828 0.823 0.822 0.824 0.823 0.832 0.817 0.817 0.821 0.818 0.820 0.817 0.827 0.824 0.828 0.832 0.827 0.847 0.836 0.822 0.816 0.819 0.820 1.000 0.815 0.759 0.832 0.805 0.793 0.791 0.786 0.817 0.816 0.782 0.834 0.775 0.790 0.759 0.818 0.802 0.784 0.820 0.801 0.751 0.840 0.840 0.828 0.842 0.814 0.796  
0.762 0.763 0.763 0.761 0.763 0.774 0.760 0.769 0.763 0.828 0.828 0.848 0.839 0.828 0.839 0.831 0.838 0.871 0.859 0.852 0.861 0.850 0.872 0.858 0.852 0.826 0.854 0.861 0.856 0.867 0.879 0.861 0.837 0.873 0.840 0.866 0.853 0.829 0.821 0.825 0.815 1.000 0.770 0.835 0.817 0.816 0.820 0.796 0.814 0.828 0.802 0.848 0.784 0.812 0.766 0.836 0.819 0.816 0.861 0.812 0.761 0.843 0.827 0.827 0.827 0.821 0.818  
0.779 0.775 0.758 0.764 0.754 0.767 0.783 0.784 0.765 0.842 0.819 0.802 0.824 0.829 0.818 0.822 0.820 0.814 0.815 0.816 0.810 0.812 0.816 0.813 0.808 0.805 0.809 0.805 0.815 0.802 0.820 0.813 0.813 0.812 0.817 0.817 0.804 0.805 0.810 0.815 0.788 0.800 1.000 0.809 0.802 0.788 0.788 0.780 0.798 0.788 0.778 0.806 0.777 0.777 0.799 0.798 0.798 0.775 0.810 0.797 0.762 0.825 0.820 0.820 0.792 0.801 0.799  
0.773 0.778 0.776 0.767 0.762 0.776 0.768 0.778 0.767 0.855 0.845 0.847 0.857 0.853 0.854 0.846 0.853 0.854 0.855 0.850 0.851 0.850 0.862 0.848 0.850 0.846 0.846 0.839 0.849 0.842 0.846 0.854 0.846 0.856 0.856 0.860 0.846 0.835 0.844 0.838 0.833 0.836 0.780 1.000 0.865 0.816 0.816 0.808 0.834 0.846 0.799 0.851 0.795 0.814 0.779 0.842 0.826 0.803 0.842 0.822 0.771 0.865 0.843 0.845 0.839 0.848 0.854  
0.765 0.768 0.764 0.762 0.763 0.769 0.763 0.765 0.759 0.843 0.837 0.825 0.843 0.841 0.834 0.831 0.835 0.834 0.834 0.829 0.826 0.824 0.834 0.830 0.827 0.832 0.824 0.813 0.828 0.822 0.822 0.839 0.822 0.833 0.836 0.845 0.830 0.815 0.829 0.833 0.806 0.819 0.774 0.865 1.000 0.803 0.808 0.802 0.813 0.815 0.789 0.829 0.789 0.803 0.772 0.814 0.806 0.791 0.825 0.810 0.761 0.842 0.832 0.833 0.820 0.848 0.858  
0.768 0.771 0.771 0.772 0.770 0.788 0.772 0.778 0.772 0.830 0.829 0.834 0.842 0.832 0.833 0.828 0.835 0.843 0.852 0.845 0.848 0.842 0.853 0.847 0.840 0.825 0.844 0.839 0.835 0.837 0.835 0.849 0.826 0.848 0.830 0.858 0.843 0.826 0.823 0.834 0.808 0.832 0.774 0.830 0.817 1.000 0.803 0.810 0.811 0.818 0.797 0.846 0.793 0.806 0.783 0.826 0.830 0.810 0.836 0.822 0.769 0.839 0.829 0.826 0.820 0.820 0.821  
0.771 0.762 0.762 0.758 0.758 0.766 0.768 0.767 0.759 0.835 0.827 0.830 0.833 0.831 0.833 0.826 0.836 0.839 0.840 0.835 0.833 0.830 0.842 0.836 0.828 0.823 0.827 0.820 0.830 0.827 0.823 0.833 0.830 0.845 0.832 0.838 0.835 0.823 0.820 0.826 0.803 0.832 0.771 0.827 0.819 0.799 1.000 0.807 0.814 0.813 0.846 0.830 0.790 0.857 0.772 0.814 0.801 0.794 0.830 0.818 0.770 0.843 0.824 0.834 0.827 0.816 0.831  
0.753 0.748 0.749 0.748 0.747 0.756 0.757 0.759 0.758 0.827 0.818 0.809 0.822 0.825 0.815 0.831 0.817 0.816 0.819 0.816 0.813 0.810 0.826 0.813 0.810 0.814 0.809 0.808 0.808 0.807 0.804 0.820 0.815 0.824 0.823 0.826 0.821 0.803 0.814 0.826 0.796 0.806 0.760 0.817 0.810 0.805 0.804 1.000 0.798 0.801 0.807 0.820 0.787 0.809 0.756 0.803 0.800 0.788 0.808 0.808 0.754 0.820 0.818 0.823 0.802 0.806 0.816  
0.766 0.765 0.765 0.763 0.758 0.772 0.759 0.772 0.762 0.849 0.851 0.826 0.859 0.847 0.861 0.845 0.856 0.838 0.837 0.836 0.832 0.839 0.841 0.828 0.830 0.846 0.836 0.822 0.832 0.826 0.821 0.842 0.847 0.844 0.850 0.844 0.832 0.829 0.835 0.832 0.825 0.823 0.776 0.842 0.819 0.804 0.810 0.796 1.000 0.829 0.803 0.838 0.786 0.813 0.779 0.832 0.812 0.794 0.830 0.821 0.766 0.853 0.846 0.841 0.840 0.822 0.829  
0.774 0.779 0.779 0.771 0.771 0.782 0.761 0.769 0.761 0.839 0.837 0.845 0.850 0.839 0.851 0.838 0.850 0.850 0.849 0.848 0.843 0.843 0.853 0.844 0.849 0.836 0.844 0.837 0.840 0.840 0.840 0.861 0.846 0.851 0.849 0.864 0.847 0.835 0.833 0.831 0.825 0.838 0.767 0.854 0.822 0.812 0.810 0.800 0.830 1.000 0.800 0.858 0.791 0.813 0.768 0.840 0.828 0.818 0.842 0.820 0.774 0.858 0.840 0.836 0.836 0.839 0.826  
0.774 0.758 0.758 0.759 0.757 0.765 0.752 0.766 0.751 0.841 0.828 0.823 0.828 0.838 0.827 0.834 0.832 0.833 0.834 0.831 0.825 0.826 0.837 0.829 0.820 0.820 0.817 0.813 0.822 0.817 0.819 0.827 0.830 0.831 0.829 0.831 0.830 0.826 0.817 0.827 0.799 0.820 0.765 0.815 0.805 0.799 0.852 0.814 0.812 0.809 1.000 0.826 0.776 0.858 0.761 0.816 0.794 0.787 0.821 0.810 0.774 0.831 0.830 0.838 0.821 0.806 0.828  
0.770 0.781 0.782 0.781 0.769 0.792 0.777 0.777 0.776 0.844 0.845 0.854 0.856 0.843 0.852 0.847 0.851 0.860 0.867 0.859 0.863 0.856 0.882 0.867 0.860 0.841 0.854 0.858 0.853 0.866 0.856 0.869 0.848 0.867 0.853 0.879 0.867 0.837 0.838 0.843 0.834 0.848 0.776 0.850 0.827 0.830 0.818 0.810 0.829 0.849 0.809 1.000 0.797 0.822 0.782 0.841 0.854 0.818 0.861 0.846 0.770 0.856 0.850 0.843 0.845 0.831 0.823  
0.741 0.737 0.737 0.745 0.738 0.754 0.743 0.759 0.741 0.800 0.798 0.791 0.810 0.801 0.801 0.800 0.802 0.797 0.803 0.798 0.797 0.796 0.806 0.803 0.796 0.800 0.793 0.790 0.796 0.796 0.792 0.803 0.794 0.809 0.801 0.806 0.795 0.795 0.791 0.797 0.780 0.790 0.753 0.799 0.793 0.784 0.784 0.782 0.783 0.788 0.765 0.802 1.000 0.780 0.759 0.784 0.785 0.774 0.809 0.791 0.741 0.809 0.805 0.796 0.794 0.789 0.790  
0.767 0.771 0.770 0.768 0.763 0.777 0.758 0.763 0.753 0.833 0.825 0.826 0.840 0.831 0.832 0.827 0.833 0.834 0.838 0.833 0.830 0.832 0.850 0.835 0.827 0.828 0.823 0.822 0.826 0.823 0.820 0.838 0.824 0.842 0.837 0.845 0.843 0.822 0.822 0.832 0.801 0.824 0.759 0.825 0.813 0.802 0.856 0.811 0.816 0.816 0.852 0.833 0.786 1.000 0.764 0.819 0.810 0.789 0.825 0.814 0.767 0.845 0.825 0.828 0.823 0.816 0.824  
0.783 0.779 0.770 0.775 0.767 0.789 0.782 0.791 0.774 0.833 0.821 0.818 0.832 0.827 0.820 0.814 0.825 0.820 0.826 0.822 0.816 0.817 0.824 0.821 0.815 0.813 0.819 0.809 0.814 0.813 0.817 0.818 0.812 0.823 0.819 0.825 0.805 0.804 0.813 0.819 0.794 0.802 0.805 0.813 0.806 0.803 0.795 0.781 0.807 0.795 0.779 0.818 0.789 0.788 1.000 0.803 0.802 0.783 0.809 0.804 0.774 0.830 0.819 0.818 0.806 0.798 0.796  
0.764 0.763 0.764 0.764 0.765 0.779 0.753 0.768 0.758 0.834 0.833 0.834 0.843 0.835 0.842 0.831 0.841 0.847 0.847 0.841 0.843 0.843 0.858 0.844 0.836 0.827 0.838 0.836 0.837 0.843 0.840 0.865 0.839 0.854 0.845 0.867 0.850 0.833 0.831 0.834 0.820 0.839 0.770 0.843 0.814 0.812 0.804 0.795 0.826 0.833 0.801 0.843 0.780 0.810 0.769 1.000 0.819 0.813 0.848 0.812 0.764 0.846 0.828 0.834 0.833 0.819 0.814  
0.762 0.776 0.776 0.772 0.767 0.784 0.777 0.773 0.778 0.822 0.823 0.832 0.839 0.823 0.828 0.820 0.828 0.844 0.848 0.838 0.838 0.841 0.853 0.843 0.840 0.822 0.836 0.838 0.833 0.849 0.833 0.856 0.827 0.844 0.831 0.861 0.849 0.822 0.823 0.824 0.811 0.829 0.778 0.835 0.814 0.825 0.799 0.800 0.813 0.829 0.787 0.865 0.790 0.808 0.776 0.827 1.000 0.820 0.838 0.838 0.763 0.838 0.825 0.819 0.820 0.825 0.809  
0.746 0.753 0.753 0.750 0.759 0.764 0.763 0.760 0.758 0.804 0.804 0.814 0.817 0.806 0.813 0.803 0.814 0.835 0.829 0.818 0.819 0.821 0.827 0.818 0.816 0.801 0.822 0.821 0.815 0.824 0.829 0.840 0.819 0.831 0.814 0.838 0.823 0.815 0.798 0.808 0.796 0.830 0.758 0.815 0.802 0.808 0.795 0.790 0.798 0.822 0.783 0.831 0.781 0.791 0.761 0.824 0.823 1.000 0.826 0.819 0.746 0.820 0.809 0.807 0.810 0.815 0.800  
0.765 0.765 0.766 0.775 0.770 0.781 0.762 0.776 0.764 0.837 0.843 0.833 0.844 0.841 0.860 0.839 0.858 0.850 0.852 0.840 0.841 0.836 0.863 0.847 0.837 0.830 0.836 0.840 0.840 0.850 0.852 0.855 0.843 0.859 0.845 0.858 0.846 0.834 0.834 0.835 0.817 0.857 0.777 0.838 0.820 0.818 0.814 0.796 0.818 0.830 0.800 0.858 0.801 0.811 0.770 0.842 0.824 0.810 1.000 0.818 0.766 0.854 0.849 0.835 0.849 0.826 0.820  
0.760 0.771 0.771 0.769 0.764 0.783 0.779 0.773 0.769 0.832 0.833 0.829 0.842 0.830 0.830 0.834 0.831 0.834 0.842 0.835 0.836 0.832 0.844 0.839 0.831 0.828 0.830 0.829 0.831 0.839 0.829 0.841 0.828 0.841 0.829 0.850 0.843 0.823 0.827 0.834 0.812 0.823 0.778 0.832 0.820 0.817 0.817 0.809 0.823 0.822 0.804 0.857 0.796 0.814 0.779 0.821 0.839 0.817 0.833 1.000 0.761 0.833 0.832 0.826 0.820 0.819 0.818  
0.977 0.848 0.867 0.831 0.838 0.837 0.753 0.800 0.765 0.810 0.802 0.790 0.803 0.808 0.800 0.803 0.805 0.799 0.803 0.803 0.785 0.791 0.797 0.792 0.786 0.791 0.789 0.776 0.794 0.784 0.784 0.790 0.794 0.797 0.794 0.794 0.784 0.784 0.789 0.796 0.770 0.780 0.753 0.789 0.778 0.773 0.778 0.763 0.777 0.785 0.776 0.790 0.755 0.775 0.758 0.781 0.772 0.752 0.788 0.769 1.000 0.805 0.803 0.803 0.784 0.782 0.796  
0.782 0.782 0.781 0.778 0.769 0.781 0.764 0.778 0.768 0.910 0.887 0.852 0.923 0.908 0.904 0.887 0.907 0.855 0.861 0.853 0.851 0.852 0.867 0.851 0.849 0.883 0.849 0.837 0.853 0.844 0.845 0.868 0.880 0.860 0.880 0.874 0.855 0.849 0.856 0.858 0.836 0.840 0.791 0.860 0.836 0.820 0.827 0.806 0.841 0.845 0.810 0.852 0.800 0.829 0.790 0.840 0.824 0.804 0.853 0.818 0.782 1.000 0.881 0.881 0.857 0.838 0.836  
0.778 0.771 0.771 0.781 0.767 0.784 0.761 0.778 0.765 0.904 0.905 0.823 0.884 0.902 0.885 0.900 0.887 0.832 0.836 0.832 0.829 0.827 0.844 0.832 0.822 0.868 0.825 0.820 0.828 0.830 0.829 0.846 0.856 0.838 0.856 0.853 0.836 0.837 0.852 0.850 0.834 0.822 0.785 0.836 0.825 0.808 0.806 0.802 0.831 0.825 0.807 0.845 0.795 0.808 0.778 0.821 0.810 0.791 0.847 0.815 0.778 0.880 1.000 0.885 0.841 0.826 0.830  
0.782 0.768 0.768 0.773 0.764 0.774 0.753 0.776 0.760 0.902 0.891 0.829 0.876 0.895 0.876 0.893 0.882 0.840 0.841 0.840 0.837 0.833 0.846 0.836 0.827 0.861 0.831 0.820 0.836 0.828 0.831 0.848 0.869 0.849 0.869 0.852 0.837 0.840 0.857 0.860 0.826 0.826 0.788 0.842 0.829 0.809 0.820 0.811 0.830 0.825 0.819 0.841 0.790 0.815 0.781 0.830 0.807 0.793 0.836 0.813 0.782 0.883 0.889 1.000 0.845 0.821 0.836  
0.766 0.763 0.762 0.762 0.765 0.767 0.754 0.765 0.753 0.855 0.851 0.829 0.857 0.850 0.864 0.846 0.864 0.848 0.850 0.832 0.831 0.833 0.848 0.834 0.833 0.839 0.826 0.824 0.829 0.833 0.838 0.840 0.850 0.839 0.856 0.847 0.832 0.829 0.829 0.836 0.842 0.828 0.763 0.838 0.819 0.804 0.814 0.792 0.832 0.827 0.804 0.845 0.789 0.812 0.771 0.831 0.810 0.797 0.852 0.809 0.765 0.860 0.847 0.847 1.000 0.816 0.823  
0.771 0.775 0.771 0.770 0.763 0.780 0.762 0.766 0.760 0.835 0.835 0.840 0.842 0.835 0.841 0.830 0.840 0.838 0.840 0.839 0.831 0.832 0.839 0.834 0.832 0.831 0.829 0.820 0.831 0.829 0.833 0.842 0.834 0.836 0.846 0.847 0.839 0.820 0.826 0.823 0.817 0.825 0.775 0.851 0.850 0.808 0.807 0.800 0.817 0.834 0.792 0.835 0.787 0.808 0.767 0.820 0.818 0.806 0.832 0.812 0.767 0.845 0.835 0.826 0.819 1.000 0.846  
0.786 0.775 0.771 0.767 0.763 0.773 0.763 0.783 0.759 0.856 0.846 0.833 0.844 0.856 0.847 0.848 0.848 0.844 0.843 0.843 0.835 0.834 0.843 0.837 0.837 0.835 0.830 0.825 0.841 0.828 0.829 0.842 0.836 0.836 0.841 0.846 0.843 0.829 0.829 0.831 0.802 0.824 0.775 0.859 0.862 0.812 0.824 0.811 0.826 0.823 0.816 0.828 0.791 0.818 0.766 0.818 0.805 0.793 0.829 0.813 0.782 0.846 0.842 0.844 0.828 0.848 1.000  
