1.000 0.780 0.770 0.853 0.801 0.775 0.778 0.785 0.787 0.783 0.784 0.777 0.777 0.774 0.789 0.778 0.786 0.786 0.775 0.778 0.772 0.787 0.783 0.768 0.793 0.784 0.743 0.781 0.746 0.753 0.777 0.762 0.741 0.788 0.769 0.773 0.758 0.753 0.767 0.757 0.748 0.728 0.766 0.742 0.779 0.776 0.750 0.770 0.928 0.801 0.775 0.777 0.773 0.778 0.774 0.775 0.767 0.768 0.775 0.752 0.779 0.760 0.757 0.762 0.740 0.749 0.752 0.756 0.765 0.770 0.755 0.763 0.783 0.777 0.767 0.769 0.765  
0.787 1.000 0.870 0.772 0.756 0.776 0.774 0.788 0.789 0.786 0.779 0.771 0.778 0.771 0.784 0.775 0.801 0.788 0.770 0.777 0.766 0.780 0.780 0.789 0.791 0.783 0.839 0.778 0.820 0.970 0.775 0.812 0.827 0.784 0.773 0.779 0.751 0.759 0.769 0.748 0.753 0.713 0.772 0.729 0.778 0.774 0.731 0.758 0.817 0.817 0.786 0.785 0.786 0.789 0.777 0.781 0.776 0.781 0.768 0.757 0.779 0.761 0.765 0.764 0.762 0.744 0.761 0.757 0.768 0.763 0.742 0.757 0.791 0.788 0.772 0.773 0.782  
0.774 0.867 1.000 0.766 0.749 0.779 0.776 0.783 0.788 0.783 0.778 0.774 0.773 0.774 0.790 0.776 0.788 0.789 0.774 0.776 0.768 0.777 0.789 0.773 0.791 0.779 0.969 0.784 0.854 0.837 0.782 0.846 0.837 0.784 0.769 0.777 0.761 0.767 0.769 0.748 0.745 0.712 0.774 0.729 0.787 0.772 0.743 0.767 0.781 0.802 0.777 0.781 0.774 0.781 0.775 0.784 0.773 0.773 0.768 0.749 0.783 0.761 0.754 0.762 0.745 0.739 0.763 0.750 0.766 0.775 0.748 0.764 0.789 0.779 0.767 0.775 0.771  
0.858 0.770 0.767 1.000 0.841 0.769 0.776 0.777 0.783 0.779 0.779 0.774 0.774 0.775 0.783 0.779 0.779 0.782 0.767 0.774 0.772 0.779 0.787 0.765 0.786 0.781 0.739 0.784 0.736 0.743 0.788 0.762 0.738 0.784 0.768 0.770 0.771 0.754 0.772 0.762 0.759 0.735 0.765 0.751 0.788 0.778 0.762 0.778 0.824 0.797 0.773 0.773 0.768 0.775 0.770 0.772 0.772 0.769 0.774 0.761 0.778 0.767 0.766 0.764 0.748 0.748 0.758 0.756 0.763 0.779 0.761 0.779 0.779 0.776 0.766 0.768 0.767  
0.808 0.756 0.751 0.843 1.000 0.775 0.775 0.781 0.786 0.784 0.782 0.780 0.783 0.775 0.783 0.776 0.778 0.787 0.774 0.775 0.768 0.781 0.784 0.773 0.770 0.778 0.752 0.782 0.748 0.757 0.776 0.770 0.744 0.791 0.765 0.776 0.767 0.755 0.767 0.767 0.759 0.718 0.764 0.741 0.787 0.778 0.764 0.776 0.813 0.779 0.776 0.778 0.772 0.777 0.775 0.782 0.772 0.772 0.776 0.745 0.777 0.767 0.757 0.767 0.746 0.747 0.752 0.749 0.767 0.780 0.756 0.768 0.782 0.780 0.766 0.767 0.762  
0.756 0.751 0.756 0.746 0.750 1.000 0.880 0.894 0.887 0.881 0.878 0.856 0.848 0.857 0.872 0.884 0.818 0.830 0.859 0.877 0.847 0.873 0.837 0.813 0.859 0.857 0.755 0.833 0.751 0.750 0.830 0.764 0.748 0.849 0.812 0.817 0.798 0.804 0.806 0.793 0.787 0.749 0.820 0.783 0.838 0.820 0.789 0.808 0.757 0.820 0.814 0.826 0.817 0.826 0.815 0.827 0.811 0.820 0.834 0.757 0.829 0.805 0.802 0.804 0.789 0.773 0.798 0.766 0.817 0.808 0.788 0.802 0.839 0.813 0.816 0.820 0.809  
0.761 0.750 0.755 0.754 0.752 0.882 1.000 0.892 0.897 0.894 0.896 0.867 0.858 0.867 0.898 0.896 0.826 0.837 0.866 0.899 0.870 0.890 0.855 0.824 0.870 0.874 0.755 0.850 0.753 0.750 0.847 0.765 0.747 0.871 0.824 0.825 0.810 0.812 0.812 0.807 0.794 0.762 0.823 0.795 0.851 0.835 0.797 0.822 0.763 0.828 0.819 0.829 0.827 0.830 0.821 0.834 0.815 0.825 0.851 0.767 0.837 0.821 0.808 0.814 0.796 0.781 0.806 0.768 0.831 0.818 0.796 0.813 0.842 0.822 0.822 0.817 0.816  
0.767 0.764 0.762 0.755 0.757 0.896 0.892 1.000 0.898 0.901 0.906 0.867 0.862 0.863 0.889 0.895 0.832 0.840 0.856 0.897 0.860 0.888 0.848 0.825 0.860 0.878 0.762 0.845 0.762 0.764 0.837 0.773 0.751 0.859 0.822 0.824 0.808 0.807 0.812 0.794 0.795 0.752 0.823 0.793 0.844 0.830 0.788 0.820 0.770 0.832 0.824 0.830 0.830 0.831 0.825 0.832 0.819 0.827 0.839 0.772 0.833 0.816 0.807 0.815 0.800 0.780 0.806 0.773 0.826 0.814 0.791 0.810 0.842 0.825 0.819 0.822 0.822  
0.770 0.766 0.767 0.762 0.762 0.890 0.898 0.899 1.000 0.902 0.890 0.872 0.868 0.871 0.903 0.891 0.833 0.842 0.867 0.892 0.864 0.892 0.855 0.828 0.870 0.881 0.767 0.853 0.764 0.765 0.846 0.776 0.762 0.869 0.832 0.832 0.811 0.812 0.820 0.803 0.800 0.758 0.829 0.798 0.855 0.844 0.794 0.826 0.773 0.834 0.826 0.838 0.833 0.838 0.828 0.839 0.822 0.831 0.850 0.772 0.842 0.825 0.815 0.819 0.804 0.786 0.813 0.776 0.835 0.827 0.806 0.819 0.852 0.829 0.840 0.824 0.824  
0.767 0.763 0.762 0.757 0.761 0.883 0.894 0.902 0.902 1.000 0.915 0.875 0.871 0.874 0.893 0.903 0.831 0.843 0.867 0.893 0.862 0.884 0.856 0.826 0.882 0.875 0.762 0.852 0.760 0.762 0.845 0.773 0.760 0.867 0.827 0.831 0.805 0.816 0.820 0.803 0.797 0.760 0.828 0.797 0.848 0.842 0.796 0.826 0.769 0.832 0.824 0.834 0.829 0.835 0.826 0.840 0.819 0.825 0.858 0.770 0.841 0.816 0.814 0.818 0.804 0.782 0.809 0.771 0.833 0.824 0.810 0.811 0.845 0.825 0.837 0.822 0.823  
0.767 0.755 0.758 0.757 0.759 0.880 0.896 0.907 0.890 0.915 1.000 0.869 0.857 0.864 0.891 0.908 0.829 0.840 0.857 0.899 0.862 0.888 0.851 0.822 0.862 0.877 0.757 0.846 0.756 0.755 0.842 0.766 0.747 0.860 0.825 0.826 0.805 0.812 0.810 0.806 0.792 0.756 0.822 0.795 0.845 0.829 0.794 0.824 0.769 0.830 0.821 0.831 0.827 0.831 0.823 0.834 0.818 0.825 0.840 0.770 0.838 0.815 0.807 0.821 0.798 0.781 0.807 0.770 0.832 0.821 0.797 0.810 0.844 0.821 0.824 0.818 0.815  
0.766 0.754 0.758 0.758 0.763 0.865 0.874 0.875 0.878 0.881 0.876 1.000 0.906 0.918 0.882 0.867 0.827 0.839 0.900 0.874 0.889 0.873 0.864 0.825 0.897 0.860 0.760 0.858 0.763 0.754 0.853 0.776 0.749 0.863 0.828 0.833 0.812 0.820 0.814 0.807 0.797 0.763 0.833 0.803 0.865 0.847 0.810 0.842 0.767 0.826 0.828 0.835 0.829 0.835 0.825 0.836 0.822 0.827 0.863 0.772 0.838 0.820 0.807 0.818 0.796 0.783 0.807 0.773 0.840 0.837 0.812 0.822 0.843 0.827 0.828 0.822 0.812  
0.765 0.758 0.757 0.756 0.764 0.855 0.863 0.867 0.873 0.876 0.861 0.904 1.000 0.909 0.874 0.856 0.831 0.838 0.887 0.864 0.873 0.862 0.852 0.826 0.888 0.855 0.757 0.848 0.769 0.759 0.840 0.777 0.757 0.860 0.820 0.826 0.807 0.814 0.817 0.801 0.795 0.754 0.822 0.792 0.849 0.838 0.799 0.827 0.768 0.829 0.829 0.832 0.828 0.834 0.820 0.831 0.822 0.827 0.851 0.770 0.830 0.812 0.803 0.811 0.791 0.787 0.804 0.772 0.830 0.828 0.804 0.817 0.839 0.832 0.823 0.819 0.814  
0.764 0.754 0.760 0.760 0.758 0.867 0.875 0.871 0.878 0.882 0.871 0.918 0.912 1.000 0.886 0.871 0.824 0.838 0.898 0.871 0.889 0.877 0.861 0.820 0.899 0.865 0.760 0.855 0.764 0.754 0.853 0.778 0.753 0.865 0.827 0.828 0.812 0.820 0.812 0.807 0.794 0.761 0.827 0.804 0.861 0.845 0.811 0.838 0.764 0.825 0.824 0.832 0.822 0.834 0.819 0.832 0.819 0.824 0.861 0.767 0.834 0.819 0.809 0.812 0.793 0.786 0.808 0.771 0.835 0.836 0.807 0.820 0.843 0.828 0.827 0.821 0.812  
0.772 0.761 0.769 0.761 0.759 0.874 0.898 0.889 0.902 0.893 0.891 0.875 0.869 0.878 1.000 0.890 0.838 0.851 0.873 0.889 0.874 0.897 0.872 0.833 0.875 0.882 0.769 0.867 0.768 0.761 0.859 0.780 0.757 0.885 0.839 0.840 0.817 0.820 0.820 0.806 0.806 0.760 0.832 0.800 0.869 0.855 0.803 0.840 0.774 0.839 0.833 0.845 0.836 0.845 0.834 0.849 0.831 0.836 0.860 0.773 0.850 0.825 0.817 0.823 0.808 0.790 0.824 0.775 0.845 0.832 0.804 0.821 0.858 0.837 0.837 0.824 0.823  
0.764 0.755 0.759 0.761 0.756 0.890 0.900 0.899 0.895 0.906 0.912 0.864 0.855 0.867 0.894 1.000 0.824 0.837 0.861 0.897 0.864 0.897 0.855 0.818 0.868 0.883 0.757 0.849 0.753 0.753 0.848 0.767 0.751 0.864 0.824 0.824 0.808 0.808 0.816 0.800 0.793 0.755 0.830 0.794 0.851 0.834 0.799 0.826 0.767 0.826 0.818 0.829 0.825 0.829 0.820 0.834 0.816 0.824 0.845 0.768 0.839 0.816 0.807 0.815 0.795 0.783 0.806 0.770 0.827 0.822 0.796 0.811 0.842 0.818 0.826 0.821 0.821  
0.778 0.786 0.776 0.766 0.763 0.829 0.835 0.842 0.843 0.840 0.839 0.830 0.836 0.826 0.848 0.830 1.000 0.916 0.830 0.836 0.820 0.837 0.861 0.888 0.838 0.829 0.769 0.853 0.778 0.778 0.844 0.774 0.763 0.845 0.838 0.866 0.802 0.823 0.834 0.812 0.814 0.766 0.825 0.785 0.839 0.838 0.786 0.812 0.790 0.954 0.902 0.886 0.908 0.891 0.879 0.864 0.859 0.857 0.825 0.792 0.844 0.812 0.812 0.834 0.814 0.791 0.814 0.787 0.828 0.809 0.788 0.813 0.909 0.903 0.842 0.828 0.842  
0.776 0.771 0.775 0.767 0.771 0.840 0.845 0.848 0.850 0.850 0.847 0.840 0.841 0.838 0.859 0.841 0.913 1.000 0.841 0.844 0.830 0.843 0.870 0.869 0.839 0.833 0.775 0.864 0.778 0.772 0.853 0.784 0.764 0.866 0.839 0.867 0.818 0.837 0.835 0.824 0.809 0.773 0.835 0.789 0.851 0.841 0.804 0.827 0.779 0.912 0.890 0.892 0.885 0.894 0.902 0.880 0.862 0.858 0.835 0.785 0.850 0.822 0.814 0.846 0.804 0.799 0.821 0.789 0.836 0.825 0.800 0.823 0.924 0.884 0.851 0.833 0.830  
0.764 0.751 0.758 0.750 0.755 0.867 0.872 0.862 0.873 0.873 0.862 0.899 0.888 0.897 0.878 0.863 0.826 0.839 1.000 0.872 0.878 0.866 0.861 0.823 0.895 0.853 0.758 0.860 0.763 0.751 0.849 0.774 0.751 0.866 0.826 0.833 0.804 0.818 0.816 0.809 0.794 0.761 0.827 0.796 0.854 0.841 0.806 0.827 0.763 0.824 0.822 0.833 0.825 0.833 0.822 0.836 0.820 0.825 0.862 0.764 0.833 0.821 0.805 0.810 0.789 0.785 0.805 0.771 0.834 0.829 0.807 0.814 0.843 0.825 0.824 0.825 0.812  
0.761 0.753 0.756 0.753 0.751 0.879 0.899 0.897 0.892 0.893 0.899 0.867 0.859 0.864 0.889 0.893 0.826 0.836 0.866 1.000 0.861 0.881 0.853 0.819 0.865 0.873 0.755 0.849 0.755 0.753 0.837 0.766 0.745 0.863 0.820 0.824 0.808 0.807 0.810 0.803 0.791 0.759 0.825 0.792 0.844 0.831 0.794 0.819 0.763 0.826 0.817 0.827 0.825 0.826 0.822 0.830 0.817 0.822 0.845 0.767 0.835 0.818 0.804 0.818 0.790 0.778 0.801 0.771 0.827 0.817 0.799 0.809 0.842 0.820 0.817 0.816 0.812  
0.759 0.746 0.751 0.754 0.749 0.853 0.875 0.864 0.868 0.866 0.866 0.887 0.873 0.885 0.878 0.865 0.814 0.827 0.876 0.865 1.000 0.871 0.855 0.813 0.878 0.859 0.751 0.850 0.751 0.746 0.849 0.765 0.740 0.858 0.824 0.820 0.805 0.813 0.804 0.801 0.793 0.757 0.822 0.792 0.851 0.839 0.798 0.829 0.758 0.816 0.814 0.825 0.817 0.826 0.810 0.822 0.810 0.816 0.856 0.767 0.830 0.816 0.800 0.808 0.791 0.779 0.802 0.766 0.829 0.823 0.802 0.810 0.834 0.818 0.822 0.810 0.811  
0.774 0.760 0.760 0.761 0.762 0.880 0.895 0.893 0.896 0.888 0.892 0.871 0.862 0.874 0.902 0.898 0.832 0.840 0.864 0.886 0.871 1.000 0.862 0.828 0.873 0.900 0.760 0.859 0.760 0.759 0.856 0.774 0.756 0.871 0.834 0.830 0.811 0.809 0.818 0.802 0.798 0.757 0.826 0.803 0.857 0.844 0.799 0.835 0.777 0.833 0.825 0.835 0.833 0.836 0.824 0.837 0.822 0.834 0.851 0.773 0.839 0.822 0.814 0.813 0.804 0.790 0.814 0.775 0.835 0.825 0.798 0.817 0.846 0.829 0.828 0.821 0.821  
0.775 0.765 0.777 0.775 0.770 0.850 0.866 0.859 0.866 0.866 0.861 0.867 0.857 0.864 0.882 0.861 0.862 0.872 0.866 0.863 0.861 0.868 1.000 0.850 0.860 0.851 0.777 0.917 0.776 0.766 0.902 0.790 0.771 0.878 0.851 0.867 0.830 0.833 0.839 0.823 0.815 0.776 0.851 0.803 0.875 0.856 0.812 0.851 0.773 0.860 0.853 0.860 0.863 0.860 0.854 0.865 0.853 0.851 0.865 0.780 0.855 0.838 0.822 0.835 0.809 0.798 0.828 0.784 0.862 0.849 0.824 0.834 0.876 0.858 0.844 0.842 0.836  
0.762 0.775 0.762 0.754 0.760 0.827 0.835 0.837 0.839 0.837 0.833 0.829 0.833 0.824 0.845 0.825 0.890 0.873 0.829 0.830 0.820 0.835 0.851 1.000 0.830 0.829 0.763 0.847 0.770 0.775 0.837 0.772 0.757 0.847 0.837 0.864 0.802 0.824 0.827 0.811 0.812 0.764 0.823 0.788 0.839 0.833 0.788 0.808 0.773 0.898 0.889 0.873 0.888 0.878 0.857 0.867 0.855 0.856 0.824 0.784 0.840 0.807 0.815 0.829 0.813 0.788 0.810 0.779 0.828 0.808 0.791 0.810 0.878 0.885 0.841 0.819 0.829  
0.779 0.771 0.773 0.768 0.750 0.865 0.874 0.864 0.873 0.885 0.866 0.894 0.887 0.895 0.879 0.868 0.832 0.835 0.893 0.868 0.877 0.873 0.854 0.822 1.000 0.857 0.755 0.848 0.759 0.753 0.846 0.769 0.753 0.863 0.830 0.828 0.801 0.815 0.813 0.803 0.790 0.764 0.824 0.793 0.849 0.847 0.800 0.823 0.781 0.846 0.823 0.834 0.825 0.836 0.821 0.834 0.816 0.824 0.871 0.781 0.836 0.813 0.803 0.807 0.794 0.781 0.801 0.774 0.831 0.819 0.809 0.809 0.842 0.827 0.831 0.822 0.814  
0.769 0.762 0.761 0.762 0.758 0.862 0.877 0.882 0.884 0.878 0.880 0.856 0.853 0.861 0.885 0.882 0.823 0.829 0.850 0.876 0.858 0.899 0.844 0.821 0.857 1.000 0.760 0.843 0.758 0.761 0.837 0.771 0.748 0.860 0.826 0.824 0.799 0.809 0.810 0.799 0.786 0.756 0.818 0.796 0.841 0.837 0.791 0.822 0.772 0.824 0.818 0.830 0.824 0.830 0.816 0.824 0.811 0.820 0.839 0.771 0.833 0.807 0.804 0.815 0.797 0.784 0.800 0.768 0.825 0.812 0.794 0.810 0.838 0.824 0.822 0.819 0.820  
0.752 0.842 0.976 0.744 0.755 0.784 0.781 0.789 0.793 0.788 0.784 0.780 0.779 0.780 0.796 0.780 0.786 0.795 0.779 0.782 0.774 0.782 0.795 0.779 0.778 0.783 1.000 0.789 0.863 0.862 0.786 0.874 0.843 0.790 0.774 0.784 0.767 0.773 0.771 0.754 0.751 0.712 0.780 0.734 0.794 0.778 0.750 0.773 0.760 0.787 0.782 0.787 0.781 0.787 0.780 0.790 0.779 0.779 0.773 0.738 0.786 0.767 0.759 0.768 0.751 0.745 0.768 0.747 0.772 0.781 0.753 0.770 0.795 0.785 0.773 0.776 0.773  
0.771 0.761 0.770 0.769 0.765 0.843 0.858 0.853 0.860 0.859 0.853 0.859 0.851 0.856 0.875 0.853 0.851 0.864 0.862 0.856 0.854 0.862 0.915 0.843 0.852 0.847 0.770 1.000 0.770 0.760 0.893 0.785 0.768 0.870 0.845 0.860 0.824 0.824 0.831 0.812 0.809 0.765 0.847 0.798 0.863 0.852 0.804 0.846 0.768 0.849 0.843 0.851 0.849 0.852 0.842 0.857 0.844 0.842 0.857 0.775 0.847 0.828 0.815 0.831 0.805 0.793 0.820 0.777 0.857 0.841 0.823 0.824 0.867 0.847 0.836 0.833 0.828  
0.753 0.821 0.858 0.739 0.750 0.778 0.777 0.788 0.789 0.785 0.781 0.782 0.789 0.783 0.794 0.774 0.794 0.796 0.783 0.780 0.772 0.781 0.792 0.785 0.781 0.780 0.861 0.788 1.000 0.824 0.782 0.850 0.813 0.791 0.777 0.782 0.762 0.770 0.769 0.758 0.752 0.717 0.774 0.740 0.794 0.787 0.751 0.776 0.766 0.792 0.790 0.792 0.786 0.791 0.783 0.787 0.783 0.783 0.772 0.746 0.778 0.769 0.758 0.767 0.753 0.752 0.769 0.755 0.773 0.775 0.748 0.769 0.794 0.795 0.773 0.776 0.769  
0.765 0.977 0.846 0.750 0.762 0.781 0.779 0.794 0.794 0.791 0.784 0.777 0.783 0.777 0.790 0.779 0.799 0.794 0.775 0.782 0.771 0.784 0.786 0.794 0.779 0.788 0.865 0.783 0.829 1.000 0.779 0.838 0.833 0.790 0.778 0.785 0.757 0.764 0.770 0.754 0.758 0.712 0.777 0.735 0.785 0.780 0.737 0.764 0.797 0.800 0.791 0.791 0.793 0.795 0.782 0.786 0.782 0.787 0.773 0.746 0.781 0.766 0.770 0.770 0.768 0.750 0.766 0.754 0.774 0.768 0.747 0.762 0.796 0.793 0.777 0.775 0.784  
0.779 0.770 0.780 0.785 0.772 0.853 0.868 0.859 0.866 0.866 0.863 0.868 0.856 0.867 0.880 0.865 0.855 0.866 0.864 0.857 0.865 0.872 0.914 0.846 0.864 0.855 0.778 0.907 0.776 0.768 1.000 0.792 0.773 0.871 0.853 0.858 0.835 0.832 0.838 0.819 0.822 0.774 0.848 0.806 0.875 0.857 0.815 0.854 0.777 0.856 0.850 0.858 0.856 0.858 0.848 0.867 0.852 0.849 0.864 0.781 0.855 0.835 0.830 0.835 0.821 0.799 0.838 0.778 0.857 0.848 0.821 0.838 0.869 0.854 0.844 0.846 0.844  
0.769 0.813 0.849 0.765 0.770 0.791 0.790 0.798 0.800 0.797 0.791 0.795 0.798 0.796 0.805 0.788 0.790 0.801 0.793 0.791 0.785 0.795 0.806 0.786 0.790 0.793 0.871 0.803 0.849 0.833 0.797 1.000 0.822 0.800 0.787 0.788 0.782 0.782 0.777 0.769 0.759 0.732 0.785 0.752 0.804 0.794 0.770 0.789 0.776 0.790 0.793 0.793 0.786 0.796 0.784 0.794 0.791 0.789 0.785 0.747 0.786 0.785 0.764 0.776 0.759 0.760 0.776 0.766 0.787 0.787 0.763 0.781 0.796 0.799 0.778 0.787 0.776  
0.748 0.828 0.841 0.741 0.745 0.775 0.771 0.776 0.786 0.785 0.771 0.767 0.777 0.770 0.782 0.772 0.779 0.782 0.770 0.769 0.760 0.776 0.787 0.771 0.774 0.770 0.841 0.785 0.813 0.828 0.779 0.823 1.000 0.783 0.767 0.778 0.755 0.755 0.767 0.743 0.748 0.708 0.771 0.734 0.777 0.781 0.735 0.761 0.759 0.778 0.775 0.778 0.773 0.782 0.765 0.777 0.771 0.776 0.771 0.734 0.769 0.764 0.755 0.758 0.748 0.742 0.760 0.742 0.771 0.769 0.756 0.761 0.780 0.779 0.775 0.767 0.762  
0.772 0.761 0.763 0.763 0.768 0.852 0.872 0.861 0.869 0.868 0.861 0.857 0.856 0.858 0.886 0.861 0.836 0.859 0.861 0.864 0.854 0.867 0.869 0.836 0.860 0.858 0.764 0.863 0.766 0.761 0.851 0.776 0.760 1.000 0.828 0.840 0.812 0.815 0.819 0.810 0.803 0.765 0.830 0.795 0.855 0.847 0.796 0.827 0.776 0.834 0.830 0.838 0.833 0.838 0.843 0.839 0.829 0.829 0.862 0.769 0.843 0.822 0.818 0.826 0.801 0.792 0.816 0.776 0.842 0.824 0.807 0.817 0.851 0.832 0.829 0.822 0.818  
0.773 0.771 0.770 0.767 0.763 0.837 0.847 0.846 0.855 0.850 0.848 0.844 0.839 0.843 0.863 0.844 0.852 0.855 0.844 0.843 0.843 0.853 0.865 0.849 0.850 0.846 0.769 0.861 0.774 0.770 0.856 0.784 0.764 0.851 1.000 0.850 0.819 0.826 0.822 0.812 0.806 0.765 0.835 0.805 0.848 0.848 0.801 0.829 0.778 0.854 0.845 0.857 0.848 0.856 0.843 0.852 0.838 0.842 0.839 0.783 0.845 0.822 0.818 0.832 0.818 0.801 0.820 0.777 0.841 0.825 0.812 0.822 0.863 0.851 0.839 0.826 0.831  
0.770 0.769 0.770 0.762 0.767 0.834 0.840 0.839 0.847 0.846 0.841 0.841 0.837 0.836 0.856 0.836 0.872 0.876 0.843 0.839 0.831 0.841 0.872 0.868 0.840 0.836 0.771 0.868 0.771 0.770 0.853 0.778 0.768 0.855 0.841 1.000 0.810 0.835 0.821 0.825 0.809 0.777 0.839 0.795 0.852 0.847 0.794 0.820 0.772 0.873 0.864 0.875 0.870 0.872 0.854 0.874 0.852 0.847 0.841 0.783 0.847 0.812 0.818 0.843 0.813 0.791 0.812 0.778 0.839 0.821 0.809 0.817 0.884 0.862 0.853 0.832 0.828  
0.759 0.746 0.758 0.767 0.762 0.819 0.829 0.827 0.830 0.824 0.824 0.825 0.821 0.824 0.836 0.823 0.812 0.830 0.817 0.826 0.820 0.826 0.839 0.810 0.816 0.815 0.759 0.836 0.755 0.746 0.833 0.776 0.749 0.830 0.815 0.813 1.000 0.806 0.806 0.799 0.801 0.756 0.822 0.784 0.836 0.821 0.804 0.830 0.757 0.814 0.812 0.815 0.813 0.818 0.819 0.823 0.816 0.817 0.808 0.766 0.825 0.805 0.791 0.812 0.776 0.796 0.796 0.764 0.810 0.816 0.791 0.812 0.825 0.819 0.808 0.810 0.791  
0.745 0.745 0.755 0.741 0.741 0.815 0.821 0.817 0.821 0.825 0.821 0.823 0.819 0.823 0.830 0.814 0.823 0.839 0.822 0.817 0.818 0.814 0.833 0.823 0.821 0.815 0.755 0.826 0.754 0.745 0.821 0.767 0.740 0.824 0.813 0.829 0.796 1.000 0.802 0.813 0.785 0.770 0.813 0.773 0.831 0.818 0.789 0.806 0.744 0.833 0.828 0.832 0.828 0.831 0.818 0.843 0.817 0.817 0.812 0.754 0.830 0.790 0.787 0.815 0.778 0.774 0.785 0.755 0.816 0.801 0.783 0.798 0.838 0.833 0.840 0.811 0.792  
0.762 0.757 0.760 0.762 0.756 0.821 0.825 0.825 0.832 0.832 0.822 0.820 0.825 0.818 0.833 0.824 0.837 0.840 0.823 0.823 0.812 0.827 0.842 0.829 0.822 0.820 0.757 0.837 0.756 0.753 0.831 0.765 0.754 0.831 0.812 0.819 0.800 0.805 1.000 0.787 0.802 0.745 0.813 0.770 0.827 0.822 0.781 0.809 0.761 0.840 0.833 0.830 0.828 0.831 0.829 0.832 0.827 0.829 0.819 0.767 0.862 0.798 0.804 0.811 0.788 0.787 0.800 0.767 0.810 0.804 0.789 0.806 0.839 0.828 0.818 0.845 0.854  
0.756 0.740 0.742 0.756 0.759 0.811 0.824 0.811 0.819 0.819 0.822 0.817 0.813 0.816 0.823 0.813 0.819 0.834 0.820 0.819 0.813 0.814 0.830 0.817 0.816 0.813 0.743 0.821 0.749 0.741 0.816 0.761 0.734 0.826 0.805 0.827 0.796 0.820 0.791 1.000 0.777 0.858 0.804 0.782 0.828 0.813 0.800 0.802 0.755 0.821 0.819 0.827 0.821 0.824 0.818 0.825 0.812 0.818 0.809 0.762 0.808 0.802 0.777 0.811 0.765 0.789 0.771 0.768 0.804 0.807 0.789 0.795 0.834 0.826 0.815 0.800 0.785  
0.749 0.746 0.742 0.755 0.753 0.807 0.812 0.814 0.818 0.815 0.810 0.809 0.809 0.805 0.824 0.808 0.823 0.820 0.806 0.809 0.807 0.812 0.823 0.819 0.805 0.801 0.742 0.820 0.745 0.747 0.820 0.752 0.741 0.821 0.802 0.812 0.800 0.794 0.808 0.779 1.000 0.736 0.801 0.771 0.817 0.806 0.772 0.802 0.755 0.825 0.817 0.813 0.827 0.815 0.812 0.821 0.811 0.823 0.804 0.756 0.815 0.800 0.800 0.797 0.805 0.785 0.805 0.752 0.800 0.796 0.784 0.804 0.818 0.816 0.801 0.805 0.811  
0.748 0.726 0.728 0.750 0.732 0.788 0.801 0.790 0.796 0.798 0.794 0.796 0.788 0.793 0.799 0.790 0.795 0.805 0.795 0.797 0.791 0.791 0.805 0.792 0.799 0.791 0.722 0.797 0.729 0.721 0.794 0.745 0.720 0.803 0.781 0.801 0.776 0.800 0.771 0.883 0.756 1.000 0.782 0.783 0.803 0.788 0.772 0.776 0.736 0.800 0.794 0.797 0.787 0.801 0.791 0.795 0.788 0.798 0.788 0.736 0.784 0.782 0.757 0.778 0.739 0.762 0.748 0.750 0.785 0.781 0.777 0.768 0.807 0.800 0.795 0.778 0.756  
0.766 0.766 0.771 0.761 0.759 0.842 0.842 0.843 0.848 0.847 0.841 0.846 0.836 0.839 0.851 0.845 0.834 0.846 0.840 0.844 0.837 0.841 0.860 0.830 0.840 0.833 0.772 0.859 0.766 0.766 0.847 0.778 0.764 0.848 0.831 0.843 0.821 0.822 0.819 0.806 0.801 0.761 1.000 0.790 0.855 0.840 0.800 0.831 0.767 0.835 0.833 0.847 0.835 0.847 0.834 0.845 0.831 0.827 0.837 0.760 0.850 0.808 0.806 0.828 0.796 0.791 0.809 0.764 0.836 0.827 0.817 0.817 0.854 0.836 0.834 0.836 0.821  
0.745 0.726 0.728 0.749 0.737 0.806 0.816 0.814 0.819 0.818 0.815 0.818 0.808 0.818 0.822 0.811 0.797 0.802 0.811 0.812 0.809 0.820 0.814 0.797 0.810 0.814 0.728 0.812 0.735 0.726 0.807 0.748 0.730 0.815 0.804 0.801 0.787 0.784 0.779 0.787 0.773 0.765 0.793 1.000 0.817 0.808 0.775 0.805 0.747 0.798 0.795 0.802 0.793 0.803 0.789 0.798 0.785 0.796 0.797 0.739 0.797 0.807 0.776 0.781 0.769 0.765 0.777 0.743 0.800 0.799 0.790 0.788 0.808 0.800 0.798 0.790 0.780  
0.769 0.762 0.773 0.774 0.771 0.848 0.859 0.852 0.862 0.856 0.853 0.867 0.852 0.862 0.877 0.855 0.837 0.851 0.856 0.851 0.855 0.861 0.873 0.835 0.853 0.845 0.774 0.863 0.776 0.763 0.862 0.787 0.760 0.862 0.832 0.844 0.824 0.829 0.822 0.818 0.806 0.772 0.844 0.804 1.000 0.854 0.819 0.853 0.772 0.839 0.839 0.847 0.842 0.844 0.836 0.847 0.833 0.837 0.844 0.768 0.843 0.824 0.812 0.826 0.803 0.793 0.816 0.775 0.836 0.849 0.816 0.840 0.850 0.842 0.841 0.826 0.816  
0.765 0.756 0.757 0.762 0.760 0.829 0.842 0.837 0.850 0.848 0.835 0.847 0.840 0.844 0.862 0.836 0.835 0.840 0.842 0.838 0.841 0.846 0.853 0.828 0.850 0.840 0.758 0.851 0.768 0.757 0.843 0.776 0.762 0.853 0.831 0.838 0.808 0.815 0.816 0.803 0.794 0.756 0.828 0.793 0.853 1.000 0.796 0.829 0.770 0.831 0.836 0.853 0.833 0.853 0.824 0.840 0.830 0.831 0.855 0.775 0.836 0.815 0.810 0.816 0.797 0.798 0.807 0.766 0.838 0.823 0.807 0.813 0.848 0.846 0.847 0.821 0.815  
0.753 0.727 0.742 0.760 0.760 0.811 0.818 0.809 0.814 0.816 0.815 0.824 0.815 0.825 0.824 0.816 0.798 0.817 0.822 0.814 0.815 0.815 0.823 0.797 0.817 0.808 0.743 0.817 0.746 0.728 0.816 0.766 0.730 0.815 0.799 0.800 0.806 0.800 0.789 0.804 0.774 0.754 0.802 0.774 0.833 0.810 1.000 0.817 0.752 0.802 0.804 0.810 0.801 0.809 0.803 0.811 0.802 0.803 0.800 0.753 0.814 0.795 0.781 0.800 0.762 0.774 0.778 0.759 0.796 0.818 0.785 0.806 0.812 0.804 0.802 0.795 0.781  
0.775 0.756 0.767 0.778 0.774 0.833 0.846 0.843 0.849 0.849 0.846 0.859 0.845 0.854 0.864 0.845 0.826 0.843 0.845 0.842 0.848 0.854 0.864 0.820 0.843 0.842 0.768 0.862 0.772 0.756 0.857 0.786 0.758 0.849 0.829 0.828 0.834 0.819 0.819 0.808 0.806 0.759 0.835 0.807 0.868 0.846 0.819 1.000 0.774 0.827 0.827 0.834 0.831 0.833 0.828 0.840 0.827 0.831 0.837 0.775 0.837 0.824 0.810 0.817 0.799 0.803 0.818 0.776 0.831 0.850 0.822 0.830 0.840 0.833 0.828 0.825 0.813  
0.943 0.824 0.789 0.832 0.820 0.789 0.793 0.801 0.803 0.799 0.799 0.791 0.794 0.787 0.804 0.793 0.812 0.802 0.788 0.793 0.784 0.803 0.794 0.793 0.808 0.799 0.763 0.792 0.771 0.798 0.788 0.782 0.764 0.805 0.786 0.788 0.769 0.764 0.779 0.769 0.767 0.728 0.779 0.756 0.795 0.794 0.762 0.782 1.000 0.825 0.795 0.796 0.796 0.799 0.790 0.790 0.785 0.789 0.787 0.771 0.794 0.780 0.773 0.782 0.767 0.771 0.767 0.774 0.784 0.782 0.764 0.779 0.799 0.798 0.783 0.779 0.792  
0.791 0.799 0.788 0.781 0.762 0.829 0.835 0.840 0.841 0.839 0.837 0.826 0.832 0.825 0.846 0.830 0.951 0.911 0.826 0.833 0.819 0.835 0.857 0.893 0.849 0.828 0.767 0.849 0.773 0.777 0.843 0.772 0.760 0.840 0.838 0.865 0.802 0.831 0.834 0.812 0.814 0.768 0.823 0.784 0.838 0.832 0.789 0.812 0.801 1.000 0.903 0.885 0.908 0.891 0.874 0.869 0.853 0.857 0.823 0.802 0.845 0.808 0.813 0.834 0.814 0.788 0.813 0.789 0.825 0.807 0.785 0.812 0.909 0.903 0.845 0.826 0.839  
0.769 0.773 0.766 0.762 0.763 0.827 0.831 0.836 0.837 0.835 0.832 0.833 0.836 0.829 0.845 0.825 0.904 0.895 0.828 0.828 0.821 0.833 0.855 0.889 0.831 0.827 0.766 0.847 0.775 0.773 0.841 0.779 0.761 0.841 0.833 0.860 0.804 0.829 0.831 0.813 0.810 0.766 0.825 0.785 0.843 0.841 0.794 0.816 0.776 0.908 1.000 0.924 0.905 0.926 0.876 0.868 0.863 0.860 0.826 0.783 0.841 0.812 0.809 0.842 0.805 0.790 0.809 0.781 0.828 0.812 0.790 0.817 0.889 0.910 0.846 0.830 0.834  
0.766 0.766 0.765 0.757 0.760 0.834 0.836 0.836 0.844 0.840 0.837 0.835 0.833 0.831 0.851 0.832 0.882 0.891 0.834 0.833 0.827 0.837 0.856 0.868 0.837 0.833 0.766 0.850 0.772 0.767 0.844 0.775 0.759 0.844 0.839 0.865 0.803 0.829 0.824 0.816 0.801 0.764 0.834 0.788 0.846 0.852 0.795 0.817 0.772 0.883 0.918 1.000 0.883 0.946 0.871 0.870 0.853 0.850 0.834 0.778 0.845 0.810 0.810 0.845 0.801 0.788 0.811 0.776 0.831 0.812 0.793 0.810 0.901 0.882 0.854 0.830 0.832  
0.762 0.768 0.759 0.753 0.755 0.826 0.834 0.838 0.840 0.836 0.834 0.830 0.831 0.822 0.843 0.828 0.905 0.884 0.827 0.832 0.819 0.835 0.860 0.884 0.828 0.828 0.761 0.848 0.767 0.770 0.843 0.768 0.755 0.839 0.832 0.861 0.801 0.826 0.823 0.811 0.816 0.756 0.823 0.779 0.842 0.833 0.787 0.815 0.772 0.908 0.900 0.884 1.000 0.882 0.876 0.869 0.850 0.859 0.826 0.783 0.837 0.805 0.805 0.831 0.807 0.789 0.807 0.771 0.822 0.807 0.783 0.815 0.884 0.898 0.837 0.821 0.832  
0.769 0.773 0.767 0.761 0.761 0.836 0.838 0.840 0.846 0.843 0.839 0.837 0.838 0.835 0.854 0.834 0.890 0.895 0.836 0.834 0.830 0.840 0.858 0.875 0.841 0.835 0.768 0.853 0.774 0.773 0.845 0.779 0.765 0.846 0.841 0.865 0.808 0.830 0.827 0.815 0.805 0.770 0.836 0.790 0.845 0.854 0.796 0.818 0.776 0.893 0.923 0.948 0.884 1.000 0.872 0.870 0.858 0.857 0.834 0.781 0.845 0.814 0.816 0.842 0.807 0.792 0.813 0.782 0.833 0.814 0.796 0.813 0.906 0.886 0.857 0.832 0.834  
0.765 0.760 0.761 0.756 0.759 0.825 0.830 0.833 0.836 0.834 0.831 0.827 0.824 0.820 0.843 0.824 0.877 0.902 0.825 0.830 0.814 0.828 0.852 0.853 0.825 0.821 0.761 0.843 0.765 0.760 0.835 0.767 0.749 0.851 0.828 0.846 0.808 0.817 0.824 0.810 0.802 0.760 0.823 0.776 0.837 0.826 0.791 0.814 0.768 0.875 0.872 0.873 0.877 0.872 1.000 0.858 0.859 0.849 0.822 0.767 0.839 0.805 0.804 0.834 0.797 0.790 0.808 0.772 0.819 0.809 0.785 0.811 0.882 0.867 0.832 0.824 0.823  
0.771 0.771 0.776 0.764 0.772 0.843 0.849 0.846 0.853 0.854 0.848 0.844 0.841 0.839 0.863 0.845 0.869 0.887 0.845 0.845 0.832 0.847 0.869 0.870 0.844 0.835 0.776 0.864 0.775 0.770 0.861 0.783 0.766 0.853 0.843 0.873 0.818 0.848 0.834 0.822 0.816 0.770 0.840 0.791 0.853 0.848 0.804 0.831 0.774 0.877 0.871 0.878 0.877 0.876 0.864 1.000 0.870 0.872 0.842 0.787 0.857 0.816 0.818 0.842 0.811 0.797 0.824 0.782 0.844 0.823 0.802 0.816 0.884 0.861 0.857 0.842 0.832  
0.761 0.763 0.763 0.761 0.759 0.825 0.827 0.831 0.833 0.830 0.829 0.828 0.829 0.823 0.842 0.824 0.861 0.867 0.826 0.828 0.818 0.829 0.855 0.855 0.824 0.820 0.764 0.848 0.768 0.763 0.843 0.777 0.757 0.840 0.826 0.848 0.809 0.819 0.826 0.807 0.804 0.761 0.824 0.776 0.837 0.835 0.793 0.816 0.766 0.857 0.863 0.859 0.854 0.861 0.863 0.867 1.000 0.881 0.822 0.777 0.843 0.806 0.805 0.827 0.797 0.786 0.808 0.777 0.828 0.813 0.785 0.814 0.859 0.855 0.829 0.821 0.819  
0.761 0.768 0.762 0.758 0.759 0.833 0.836 0.838 0.842 0.836 0.835 0.831 0.833 0.828 0.847 0.832 0.859 0.862 0.830 0.833 0.823 0.841 0.851 0.855 0.831 0.828 0.762 0.846 0.768 0.768 0.840 0.774 0.762 0.839 0.829 0.843 0.809 0.818 0.827 0.813 0.816 0.770 0.819 0.786 0.841 0.836 0.793 0.819 0.769 0.861 0.859 0.855 0.863 0.860 0.852 0.869 0.880 1.000 0.823 0.781 0.833 0.814 0.809 0.820 0.806 0.791 0.815 0.780 0.830 0.813 0.793 0.820 0.859 0.852 0.833 0.816 0.819  
0.767 0.753 0.755 0.761 0.761 0.846 0.860 0.849 0.859 0.867 0.849 0.865 0.855 0.863 0.870 0.851 0.825 0.837 0.866 0.855 0.861 0.856 0.864 0.822 0.877 0.845 0.755 0.859 0.756 0.753 0.853 0.769 0.755 0.871 0.825 0.835 0.798 0.812 0.815 0.802 0.795 0.759 0.827 0.785 0.846 0.857 0.789 0.823 0.765 0.825 0.824 0.837 0.829 0.835 0.823 0.837 0.820 0.821 1.000 0.766 0.831 0.814 0.815 0.814 0.801 0.784 0.810 0.763 0.834 0.819 0.813 0.808 0.841 0.823 0.827 0.818 0.814  
0.774 0.773 0.768 0.779 0.760 0.799 0.808 0.813 0.812 0.810 0.811 0.806 0.807 0.801 0.814 0.805 0.824 0.819 0.799 0.807 0.803 0.810 0.811 0.815 0.819 0.808 0.751 0.809 0.761 0.756 0.802 0.762 0.748 0.809 0.802 0.810 0.788 0.785 0.796 0.786 0.778 0.738 0.782 0.759 0.801 0.810 0.773 0.794 0.781 0.837 0.813 0.813 0.818 0.814 0.800 0.814 0.807 0.812 0.797 1.000 0.804 0.783 0.786 0.794 0.776 0.775 0.771 0.798 0.796 0.793 0.769 0.792 0.820 0.815 0.790 0.797 0.792  
0.773 0.766 0.773 0.767 0.765 0.843 0.850 0.845 0.854 0.853 0.850 0.843 0.837 0.839 0.862 0.848 0.847 0.855 0.839 0.846 0.838 0.847 0.857 0.841 0.845 0.842 0.770 0.852 0.764 0.763 0.846 0.773 0.756 0.855 0.833 0.843 0.818 0.832 0.861 0.803 0.808 0.758 0.843 0.788 0.848 0.841 0.805 0.826 0.775 0.850 0.842 0.851 0.842 0.849 0.842 0.855 0.843 0.834 0.834 0.775 1.000 0.813 0.811 0.834 0.795 0.795 0.810 0.776 0.840 0.825 0.803 0.818 0.862 0.838 0.839 0.847 0.850  
0.767 0.761 0.765 0.770 0.768 0.833 0.848 0.843 0.851 0.842 0.841 0.840 0.834 0.838 0.852 0.839 0.828 0.841 0.842 0.844 0.839 0.845 0.855 0.821 0.836 0.830 0.765 0.847 0.768 0.762 0.841 0.785 0.764 0.847 0.825 0.823 0.812 0.807 0.811 0.811 0.807 0.768 0.816 0.812 0.843 0.835 0.800 0.828 0.774 0.827 0.826 0.830 0.824 0.832 0.823 0.828 0.820 0.829 0.831 0.768 0.827 1.000 0.798 0.810 0.793 0.790 0.802 0.778 0.824 0.831 0.808 0.817 0.838 0.827 0.819 0.818 0.815  
0.763 0.764 0.755 0.767 0.756 0.828 0.832 0.832 0.839 0.838 0.830 0.825 0.822 0.826 0.841 0.828 0.827 0.831 0.823 0.828 0.820 0.834 0.837 0.828 0.823 0.825 0.755 0.832 0.756 0.763 0.835 0.763 0.753 0.841 0.819 0.827 0.796 0.801 0.816 0.784 0.805 0.743 0.812 0.779 0.829 0.828 0.784 0.812 0.766 0.830 0.822 0.829 0.822 0.832 0.820 0.828 0.818 0.822 0.830 0.769 0.824 0.797 1.000 0.812 0.844 0.789 0.852 0.771 0.813 0.801 0.793 0.814 0.839 0.819 0.824 0.813 0.827  
0.762 0.757 0.758 0.759 0.760 0.823 0.832 0.833 0.836 0.836 0.838 0.829 0.824 0.823 0.841 0.829 0.842 0.856 0.822 0.836 0.822 0.826 0.843 0.836 0.821 0.829 0.758 0.841 0.759 0.758 0.832 0.768 0.751 0.843 0.827 0.846 0.811 0.824 0.816 0.812 0.796 0.756 0.827 0.777 0.836 0.828 0.796 0.812 0.769 0.845 0.849 0.857 0.842 0.852 0.844 0.846 0.833 0.827 0.822 0.771 0.840 0.801 0.806 1.000 0.800 0.784 0.808 0.776 0.829 0.811 0.792 0.816 0.851 0.842 0.838 0.821 0.826  
0.750 0.766 0.751 0.754 0.749 0.820 0.825 0.830 0.833 0.832 0.826 0.818 0.815 0.815 0.837 0.820 0.834 0.826 0.812 0.819 0.815 0.828 0.829 0.831 0.820 0.822 0.752 0.827 0.755 0.766 0.830 0.762 0.751 0.829 0.824 0.827 0.786 0.797 0.804 0.777 0.816 0.729 0.806 0.776 0.825 0.820 0.770 0.805 0.765 0.836 0.823 0.823 0.829 0.828 0.817 0.826 0.815 0.825 0.820 0.764 0.812 0.796 0.849 0.811 1.000 0.776 0.855 0.760 0.814 0.795 0.786 0.809 0.828 0.824 0.821 0.803 0.826  
0.747 0.736 0.734 0.742 0.738 0.790 0.797 0.795 0.802 0.797 0.796 0.792 0.798 0.794 0.806 0.795 0.797 0.807 0.795 0.794 0.791 0.801 0.804 0.793 0.792 0.797 0.734 0.801 0.742 0.736 0.795 0.751 0.733 0.807 0.794 0.792 0.793 0.780 0.791 0.788 0.782 0.740 0.788 0.760 0.801 0.807 0.769 0.797 0.756 0.797 0.795 0.798 0.797 0.799 0.797 0.799 0.791 0.796 0.790 0.751 0.799 0.781 0.781 0.782 0.763 1.000 0.778 0.757 0.782 0.785 0.773 0.789 0.807 0.802 0.794 0.785 0.785  
0.757 0.759 0.764 0.758 0.750 0.822 0.829 0.830 0.836 0.832 0.830 0.824 0.822 0.823 0.848 0.825 0.828 0.836 0.822 0.823 0.821 0.833 0.842 0.822 0.821 0.819 0.764 0.836 0.766 0.758 0.841 0.774 0.757 0.838 0.820 0.821 0.800 0.798 0.811 0.777 0.809 0.733 0.814 0.779 0.832 0.824 0.780 0.819 0.760 0.829 0.821 0.828 0.823 0.828 0.823 0.833 0.820 0.828 0.824 0.753 0.821 0.799 0.851 0.814 0.849 0.785 1.000 0.761 0.816 0.810 0.787 0.810 0.842 0.821 0.821 0.811 0.820  
0.783 0.777 0.772 0.777 0.769 0.813 0.813 0.818 0.821 0.816 0.814 0.811 0.812 0.809 0.820 0.811 0.823 0.827 0.810 0.816 0.806 0.816 0.819 0.814 0.815 0.809 0.763 0.814 0.773 0.768 0.803 0.785 0.760 0.820 0.800 0.809 0.790 0.790 0.800 0.797 0.778 0.756 0.791 0.767 0.813 0.804 0.783 0.798 0.788 0.828 0.815 0.815 0.809 0.819 0.809 0.814 0.811 0.815 0.798 0.802 0.809 0.797 0.792 0.804 0.776 0.785 0.783 1.000 0.799 0.798 0.778 0.798 0.825 0.814 0.803 0.793 0.789  
0.760 0.756 0.757 0.753 0.755 0.832 0.844 0.839 0.847 0.845 0.844 0.846 0.838 0.840 0.858 0.836 0.831 0.841 0.841 0.840 0.837 0.843 0.864 0.829 0.840 0.835 0.758 0.862 0.759 0.757 0.849 0.774 0.759 0.854 0.830 0.836 0.804 0.819 0.810 0.799 0.794 0.759 0.830 0.791 0.841 0.844 0.788 0.821 0.765 0.831 0.829 0.837 0.828 0.837 0.823 0.842 0.829 0.831 0.838 0.768 0.841 0.811 0.801 0.824 0.798 0.779 0.805 0.767 1.000 0.818 0.810 0.808 0.842 0.825 0.832 0.817 0.810  
0.771 0.757 0.771 0.775 0.775 0.829 0.838 0.834 0.846 0.843 0.840 0.850 0.842 0.849 0.852 0.838 0.819 0.836 0.842 0.836 0.838 0.840 0.858 0.815 0.835 0.828 0.772 0.853 0.768 0.757 0.847 0.781 0.762 0.842 0.821 0.825 0.816 0.810 0.811 0.810 0.796 0.761 0.827 0.797 0.861 0.835 0.816 0.846 0.770 0.819 0.820 0.825 0.818 0.825 0.820 0.828 0.820 0.821 0.829 0.771 0.833 0.824 0.796 0.812 0.785 0.788 0.806 0.771 0.824 1.000 0.818 0.833 0.835 0.823 0.820 0.821 0.805  
0.759 0.740 0.748 0.761 0.754 0.812 0.818 0.813 0.828 0.832 0.819 0.828 0.821 0.822 0.826 0.814 0.801 0.814 0.824 0.821 0.820 0.816 0.836 0.802 0.828 0.813 0.748 0.839 0.745 0.739 0.823 0.760 0.753 0.828 0.812 0.816 0.794 0.795 0.799 0.795 0.788 0.760 0.821 0.791 0.831 0.823 0.787 0.822 0.756 0.800 0.801 0.809 0.798 0.810 0.799 0.811 0.795 0.805 0.827 0.750 0.814 0.804 0.791 0.797 0.780 0.779 0.787 0.756 0.820 0.821 1.000 0.818 0.817 0.804 0.810 0.812 0.796  
0.765 0.753 0.763 0.777 0.764 0.825 0.834 0.831 0.840 0.831 0.831 0.837 0.833 0.834 0.842 0.828 0.825 0.836 0.829 0.829 0.827 0.834 0.845 0.820 0.827 0.828 0.763 0.838 0.764 0.753 0.839 0.777 0.756 0.837 0.820 0.823 0.814 0.809 0.815 0.799 0.806 0.750 0.820 0.788 0.854 0.828 0.806 0.829 0.769 0.826 0.827 0.825 0.829 0.826 0.824 0.823 0.823 0.830 0.820 0.772 0.827 0.812 0.811 0.820 0.801 0.794 0.808 0.774 0.817 0.835 0.817 1.000 0.828 0.826 0.817 0.813 0.813  
0.772 0.774 0.775 0.764 0.765 0.849 0.850 0.850 0.859 0.853 0.851 0.844 0.842 0.843 0.866 0.846 0.907 0.924 0.845 0.849 0.837 0.849 0.873 0.874 0.846 0.842 0.775 0.867 0.775 0.773 0.855 0.778 0.762 0.858 0.847 0.875 0.813 0.835 0.833 0.824 0.807 0.776 0.842 0.794 0.850 0.849 0.799 0.824 0.775 0.909 0.885 0.902 0.884 0.905 0.881 0.877 0.855 0.855 0.839 0.786 0.857 0.819 0.822 0.841 0.806 0.798 0.825 0.786 0.837 0.823 0.802 0.814 1.000 0.879 0.853 0.836 0.831  
0.765 0.768 0.763 0.759 0.761 0.820 0.827 0.831 0.834 0.830 0.826 0.826 0.833 0.825 0.842 0.820 0.898 0.881 0.825 0.824 0.819 0.830 0.853 0.878 0.828 0.826 0.763 0.844 0.775 0.769 0.838 0.779 0.759 0.836 0.832 0.852 0.806 0.829 0.821 0.814 0.802 0.766 0.822 0.784 0.840 0.844 0.789 0.815 0.772 0.901 0.902 0.881 0.896 0.882 0.864 0.851 0.848 0.846 0.819 0.779 0.831 0.806 0.800 0.829 0.800 0.791 0.803 0.774 0.817 0.809 0.787 0.810 0.877 1.000 0.835 0.824 0.824  
0.759 0.757 0.755 0.754 0.752 0.827 0.832 0.829 0.850 0.847 0.833 0.831 0.828 0.830 0.847 0.832 0.842 0.853 0.828 0.827 0.827 0.833 0.844 0.839 0.838 0.828 0.755 0.838 0.757 0.757 0.833 0.763 0.759 0.838 0.826 0.848 0.799 0.840 0.815 0.808 0.792 0.765 0.825 0.787 0.843 0.850 0.791 0.815 0.762 0.848 0.845 0.858 0.840 0.859 0.833 0.852 0.827 0.832 0.828 0.759 0.836 0.803 0.810 0.830 0.801 0.788 0.807 0.768 0.829 0.811 0.797 0.806 0.855 0.839 1.000 0.812 0.818  
0.766 0.763 0.767 0.760 0.757 0.836 0.831 0.837 0.839 0.836 0.832 0.830 0.829 0.828 0.839 0.831 0.833 0.840 0.834 0.830 0.820 0.832 0.846 0.822 0.833 0.831 0.763 0.840 0.765 0.759 0.840 0.776 0.756 0.835 0.818 0.831 0.805 0.815 0.847 0.798 0.800 0.754 0.831 0.784 0.833 0.829 0.789 0.816 0.762 0.834 0.833 0.839 0.829 0.838 0.830 0.842 0.824 0.819 0.824 0.770 0.849 0.806 0.803 0.818 0.789 0.784 0.803 0.763 0.819 0.817 0.804 0.807 0.843 0.834 0.817 1.000 0.845  
0.764 0.774 0.766 0.761 0.755 0.829 0.833 0.840 0.841 0.840 0.832 0.823 0.827 0.822 0.840 0.835 0.850 0.840 0.824 0.829 0.824 0.834 0.844 0.835 0.827 0.834 0.763 0.838 0.760 0.771 0.841 0.768 0.753 0.834 0.825 0.830 0.789 0.800 0.859 0.786 0.809 0.735 0.820 0.776 0.825 0.825 0.778 0.807 0.778 0.850 0.840 0.843 0.843 0.843 0.832 0.835 0.825 0.825 0.822 0.768 0.856 0.807 0.820 0.825 0.814 0.786 0.814 0.762 0.814 0.803 0.791 0.809 0.841 0.836 0.826 0.848 1.000  
