1.000 0.870 0.818 0.809 0.806 0.810 0.790 0.833 0.829 0.835 0.845 0.804 0.801 0.797 0.766 0.811 0.810 0.814 0.812 0.807 0.807 0.792 0.788 0.793 0.783 0.787 0.789 0.809 0.807 0.762 0.808 0.807 0.756 0.674 0.809 0.773 0.771 0.791 0.740 0.771 0.787 0.751 0.783 0.766 0.808 0.734 0.798 0.793 0.785 0.784 0.733 0.782 0.690 0.790 0.741 0.786 0.807 0.742 0.776 0.821 0.772 0.789 0.781 0.765 0.742 0.796 0.785 0.735 0.729 0.811 0.750 0.760 0.720 0.756 0.779 0.767 0.744 0.782 0.804 0.830 0.765 0.729 0.702 0.682 0.757 0.750 0.765 0.813 0.725 0.763  
0.872 1.000 0.817 0.816 0.823 0.820 0.796 0.822 0.827 0.823 0.825 0.800 0.785 0.787 0.762 0.795 0.796 0.804 0.802 0.796 0.797 0.792 0.778 0.792 0.768 0.785 0.781 0.811 0.807 0.744 0.821 0.801 0.744 0.674 0.784 0.772 0.818 0.775 0.736 0.778 0.784 0.759 0.789 0.761 0.800 0.735 0.773 0.786 0.804 0.772 0.742 0.807 0.712 0.781 0.731 0.771 0.787 0.730 0.777 0.816 0.758 0.774 0.766 0.743 0.722 0.782 0.768 0.761 0.727 0.803 0.777 0.743 0.726 0.747 0.774 0.763 0.742 0.771 0.791 0.812 0.770 0.708 0.722 0.694 0.757 0.736 0.771 0.819 0.724 0.767  
0.805 0.803 1.000 0.885 0.905 0.911 0.862 0.801 0.804 0.823 0.813 0.812 0.805 0.804 0.765 0.814 0.804 0.807 0.810 0.802 0.800 0.815 0.797 0.812 0.755 0.795 0.782 0.805 0.804 0.742 0.862 0.807 0.740 0.672 0.796 0.747 0.807 0.756 0.742 0.771 0.771 0.742 0.793 0.756 0.789 0.728 0.740 0.777 0.790 0.783 0.740 0.825 0.703 0.815 0.735 0.776 0.797 0.732 0.786 0.811 0.747 0.782 0.755 0.736 0.718 0.781 0.768 0.738 0.726 0.824 0.780 0.724 0.713 0.752 0.762 0.778 0.728 0.791 0.787 0.758 0.792 0.717 0.697 0.671 0.764 0.738 0.770 0.854 0.758 0.774  
0.794 0.800 0.881 1.000 0.878 0.864 0.888 0.801 0.803 0.849 0.855 0.820 0.822 0.820 0.807 0.833 0.819 0.815 0.819 0.809 0.810 0.853 0.810 0.848 0.752 0.807 0.792 0.821 0.843 0.773 0.885 0.819 0.777 0.707 0.792 0.753 0.837 0.770 0.756 0.794 0.778 0.765 0.823 0.776 0.799 0.741 0.742 0.785 0.827 0.791 0.773 0.849 0.734 0.857 0.766 0.804 0.812 0.757 0.798 0.835 0.767 0.792 0.782 0.728 0.718 0.808 0.786 0.767 0.752 0.831 0.779 0.734 0.729 0.748 0.751 0.810 0.725 0.792 0.795 0.753 0.809 0.726 0.701 0.663 0.792 0.765 0.801 0.887 0.759 0.805  
0.795 0.811 0.907 0.882 1.000 0.940 0.842 0.806 0.807 0.820 0.823 0.817 0.795 0.809 0.768 0.812 0.801 0.810 0.809 0.803 0.800 0.821 0.798 0.815 0.748 0.794 0.779 0.813 0.806 0.746 0.872 0.811 0.744 0.679 0.785 0.745 0.815 0.749 0.731 0.765 0.772 0.746 0.786 0.750 0.784 0.738 0.735 0.773 0.787 0.784 0.758 0.842 0.714 0.810 0.733 0.768 0.798 0.728 0.772 0.802 0.743 0.777 0.755 0.730 0.716 0.776 0.763 0.746 0.722 0.819 0.790 0.719 0.708 0.737 0.755 0.774 0.721 0.777 0.783 0.753 0.786 0.716 0.701 0.669 0.762 0.737 0.766 0.852 0.745 0.773  
0.798 0.807 0.912 0.868 0.940 1.000 0.842 0.808 0.810 0.809 0.809 0.816 0.791 0.804 0.757 0.807 0.799 0.805 0.803 0.796 0.797 0.816 0.791 0.810 0.751 0.796 0.779 0.805 0.799 0.740 0.859 0.808 0.738 0.675 0.784 0.747 0.805 0.748 0.731 0.766 0.774 0.741 0.785 0.753 0.786 0.741 0.734 0.779 0.783 0.787 0.757 0.830 0.707 0.797 0.728 0.764 0.795 0.725 0.770 0.799 0.739 0.779 0.750 0.729 0.720 0.773 0.758 0.739 0.725 0.817 0.780 0.718 0.710 0.740 0.755 0.773 0.727 0.775 0.784 0.753 0.786 0.714 0.702 0.671 0.757 0.735 0.761 0.846 0.741 0.772  
0.773 0.778 0.857 0.885 0.835 0.836 1.000 0.769 0.769 0.816 0.819 0.807 0.804 0.800 0.793 0.818 0.797 0.793 0.798 0.790 0.795 0.831 0.788 0.828 0.747 0.804 0.788 0.781 0.805 0.762 0.823 0.799 0.765 0.703 0.781 0.757 0.803 0.747 0.749 0.768 0.766 0.748 0.819 0.761 0.788 0.751 0.716 0.788 0.824 0.794 0.795 0.822 0.736 0.838 0.765 0.805 0.796 0.756 0.791 0.808 0.753 0.780 0.773 0.719 0.719 0.794 0.775 0.777 0.753 0.813 0.750 0.724 0.727 0.732 0.756 0.787 0.722 0.783 0.782 0.741 0.781 0.717 0.706 0.670 0.776 0.762 0.774 0.841 0.708 0.786  
0.842 0.830 0.822 0.826 0.826 0.829 0.794 1.000 0.922 0.867 0.851 0.844 0.810 0.843 0.772 0.822 0.817 0.836 0.833 0.821 0.812 0.836 0.797 0.822 0.777 0.804 0.789 0.823 0.822 0.754 0.832 0.832 0.751 0.673 0.817 0.751 0.776 0.789 0.748 0.777 0.790 0.778 0.793 0.762 0.813 0.744 0.798 0.808 0.799 0.791 0.745 0.799 0.709 0.812 0.743 0.780 0.822 0.748 0.799 0.826 0.781 0.801 0.787 0.765 0.746 0.795 0.784 0.744 0.745 0.826 0.766 0.752 0.725 0.753 0.769 0.774 0.760 0.784 0.807 0.799 0.781 0.734 0.713 0.682 0.758 0.757 0.776 0.812 0.737 0.776  
0.837 0.833 0.824 0.826 0.826 0.829 0.793 0.920 1.000 0.865 0.849 0.840 0.811 0.841 0.769 0.822 0.819 0.833 0.830 0.818 0.809 0.836 0.795 0.822 0.779 0.800 0.791 0.823 0.824 0.754 0.832 0.830 0.750 0.673 0.814 0.752 0.776 0.790 0.751 0.784 0.788 0.775 0.793 0.763 0.809 0.746 0.791 0.803 0.798 0.789 0.743 0.799 0.709 0.812 0.743 0.780 0.818 0.747 0.800 0.829 0.781 0.802 0.784 0.765 0.741 0.796 0.783 0.740 0.745 0.823 0.766 0.749 0.725 0.755 0.768 0.776 0.759 0.786 0.803 0.797 0.784 0.729 0.712 0.678 0.759 0.756 0.778 0.809 0.733 0.779  
0.823 0.810 0.823 0.853 0.820 0.808 0.822 0.845 0.845 1.000 0.866 0.818 0.826 0.819 0.795 0.835 0.814 0.820 0.824 0.814 0.808 0.832 0.797 0.826 0.774 0.806 0.795 0.837 0.851 0.776 0.836 0.824 0.776 0.697 0.802 0.755 0.797 0.793 0.753 0.795 0.771 0.792 0.809 0.779 0.814 0.752 0.778 0.803 0.815 0.788 0.766 0.818 0.724 0.833 0.763 0.803 0.822 0.764 0.811 0.845 0.790 0.794 0.802 0.750 0.726 0.813 0.799 0.769 0.751 0.823 0.755 0.766 0.733 0.758 0.761 0.790 0.738 0.784 0.810 0.784 0.783 0.736 0.712 0.671 0.773 0.773 0.797 0.829 0.727 0.792  
0.834 0.814 0.816 0.861 0.824 0.811 0.827 0.831 0.831 0.867 1.000 0.833 0.813 0.821 0.794 0.825 0.815 0.826 0.825 0.818 0.812 0.845 0.800 0.844 0.774 0.801 0.790 0.852 0.892 0.800 0.849 0.823 0.794 0.714 0.810 0.760 0.828 0.810 0.754 0.796 0.769 0.793 0.814 0.778 0.820 0.749 0.770 0.802 0.823 0.795 0.778 0.840 0.722 0.852 0.772 0.810 0.823 0.763 0.803 0.872 0.804 0.795 0.820 0.754 0.732 0.837 0.804 0.761 0.758 0.824 0.758 0.777 0.738 0.754 0.754 0.817 0.740 0.787 0.822 0.793 0.799 0.736 0.716 0.670 0.794 0.771 0.807 0.837 0.738 0.804  
0.787 0.782 0.807 0.818 0.811 0.810 0.807 0.817 0.814 0.812 0.826 1.000 0.843 0.911 0.794 0.854 0.859 0.876 0.870 0.863 0.875 0.902 0.830 0.883 0.778 0.818 0.809 0.823 0.813 0.755 0.825 0.885 0.748 0.682 0.822 0.755 0.778 0.747 0.767 0.769 0.781 0.737 0.810 0.764 0.811 0.745 0.745 0.791 0.820 0.834 0.775 0.801 0.728 0.867 0.752 0.816 0.814 0.748 0.826 0.812 0.769 0.799 0.776 0.743 0.740 0.829 0.812 0.758 0.762 0.872 0.740 0.742 0.747 0.758 0.752 0.784 0.754 0.819 0.828 0.773 0.771 0.757 0.696 0.674 0.778 0.760 0.774 0.812 0.716 0.777  
0.789 0.772 0.805 0.825 0.795 0.791 0.810 0.789 0.792 0.826 0.811 0.848 1.000 0.852 0.792 0.919 0.886 0.829 0.818 0.815 0.844 0.857 0.798 0.854 0.768 0.801 0.817 0.788 0.804 0.759 0.801 0.847 0.755 0.688 0.838 0.747 0.766 0.758 0.780 0.775 0.768 0.742 0.822 0.790 0.797 0.745 0.729 0.783 0.818 0.828 0.773 0.789 0.747 0.853 0.760 0.832 0.810 0.764 0.845 0.816 0.782 0.790 0.771 0.743 0.729 0.832 0.841 0.772 0.769 0.877 0.728 0.734 0.763 0.753 0.745 0.784 0.738 0.837 0.794 0.756 0.784 0.752 0.694 0.669 0.780 0.773 0.781 0.807 0.706 0.780  
0.787 0.776 0.807 0.826 0.810 0.806 0.808 0.824 0.823 0.821 0.821 0.920 0.855 1.000 0.794 0.865 0.855 0.866 0.862 0.852 0.861 0.924 0.815 0.897 0.771 0.835 0.807 0.803 0.813 0.755 0.836 0.876 0.750 0.682 0.833 0.742 0.776 0.758 0.772 0.771 0.786 0.746 0.816 0.773 0.805 0.744 0.748 0.825 0.831 0.861 0.778 0.798 0.736 0.862 0.753 0.817 0.842 0.753 0.837 0.816 0.784 0.808 0.781 0.749 0.738 0.832 0.817 0.770 0.770 0.866 0.745 0.737 0.751 0.753 0.755 0.783 0.757 0.823 0.815 0.776 0.780 0.763 0.700 0.676 0.779 0.766 0.782 0.808 0.722 0.789  
0.773 0.769 0.784 0.830 0.786 0.775 0.818 0.771 0.770 0.814 0.812 0.819 0.812 0.812 1.000 0.828 0.811 0.817 0.815 0.814 0.819 0.836 0.790 0.834 0.753 0.791 0.783 0.779 0.794 0.766 0.792 0.820 0.768 0.689 0.789 0.747 0.787 0.741 0.738 0.755 0.760 0.728 0.803 0.740 0.785 0.733 0.744 0.766 0.818 0.784 0.762 0.775 0.714 0.841 0.759 0.811 0.785 0.748 0.814 0.800 0.774 0.761 0.792 0.722 0.704 0.807 0.792 0.771 0.754 0.814 0.724 0.768 0.733 0.732 0.740 0.762 0.719 0.782 0.784 0.760 0.757 0.725 0.692 0.676 0.771 0.753 0.771 0.823 0.703 0.763  
0.798 0.781 0.812 0.835 0.810 0.804 0.822 0.799 0.801 0.833 0.822 0.858 0.917 0.861 0.806 1.000 0.908 0.833 0.826 0.821 0.846 0.869 0.803 0.866 0.775 0.807 0.833 0.801 0.814 0.773 0.816 0.862 0.769 0.697 0.842 0.762 0.778 0.764 0.774 0.779 0.776 0.749 0.829 0.787 0.809 0.751 0.736 0.787 0.829 0.841 0.783 0.796 0.744 0.864 0.772 0.838 0.819 0.767 0.844 0.824 0.784 0.794 0.782 0.745 0.735 0.842 0.841 0.772 0.771 0.881 0.732 0.744 0.758 0.755 0.753 0.788 0.741 0.838 0.804 0.766 0.791 0.756 0.701 0.672 0.787 0.779 0.787 0.822 0.707 0.791  
0.800 0.786 0.808 0.826 0.803 0.802 0.806 0.799 0.803 0.817 0.816 0.868 0.889 0.856 0.794 0.914 1.000 0.835 0.828 0.824 0.858 0.859 0.808 0.853 0.785 0.805 0.834 0.805 0.808 0.766 0.812 0.865 0.762 0.690 0.838 0.757 0.772 0.756 0.776 0.780 0.782 0.738 0.816 0.767 0.812 0.744 0.737 0.781 0.814 0.833 0.777 0.790 0.732 0.850 0.756 0.825 0.810 0.754 0.833 0.816 0.774 0.798 0.772 0.745 0.740 0.834 0.835 0.759 0.762 0.877 0.736 0.743 0.763 0.761 0.759 0.778 0.748 0.840 0.804 0.767 0.784 0.755 0.702 0.677 0.781 0.765 0.782 0.809 0.706 0.775  
0.804 0.793 0.809 0.820 0.811 0.806 0.801 0.817 0.815 0.822 0.826 0.884 0.831 0.865 0.799 0.836 0.834 1.000 0.961 0.945 0.846 0.859 0.820 0.852 0.789 0.812 0.799 0.809 0.807 0.764 0.814 0.850 0.761 0.685 0.813 0.755 0.775 0.758 0.757 0.768 0.788 0.742 0.798 0.757 0.812 0.764 0.747 0.796 0.815 0.806 0.765 0.793 0.720 0.833 0.745 0.795 0.814 0.754 0.812 0.813 0.795 0.794 0.800 0.767 0.738 0.809 0.791 0.760 0.761 0.855 0.737 0.762 0.735 0.748 0.757 0.781 0.769 0.800 0.813 0.792 0.771 0.738 0.715 0.676 0.767 0.765 0.766 0.804 0.714 0.773  
0.801 0.790 0.812 0.824 0.810 0.804 0.804 0.813 0.811 0.826 0.824 0.877 0.819 0.861 0.797 0.829 0.827 0.960 1.000 0.946 0.849 0.855 0.822 0.850 0.790 0.816 0.801 0.811 0.809 0.763 0.813 0.847 0.760 0.683 0.812 0.754 0.774 0.757 0.760 0.767 0.788 0.743 0.799 0.760 0.815 0.759 0.747 0.788 0.813 0.803 0.764 0.793 0.719 0.836 0.749 0.796 0.814 0.757 0.811 0.812 0.796 0.799 0.798 0.764 0.734 0.808 0.789 0.765 0.755 0.853 0.736 0.761 0.735 0.751 0.759 0.781 0.766 0.800 0.814 0.791 0.769 0.745 0.713 0.676 0.766 0.767 0.768 0.804 0.714 0.774  
0.798 0.787 0.806 0.816 0.805 0.799 0.798 0.803 0.802 0.818 0.820 0.872 0.819 0.853 0.798 0.827 0.825 0.947 0.949 1.000 0.842 0.847 0.815 0.846 0.786 0.812 0.795 0.806 0.805 0.765 0.808 0.842 0.761 0.689 0.808 0.752 0.777 0.759 0.756 0.764 0.790 0.743 0.801 0.758 0.806 0.759 0.750 0.784 0.807 0.796 0.765 0.794 0.728 0.836 0.743 0.799 0.807 0.765 0.804 0.816 0.794 0.790 0.807 0.768 0.729 0.804 0.789 0.768 0.747 0.851 0.738 0.762 0.731 0.747 0.754 0.780 0.763 0.796 0.806 0.791 0.765 0.740 0.716 0.677 0.769 0.769 0.765 0.804 0.714 0.780  
0.794 0.783 0.800 0.812 0.798 0.795 0.800 0.790 0.789 0.807 0.809 0.879 0.843 0.857 0.798 0.847 0.853 0.843 0.846 0.838 1.000 0.850 0.907 0.843 0.774 0.796 0.809 0.804 0.801 0.747 0.807 0.858 0.740 0.679 0.817 0.749 0.773 0.742 0.772 0.769 0.773 0.724 0.802 0.756 0.808 0.728 0.738 0.767 0.821 0.810 0.766 0.777 0.716 0.842 0.760 0.820 0.792 0.737 0.816 0.798 0.764 0.803 0.770 0.733 0.729 0.820 0.814 0.762 0.746 0.848 0.729 0.736 0.750 0.762 0.759 0.765 0.742 0.821 0.813 0.763 0.769 0.747 0.688 0.672 0.774 0.744 0.772 0.804 0.706 0.769  
0.783 0.782 0.819 0.860 0.823 0.818 0.840 0.818 0.819 0.835 0.846 0.911 0.860 0.924 0.818 0.874 0.858 0.860 0.856 0.847 0.854 1.000 0.815 0.973 0.768 0.822 0.811 0.816 0.846 0.770 0.832 0.873 0.774 0.700 0.827 0.758 0.816 0.762 0.781 0.786 0.783 0.762 0.838 0.778 0.816 0.755 0.747 0.790 0.850 0.830 0.796 0.830 0.753 0.900 0.775 0.835 0.825 0.771 0.846 0.838 0.790 0.803 0.803 0.739 0.736 0.857 0.830 0.783 0.785 0.866 0.749 0.746 0.765 0.751 0.759 0.813 0.747 0.818 0.818 0.767 0.800 0.755 0.704 0.675 0.807 0.784 0.793 0.837 0.727 0.805  
0.785 0.775 0.807 0.823 0.808 0.800 0.804 0.786 0.786 0.807 0.808 0.846 0.808 0.823 0.781 0.815 0.815 0.828 0.831 0.822 0.920 0.822 1.000 0.816 0.762 0.786 0.783 0.809 0.804 0.749 0.816 0.827 0.737 0.676 0.790 0.743 0.779 0.739 0.744 0.764 0.758 0.715 0.802 0.766 0.802 0.711 0.732 0.757 0.808 0.782 0.744 0.786 0.698 0.818 0.767 0.789 0.790 0.725 0.787 0.797 0.750 0.808 0.759 0.715 0.726 0.798 0.784 0.739 0.723 0.817 0.738 0.722 0.723 0.754 0.750 0.756 0.728 0.786 0.806 0.748 0.784 0.714 0.673 0.663 0.787 0.732 0.768 0.811 0.714 0.762  
0.784 0.783 0.817 0.856 0.819 0.813 0.838 0.805 0.806 0.830 0.846 0.893 0.859 0.898 0.818 0.872 0.854 0.855 0.852 0.846 0.849 0.974 0.810 1.000 0.768 0.820 0.811 0.811 0.843 0.772 0.828 0.865 0.775 0.701 0.827 0.756 0.816 0.761 0.776 0.781 0.780 0.762 0.838 0.778 0.811 0.751 0.748 0.784 0.845 0.826 0.791 0.828 0.750 0.899 0.773 0.834 0.818 0.771 0.844 0.834 0.791 0.795 0.803 0.739 0.731 0.852 0.826 0.784 0.782 0.866 0.748 0.746 0.761 0.750 0.757 0.809 0.744 0.817 0.812 0.766 0.795 0.753 0.706 0.675 0.808 0.782 0.790 0.835 0.727 0.803  
0.791 0.775 0.775 0.775 0.766 0.770 0.772 0.776 0.779 0.793 0.792 0.803 0.788 0.788 0.754 0.796 0.802 0.807 0.808 0.802 0.795 0.785 0.772 0.784 1.000 0.798 0.781 0.776 0.783 0.770 0.771 0.797 0.769 0.697 0.790 0.748 0.745 0.758 0.742 0.761 0.777 0.727 0.779 0.745 0.804 0.743 0.725 0.778 0.777 0.787 0.753 0.762 0.704 0.775 0.763 0.788 0.822 0.790 0.774 0.796 0.801 0.800 0.798 0.775 0.756 0.796 0.782 0.757 0.762 0.801 0.719 0.768 0.733 0.744 0.755 0.771 0.770 0.782 0.797 0.801 0.757 0.745 0.720 0.687 0.742 0.807 0.748 0.770 0.683 0.768  
0.781 0.779 0.802 0.817 0.800 0.802 0.817 0.790 0.787 0.813 0.806 0.830 0.808 0.840 0.778 0.815 0.809 0.816 0.821 0.815 0.803 0.826 0.783 0.822 0.784 1.000 0.782 0.776 0.791 0.751 0.816 0.824 0.751 0.681 0.801 0.742 0.768 0.758 0.741 0.758 0.800 0.743 0.804 0.772 0.823 0.753 0.741 0.810 0.810 0.811 0.799 0.788 0.733 0.813 0.745 0.793 0.833 0.763 0.795 0.803 0.778 0.795 0.786 0.745 0.734 0.797 0.784 0.793 0.754 0.816 0.734 0.736 0.739 0.733 0.767 0.764 0.753 0.782 0.805 0.777 0.761 0.748 0.721 0.692 0.759 0.774 0.766 0.802 0.705 0.770  
0.781 0.772 0.785 0.798 0.781 0.782 0.797 0.771 0.775 0.798 0.791 0.818 0.820 0.808 0.767 0.838 0.834 0.800 0.802 0.794 0.813 0.811 0.776 0.810 0.765 0.779 1.000 0.777 0.782 0.735 0.779 0.853 0.734 0.664 0.822 0.744 0.755 0.729 0.742 0.752 0.780 0.735 0.782 0.734 0.778 0.733 0.715 0.766 0.790 0.799 0.758 0.760 0.716 0.812 0.735 0.793 0.788 0.742 0.810 0.781 0.752 0.773 0.752 0.730 0.715 0.794 0.786 0.743 0.747 0.829 0.721 0.723 0.737 0.731 0.749 0.760 0.730 0.812 0.778 0.752 0.764 0.741 0.700 0.671 0.747 0.752 0.757 0.775 0.686 0.760  
0.798 0.799 0.806 0.825 0.813 0.805 0.787 0.803 0.804 0.838 0.851 0.829 0.789 0.802 0.761 0.803 0.803 0.808 0.811 0.803 0.806 0.814 0.800 0.808 0.758 0.771 0.775 1.000 0.907 0.747 0.818 0.811 0.745 0.679 0.788 0.746 0.791 0.762 0.745 0.796 0.750 0.738 0.797 0.768 0.797 0.710 0.733 0.761 0.784 0.771 0.731 0.805 0.696 0.810 0.758 0.785 0.804 0.727 0.775 0.819 0.766 0.800 0.776 0.722 0.714 0.797 0.778 0.727 0.721 0.813 0.754 0.742 0.728 0.763 0.739 0.776 0.726 0.770 0.802 0.774 0.790 0.714 0.681 0.652 0.778 0.737 0.799 0.806 0.721 0.787  
0.797 0.796 0.807 0.848 0.808 0.800 0.813 0.803 0.807 0.853 0.892 0.820 0.806 0.813 0.777 0.818 0.807 0.807 0.810 0.803 0.805 0.845 0.796 0.841 0.766 0.786 0.781 0.908 1.000 0.764 0.828 0.815 0.766 0.696 0.793 0.755 0.838 0.790 0.756 0.817 0.751 0.766 0.825 0.789 0.807 0.729 0.739 0.772 0.810 0.779 0.766 0.834 0.722 0.842 0.778 0.802 0.809 0.754 0.794 0.864 0.791 0.805 0.803 0.725 0.719 0.838 0.803 0.749 0.748 0.816 0.757 0.754 0.742 0.760 0.739 0.809 0.724 0.772 0.801 0.772 0.814 0.723 0.694 0.656 0.808 0.764 0.822 0.839 0.729 0.816  
0.764 0.745 0.756 0.791 0.759 0.753 0.781 0.748 0.749 0.790 0.813 0.775 0.773 0.767 0.762 0.789 0.777 0.777 0.776 0.776 0.762 0.782 0.754 0.783 0.765 0.759 0.746 0.760 0.776 1.000 0.766 0.772 0.941 0.798 0.760 0.732 0.755 0.744 0.718 0.751 0.727 0.727 0.771 0.736 0.778 0.734 0.716 0.752 0.777 0.759 0.741 0.767 0.704 0.791 0.758 0.789 0.785 0.791 0.759 0.797 0.770 0.752 0.784 0.732 0.740 0.794 0.776 0.747 0.748 0.773 0.705 0.752 0.699 0.723 0.726 0.772 0.732 0.750 0.781 0.753 0.738 0.715 0.690 0.656 0.761 0.787 0.738 0.782 0.683 0.757  
0.801 0.813 0.867 0.894 0.877 0.864 0.833 0.815 0.817 0.841 0.852 0.835 0.806 0.838 0.778 0.822 0.814 0.817 0.816 0.809 0.813 0.834 0.811 0.829 0.756 0.814 0.780 0.822 0.831 0.757 1.000 0.824 0.750 0.686 0.795 0.748 0.827 0.765 0.740 0.781 0.778 0.759 0.802 0.768 0.800 0.734 0.751 0.795 0.814 0.807 0.762 0.847 0.716 0.827 0.745 0.780 0.806 0.736 0.795 0.821 0.762 0.789 0.767 0.731 0.722 0.790 0.781 0.756 0.731 0.837 0.793 0.731 0.727 0.748 0.756 0.783 0.726 0.789 0.796 0.763 0.796 0.728 0.705 0.673 0.780 0.743 0.782 0.869 0.762 0.785  
0.791 0.784 0.803 0.818 0.806 0.804 0.801 0.806 0.806 0.819 0.816 0.886 0.842 0.869 0.796 0.859 0.857 0.844 0.841 0.834 0.855 0.865 0.812 0.856 0.773 0.813 0.846 0.806 0.809 0.753 0.815 1.000 0.752 0.681 0.824 0.753 0.776 0.746 0.765 0.767 0.782 0.737 0.806 0.773 0.819 0.741 0.749 0.776 0.829 0.816 0.772 0.788 0.728 0.848 0.755 0.812 0.804 0.752 0.833 0.812 0.777 0.795 0.780 0.732 0.731 0.832 0.809 0.759 0.759 0.852 0.738 0.741 0.749 0.750 0.760 0.769 0.743 0.805 0.822 0.772 0.768 0.757 0.700 0.674 0.774 0.761 0.775 0.813 0.711 0.774  
0.757 0.745 0.752 0.793 0.756 0.750 0.783 0.744 0.744 0.788 0.805 0.766 0.768 0.760 0.762 0.783 0.772 0.772 0.771 0.771 0.753 0.784 0.740 0.784 0.763 0.757 0.743 0.756 0.777 0.939 0.758 0.769 1.000 0.804 0.754 0.734 0.755 0.739 0.717 0.749 0.725 0.726 0.770 0.733 0.774 0.739 0.716 0.747 0.779 0.751 0.747 0.765 0.707 0.791 0.762 0.786 0.778 0.793 0.757 0.797 0.773 0.746 0.787 0.728 0.739 0.793 0.771 0.749 0.752 0.771 0.701 0.751 0.698 0.712 0.724 0.767 0.732 0.742 0.772 0.753 0.734 0.713 0.695 0.656 0.755 0.789 0.736 0.778 0.675 0.758  
0.674 0.673 0.683 0.720 0.689 0.685 0.719 0.666 0.667 0.707 0.723 0.697 0.698 0.690 0.683 0.709 0.698 0.694 0.692 0.697 0.690 0.708 0.678 0.708 0.690 0.686 0.672 0.689 0.705 0.795 0.692 0.695 0.803 1.000 0.677 0.677 0.692 0.668 0.677 0.693 0.659 0.660 0.697 0.687 0.690 0.708 0.631 0.687 0.703 0.688 0.720 0.700 0.709 0.718 0.709 0.716 0.696 0.750 0.684 0.712 0.707 0.680 0.716 0.667 0.700 0.714 0.692 0.703 0.704 0.693 0.642 0.680 0.663 0.682 0.664 0.723 0.680 0.681 0.697 0.681 0.680 0.657 0.661 0.625 0.697 0.745 0.690 0.709 0.610 0.712  
0.805 0.779 0.804 0.803 0.792 0.791 0.794 0.804 0.803 0.810 0.816 0.836 0.846 0.839 0.777 0.852 0.843 0.820 0.819 0.813 0.826 0.833 0.788 0.832 0.779 0.803 0.827 0.795 0.799 0.753 0.799 0.837 0.750 0.674 1.000 0.742 0.759 0.764 0.768 0.774 0.772 0.739 0.806 0.756 0.799 0.732 0.740 0.773 0.803 0.814 0.753 0.772 0.716 0.836 0.747 0.822 0.811 0.754 0.820 0.803 0.766 0.802 0.772 0.760 0.740 0.817 0.811 0.755 0.755 0.862 0.738 0.733 0.743 0.755 0.758 0.772 0.752 0.840 0.805 0.772 0.774 0.750 0.706 0.679 0.771 0.763 0.768 0.787 0.721 0.780  
0.776 0.775 0.762 0.771 0.758 0.761 0.777 0.746 0.748 0.770 0.773 0.774 0.761 0.754 0.743 0.779 0.769 0.767 0.767 0.764 0.764 0.770 0.747 0.767 0.744 0.750 0.755 0.759 0.767 0.732 0.758 0.772 0.736 0.680 0.749 1.000 0.741 0.723 0.737 0.760 0.734 0.718 0.757 0.732 0.772 0.779 0.703 0.756 0.765 0.758 0.767 0.746 0.704 0.763 0.738 0.768 0.755 0.741 0.745 0.787 0.737 0.735 0.750 0.722 0.731 0.778 0.762 0.729 0.749 0.771 0.689 0.727 0.720 0.751 0.717 0.767 0.720 0.745 0.774 0.768 0.743 0.703 0.703 0.651 0.725 0.750 0.750 0.784 0.653 0.755  
0.766 0.812 0.814 0.848 0.821 0.811 0.816 0.763 0.764 0.804 0.833 0.790 0.773 0.781 0.775 0.786 0.775 0.779 0.780 0.780 0.781 0.820 0.776 0.819 0.732 0.768 0.758 0.797 0.843 0.748 0.829 0.787 0.749 0.688 0.758 0.733 1.000 0.759 0.722 0.779 0.730 0.742 0.816 0.761 0.778 0.717 0.723 0.763 0.826 0.756 0.757 0.855 0.717 0.811 0.741 0.779 0.764 0.731 0.775 0.823 0.753 0.757 0.769 0.706 0.697 0.799 0.766 0.763 0.732 0.781 0.792 0.723 0.722 0.736 0.740 0.786 0.701 0.755 0.774 0.734 0.788 0.695 0.705 0.674 0.788 0.734 0.791 0.854 0.751 0.786  
0.797 0.780 0.774 0.790 0.766 0.764 0.769 0.786 0.789 0.811 0.827 0.769 0.775 0.773 0.739 0.782 0.771 0.773 0.772 0.772 0.760 0.776 0.746 0.774 0.755 0.768 0.743 0.779 0.805 0.746 0.778 0.767 0.744 0.673 0.773 0.725 0.769 1.000 0.713 0.757 0.733 0.741 0.767 0.734 0.765 0.723 0.754 0.785 0.773 0.775 0.733 0.784 0.686 0.774 0.728 0.768 0.781 0.737 0.756 0.821 0.756 0.756 0.768 0.736 0.712 0.782 0.765 0.719 0.715 0.768 0.733 0.723 0.702 0.736 0.722 0.773 0.708 0.753 0.767 0.743 0.775 0.715 0.700 0.659 0.743 0.744 0.760 0.790 0.718 0.764  
0.735 0.729 0.748 0.765 0.736 0.736 0.759 0.734 0.738 0.759 0.758 0.778 0.786 0.776 0.726 0.781 0.779 0.761 0.764 0.759 0.779 0.784 0.740 0.778 0.729 0.741 0.745 0.750 0.760 0.710 0.741 0.775 0.711 0.672 0.766 0.728 0.722 0.703 1.000 0.811 0.720 0.702 0.758 0.751 0.779 0.713 0.674 0.717 0.766 0.744 0.747 0.733 0.733 0.774 0.728 0.777 0.749 0.718 0.755 0.775 0.737 0.748 0.746 0.710 0.695 0.790 0.767 0.731 0.749 0.788 0.684 0.702 0.811 0.763 0.715 0.758 0.722 0.757 0.765 0.731 0.733 0.712 0.667 0.645 0.745 0.726 0.759 0.743 0.658 0.766  
0.774 0.780 0.786 0.812 0.779 0.779 0.788 0.772 0.779 0.810 0.810 0.789 0.790 0.783 0.751 0.796 0.792 0.781 0.781 0.775 0.785 0.798 0.769 0.792 0.756 0.766 0.764 0.811 0.830 0.751 0.791 0.785 0.751 0.695 0.780 0.760 0.787 0.754 0.820 1.000 0.734 0.736 0.786 0.775 0.803 0.735 0.713 0.754 0.782 0.765 0.748 0.784 0.718 0.790 0.750 0.798 0.779 0.742 0.769 0.822 0.759 0.770 0.764 0.726 0.718 0.809 0.792 0.737 0.758 0.792 0.735 0.730 0.748 0.785 0.734 0.787 0.746 0.761 0.784 0.756 0.778 0.703 0.699 0.660 0.767 0.748 0.802 0.797 0.712 0.801  
0.805 0.801 0.802 0.811 0.802 0.804 0.801 0.800 0.799 0.801 0.797 0.817 0.799 0.814 0.771 0.808 0.809 0.816 0.818 0.817 0.804 0.811 0.778 0.807 0.788 0.824 0.807 0.779 0.778 0.742 0.803 0.817 0.741 0.675 0.794 0.749 0.753 0.745 0.743 0.749 1.000 0.737 0.775 0.743 0.798 0.744 0.762 0.782 0.791 0.788 0.784 0.759 0.729 0.798 0.729 0.774 0.804 0.754 0.790 0.783 0.772 0.791 0.775 0.749 0.734 0.781 0.769 0.771 0.746 0.820 0.731 0.747 0.731 0.726 0.785 0.757 0.752 0.789 0.798 0.793 0.746 0.749 0.720 0.710 0.736 0.764 0.747 0.794 0.700 0.754  
0.746 0.753 0.748 0.775 0.752 0.747 0.759 0.764 0.763 0.798 0.798 0.749 0.749 0.751 0.716 0.757 0.742 0.747 0.748 0.746 0.732 0.766 0.712 0.765 0.715 0.743 0.739 0.744 0.770 0.720 0.761 0.747 0.721 0.656 0.738 0.711 0.742 0.731 0.703 0.728 0.715 1.000 0.748 0.716 0.755 0.727 0.699 0.759 0.754 0.728 0.737 0.753 0.717 0.766 0.722 0.744 0.757 0.731 0.737 0.804 0.735 0.725 0.751 0.721 0.682 0.752 0.733 0.728 0.722 0.756 0.688 0.699 0.705 0.693 0.717 0.766 0.700 0.722 0.752 0.724 0.728 0.693 0.704 0.639 0.723 0.741 0.735 0.754 0.663 0.760  
0.776 0.781 0.799 0.832 0.791 0.790 0.830 0.778 0.779 0.814 0.818 0.821 0.827 0.818 0.788 0.835 0.818 0.801 0.803 0.803 0.809 0.840 0.797 0.840 0.764 0.803 0.784 0.801 0.829 0.762 0.803 0.815 0.762 0.691 0.803 0.747 0.814 0.755 0.757 0.776 0.750 0.747 1.000 0.792 0.803 0.732 0.729 0.766 0.841 0.784 0.769 0.811 0.735 0.837 0.794 0.828 0.808 0.761 0.813 0.835 0.782 0.804 0.794 0.727 0.737 0.824 0.802 0.788 0.764 0.822 0.746 0.735 0.747 0.750 0.744 0.785 0.737 0.786 0.794 0.757 0.788 0.725 0.705 0.669 0.814 0.766 0.817 0.832 0.718 0.804  
0.774 0.768 0.776 0.799 0.769 0.771 0.786 0.761 0.764 0.799 0.796 0.789 0.810 0.790 0.741 0.809 0.784 0.775 0.778 0.774 0.777 0.795 0.776 0.794 0.745 0.785 0.750 0.787 0.807 0.741 0.783 0.797 0.740 0.694 0.767 0.737 0.774 0.737 0.765 0.780 0.734 0.728 0.808 1.000 0.822 0.712 0.719 0.748 0.791 0.764 0.743 0.778 0.733 0.788 0.767 0.786 0.785 0.743 0.781 0.804 0.777 0.779 0.764 0.705 0.710 0.795 0.778 0.744 0.739 0.786 0.721 0.724 0.741 0.753 0.738 0.757 0.729 0.750 0.795 0.757 0.766 0.702 0.671 0.649 0.796 0.749 0.785 0.801 0.698 0.781  
0.804 0.796 0.797 0.811 0.792 0.794 0.802 0.800 0.798 0.822 0.827 0.825 0.805 0.812 0.774 0.819 0.818 0.819 0.822 0.811 0.818 0.822 0.801 0.815 0.792 0.825 0.784 0.805 0.814 0.772 0.804 0.832 0.770 0.687 0.799 0.766 0.780 0.756 0.782 0.797 0.776 0.756 0.807 0.810 1.000 0.747 0.746 0.780 0.816 0.784 0.766 0.793 0.727 0.809 0.778 0.804 0.803 0.765 0.793 0.827 0.788 0.804 0.792 0.746 0.747 0.824 0.799 0.769 0.776 0.820 0.737 0.759 0.761 0.761 0.790 0.774 0.767 0.778 0.853 0.782 0.765 0.738 0.711 0.683 0.780 0.773 0.777 0.807 0.713 0.789  
0.726 0.726 0.731 0.747 0.739 0.742 0.758 0.727 0.730 0.754 0.750 0.753 0.748 0.745 0.718 0.755 0.744 0.765 0.760 0.758 0.731 0.755 0.704 0.750 0.727 0.750 0.733 0.712 0.729 0.723 0.732 0.748 0.729 0.700 0.727 0.767 0.713 0.710 0.710 0.724 0.719 0.723 0.730 0.697 0.741 1.000 0.666 0.755 0.748 0.740 0.780 0.730 0.726 0.743 0.712 0.736 0.740 0.753 0.730 0.756 0.758 0.715 0.764 0.756 0.719 0.741 0.726 0.734 0.751 0.745 0.674 0.720 0.704 0.698 0.704 0.758 0.737 0.725 0.737 0.742 0.718 0.698 0.744 0.654 0.692 0.759 0.710 0.734 0.634 0.740  
0.806 0.780 0.760 0.764 0.753 0.752 0.740 0.797 0.792 0.798 0.787 0.769 0.748 0.765 0.745 0.756 0.753 0.764 0.765 0.766 0.757 0.763 0.741 0.763 0.725 0.754 0.730 0.751 0.756 0.721 0.766 0.772 0.722 0.638 0.751 0.707 0.735 0.757 0.686 0.717 0.752 0.711 0.742 0.719 0.757 0.681 1.000 0.752 0.742 0.727 0.695 0.738 0.652 0.767 0.693 0.736 0.753 0.700 0.753 0.768 0.737 0.738 0.749 0.713 0.686 0.741 0.731 0.698 0.683 0.765 0.723 0.727 0.673 0.694 0.723 0.715 0.697 0.730 0.749 0.771 0.714 0.697 0.676 0.669 0.719 0.704 0.720 0.780 0.704 0.725  
0.780 0.772 0.775 0.787 0.771 0.777 0.792 0.785 0.782 0.802 0.798 0.795 0.782 0.821 0.745 0.787 0.776 0.792 0.785 0.779 0.766 0.785 0.746 0.778 0.757 0.802 0.762 0.759 0.769 0.737 0.788 0.778 0.734 0.675 0.764 0.740 0.755 0.766 0.710 0.739 0.751 0.751 0.760 0.728 0.770 0.751 0.732 1.000 0.779 0.874 0.765 0.765 0.699 0.770 0.716 0.756 0.800 0.729 0.762 0.786 0.757 0.754 0.753 0.750 0.714 0.761 0.750 0.739 0.725 0.789 0.720 0.714 0.708 0.717 0.733 0.755 0.725 0.774 0.772 0.749 0.764 0.701 0.712 0.663 0.724 0.736 0.739 0.777 0.685 0.742  
0.771 0.789 0.789 0.828 0.784 0.781 0.828 0.777 0.777 0.813 0.819 0.824 0.816 0.827 0.797 0.829 0.809 0.811 0.810 0.802 0.820 0.845 0.796 0.839 0.756 0.801 0.785 0.781 0.806 0.761 0.808 0.832 0.764 0.691 0.793 0.749 0.817 0.754 0.759 0.766 0.759 0.745 0.834 0.769 0.806 0.743 0.722 0.779 1.000 0.798 0.787 0.801 0.743 0.831 0.780 0.810 0.801 0.764 0.811 0.822 0.781 0.785 0.791 0.726 0.731 0.827 0.799 0.791 0.772 0.813 0.744 0.731 0.761 0.734 0.770 0.781 0.730 0.784 0.805 0.757 0.775 0.735 0.712 0.679 0.786 0.768 0.786 0.812 0.715 0.794  
0.775 0.762 0.786 0.796 0.786 0.789 0.802 0.773 0.772 0.790 0.796 0.843 0.831 0.861 0.767 0.845 0.832 0.807 0.804 0.796 0.814 0.830 0.775 0.824 0.770 0.806 0.798 0.772 0.780 0.748 0.805 0.823 0.741 0.680 0.808 0.746 0.752 0.761 0.741 0.753 0.760 0.724 0.781 0.747 0.778 0.740 0.711 0.878 0.803 1.000 0.776 0.772 0.717 0.823 0.730 0.800 0.810 0.735 0.792 0.789 0.747 0.774 0.747 0.736 0.726 0.806 0.800 0.747 0.744 0.846 0.717 0.712 0.733 0.736 0.736 0.761 0.729 0.820 0.793 0.745 0.774 0.732 0.697 0.665 0.754 0.744 0.750 0.784 0.693 0.754  
0.725 0.732 0.743 0.779 0.760 0.759 0.803 0.728 0.728 0.768 0.779 0.783 0.776 0.778 0.746 0.787 0.777 0.765 0.765 0.764 0.770 0.796 0.738 0.789 0.737 0.795 0.757 0.732 0.766 0.729 0.760 0.779 0.738 0.712 0.748 0.755 0.752 0.719 0.744 0.736 0.757 0.733 0.767 0.727 0.761 0.780 0.680 0.769 0.792 0.776 1.000 0.764 0.780 0.789 0.748 0.777 0.762 0.754 0.761 0.774 0.758 0.737 0.782 0.730 0.712 0.779 0.753 0.790 0.783 0.776 0.689 0.718 0.764 0.703 0.724 0.772 0.736 0.750 0.750 0.749 0.742 0.741 0.735 0.698 0.722 0.763 0.753 0.775 0.639 0.771  
0.771 0.795 0.826 0.853 0.842 0.830 0.829 0.779 0.781 0.819 0.839 0.807 0.790 0.796 0.757 0.798 0.788 0.792 0.793 0.791 0.779 0.828 0.777 0.825 0.743 0.782 0.758 0.805 0.833 0.754 0.843 0.793 0.754 0.691 0.765 0.733 0.849 0.767 0.728 0.770 0.731 0.747 0.807 0.759 0.785 0.728 0.721 0.767 0.804 0.771 0.762 1.000 0.721 0.820 0.742 0.781 0.783 0.740 0.786 0.828 0.761 0.764 0.774 0.713 0.703 0.795 0.775 0.751 0.743 0.796 0.822 0.721 0.716 0.738 0.738 0.799 0.712 0.752 0.781 0.744 0.804 0.707 0.699 0.655 0.787 0.751 0.779 0.846 0.747 0.786  
0.691 0.712 0.714 0.749 0.724 0.718 0.752 0.702 0.703 0.735 0.731 0.745 0.759 0.746 0.708 0.757 0.741 0.729 0.729 0.737 0.728 0.762 0.700 0.759 0.698 0.739 0.725 0.706 0.731 0.702 0.724 0.743 0.706 0.709 0.720 0.701 0.722 0.682 0.739 0.716 0.712 0.722 0.742 0.726 0.731 0.735 0.646 0.711 0.756 0.726 0.789 0.732 1.000 0.755 0.710 0.738 0.728 0.752 0.731 0.746 0.726 0.713 0.736 0.698 0.682 0.737 0.729 0.771 0.759 0.751 0.668 0.681 0.757 0.703 0.719 0.731 0.706 0.710 0.729 0.705 0.704 0.691 0.711 0.676 0.718 0.753 0.729 0.732 0.630 0.746  
0.777 0.767 0.813 0.859 0.808 0.795 0.842 0.790 0.791 0.831 0.849 0.871 0.851 0.858 0.819 0.864 0.845 0.829 0.833 0.831 0.842 0.895 0.807 0.893 0.754 0.805 0.808 0.807 0.838 0.775 0.820 0.851 0.776 0.706 0.826 0.747 0.803 0.756 0.767 0.773 0.766 0.758 0.830 0.766 0.799 0.739 0.747 0.770 0.831 0.818 0.785 0.818 0.742 1.000 0.772 0.836 0.806 0.767 0.843 0.834 0.772 0.790 0.793 0.732 0.717 0.844 0.814 0.775 0.766 0.871 0.740 0.740 0.744 0.741 0.740 0.804 0.729 0.820 0.806 0.758 0.781 0.750 0.691 0.665 0.799 0.771 0.789 0.825 0.720 0.797  
0.734 0.723 0.740 0.774 0.737 0.731 0.775 0.729 0.730 0.767 0.775 0.761 0.765 0.755 0.745 0.778 0.758 0.747 0.752 0.744 0.766 0.777 0.762 0.774 0.748 0.743 0.737 0.761 0.781 0.749 0.745 0.763 0.754 0.702 0.744 0.729 0.739 0.717 0.727 0.740 0.706 0.720 0.794 0.752 0.774 0.714 0.680 0.722 0.786 0.732 0.750 0.745 0.703 0.778 1.000 0.795 0.788 0.773 0.743 0.789 0.753 0.809 0.773 0.701 0.755 0.800 0.778 0.732 0.747 0.761 0.682 0.724 0.715 0.724 0.711 0.777 0.723 0.732 0.762 0.732 0.744 0.704 0.664 0.642 0.765 0.778 0.753 0.764 0.663 0.774  
0.778 0.761 0.779 0.811 0.770 0.767 0.814 0.763 0.765 0.806 0.812 0.825 0.835 0.818 0.795 0.843 0.826 0.796 0.798 0.799 0.824 0.835 0.782 0.833 0.771 0.789 0.793 0.787 0.804 0.778 0.779 0.820 0.776 0.708 0.817 0.757 0.775 0.754 0.774 0.786 0.748 0.741 0.827 0.769 0.799 0.737 0.720 0.761 0.815 0.801 0.778 0.783 0.730 0.841 0.794 1.000 0.803 0.778 0.807 0.818 0.774 0.788 0.788 0.736 0.746 0.849 0.836 0.767 0.775 0.830 0.720 0.740 0.751 0.769 0.746 0.794 0.745 0.805 0.795 0.760 0.766 0.743 0.691 0.668 0.780 0.781 0.794 0.797 0.699 0.802  
0.800 0.780 0.804 0.821 0.803 0.800 0.807 0.806 0.804 0.828 0.827 0.825 0.816 0.845 0.772 0.826 0.812 0.818 0.818 0.809 0.799 0.828 0.786 0.820 0.807 0.832 0.790 0.809 0.813 0.776 0.807 0.814 0.771 0.690 0.809 0.746 0.763 0.769 0.749 0.770 0.779 0.756 0.808 0.771 0.800 0.743 0.739 0.807 0.809 0.813 0.765 0.788 0.722 0.813 0.789 0.805 1.000 0.784 0.794 0.813 0.798 0.851 0.797 0.762 0.772 0.813 0.803 0.757 0.758 0.821 0.733 0.754 0.731 0.744 0.754 0.794 0.757 0.787 0.807 0.793 0.769 0.758 0.703 0.677 0.773 0.795 0.775 0.792 0.706 0.791  
0.740 0.727 0.741 0.769 0.736 0.733 0.770 0.737 0.738 0.773 0.770 0.762 0.773 0.760 0.739 0.777 0.760 0.761 0.764 0.771 0.747 0.777 0.725 0.776 0.779 0.766 0.748 0.735 0.761 0.786 0.740 0.765 0.789 0.747 0.755 0.736 0.733 0.729 0.721 0.737 0.734 0.733 0.765 0.733 0.766 0.759 0.691 0.739 0.774 0.741 0.761 0.747 0.749 0.778 0.777 0.783 0.787 1.000 0.753 0.788 0.785 0.756 0.791 0.749 0.762 0.783 0.773 0.759 0.771 0.766 0.685 0.736 0.714 0.712 0.723 0.780 0.745 0.733 0.763 0.759 0.726 0.723 0.713 0.661 0.726 0.949 0.732 0.756 0.654 0.777  
0.772 0.773 0.795 0.810 0.780 0.778 0.805 0.787 0.789 0.819 0.810 0.840 0.855 0.844 0.803 0.855 0.839 0.819 0.819 0.809 0.826 0.852 0.785 0.849 0.763 0.797 0.816 0.783 0.801 0.753 0.798 0.846 0.753 0.682 0.820 0.739 0.777 0.748 0.757 0.763 0.769 0.739 0.816 0.769 0.793 0.736 0.742 0.772 0.822 0.798 0.767 0.793 0.728 0.854 0.746 0.813 0.797 0.752 1.000 0.803 0.797 0.776 0.784 0.731 0.717 0.817 0.803 0.762 0.766 0.837 0.739 0.744 0.754 0.738 0.750 0.767 0.734 0.816 0.790 0.763 0.775 0.735 0.699 0.678 0.773 0.760 0.784 0.806 0.711 0.781  
0.813 0.807 0.816 0.843 0.805 0.803 0.818 0.810 0.814 0.850 0.875 0.822 0.821 0.818 0.785 0.830 0.818 0.815 0.815 0.818 0.804 0.840 0.792 0.834 0.781 0.801 0.782 0.822 0.867 0.787 0.821 0.821 0.788 0.706 0.800 0.777 0.821 0.807 0.774 0.812 0.758 0.802 0.834 0.788 0.822 0.758 0.753 0.792 0.829 0.791 0.776 0.832 0.739 0.840 0.789 0.819 0.812 0.783 0.799 1.000 0.794 0.794 0.810 0.750 0.740 0.855 0.829 0.764 0.778 0.819 0.765 0.753 0.756 0.769 0.759 0.830 0.751 0.783 0.817 0.777 0.805 0.733 0.716 0.673 0.800 0.789 0.817 0.839 0.741 0.824  
0.769 0.755 0.757 0.779 0.751 0.747 0.767 0.770 0.771 0.800 0.812 0.784 0.792 0.791 0.764 0.795 0.780 0.802 0.804 0.800 0.775 0.797 0.750 0.797 0.791 0.781 0.758 0.774 0.798 0.765 0.766 0.790 0.769 0.705 0.767 0.732 0.755 0.748 0.740 0.754 0.752 0.738 0.787 0.766 0.789 0.765 0.727 0.768 0.793 0.754 0.765 0.769 0.723 0.783 0.758 0.780 0.802 0.785 0.799 0.799 1.000 0.772 0.876 0.786 0.741 0.792 0.773 0.767 0.775 0.775 0.714 0.818 0.737 0.728 0.742 0.779 0.782 0.750 0.779 0.847 0.740 0.759 0.726 0.683 0.749 0.795 0.758 0.772 0.679 0.787  
0.780 0.765 0.786 0.799 0.780 0.781 0.789 0.784 0.786 0.797 0.797 0.808 0.793 0.809 0.746 0.799 0.799 0.795 0.801 0.790 0.807 0.803 0.801 0.794 0.783 0.792 0.773 0.803 0.806 0.741 0.788 0.803 0.737 0.673 0.798 0.725 0.754 0.742 0.745 0.759 0.765 0.722 0.802 0.763 0.799 0.716 0.723 0.759 0.790 0.775 0.738 0.766 0.705 0.795 0.807 0.788 0.849 0.750 0.771 0.793 0.766 1.000 0.765 0.730 0.753 0.798 0.785 0.734 0.733 0.813 0.727 0.727 0.721 0.740 0.737 0.762 0.736 0.773 0.788 0.764 0.759 0.733 0.680 0.667 0.772 0.760 0.761 0.777 0.691 0.765  
0.777 0.761 0.762 0.793 0.762 0.756 0.786 0.774 0.772 0.809 0.825 0.789 0.778 0.786 0.780 0.790 0.776 0.805 0.804 0.810 0.778 0.807 0.756 0.806 0.786 0.787 0.756 0.782 0.809 0.776 0.770 0.792 0.782 0.711 0.771 0.743 0.770 0.758 0.747 0.756 0.752 0.751 0.796 0.751 0.790 0.768 0.737 0.761 0.800 0.751 0.786 0.780 0.731 0.801 0.776 0.792 0.798 0.789 0.782 0.813 0.874 0.768 1.000 0.783 0.736 0.804 0.774 0.774 0.776 0.780 0.715 0.827 0.734 0.735 0.743 0.790 0.775 0.747 0.787 0.846 0.743 0.751 0.724 0.684 0.760 0.797 0.769 0.793 0.686 0.805  
0.785 0.762 0.767 0.762 0.760 0.759 0.754 0.777 0.778 0.781 0.784 0.779 0.774 0.778 0.734 0.778 0.774 0.798 0.795 0.797 0.765 0.768 0.736 0.767 0.788 0.771 0.758 0.751 0.754 0.749 0.757 0.767 0.747 0.685 0.784 0.739 0.730 0.750 0.734 0.742 0.751 0.746 0.753 0.716 0.769 0.786 0.724 0.784 0.758 0.765 0.759 0.742 0.716 0.764 0.727 0.764 0.788 0.771 0.754 0.778 0.809 0.757 0.808 1.000 0.743 0.764 0.753 0.756 0.757 0.786 0.714 0.764 0.725 0.735 0.743 0.775 0.778 0.771 0.771 0.810 0.743 0.745 0.747 0.695 0.723 0.776 0.740 0.745 0.684 0.766  
0.750 0.729 0.737 0.740 0.734 0.738 0.743 0.746 0.742 0.745 0.750 0.765 0.748 0.755 0.705 0.755 0.756 0.756 0.752 0.745 0.749 0.753 0.736 0.747 0.756 0.747 0.731 0.732 0.736 0.746 0.736 0.754 0.746 0.708 0.752 0.736 0.709 0.715 0.708 0.723 0.725 0.694 0.752 0.710 0.759 0.736 0.687 0.734 0.752 0.743 0.729 0.721 0.689 0.737 0.770 0.763 0.786 0.773 0.728 0.755 0.751 0.770 0.748 0.731 1.000 0.776 0.753 0.708 0.744 0.753 0.693 0.708 0.705 0.721 0.724 0.751 0.741 0.741 0.758 0.746 0.719 0.704 0.689 0.656 0.715 0.773 0.712 0.729 0.660 0.728  
0.793 0.779 0.790 0.820 0.785 0.782 0.809 0.783 0.786 0.823 0.845 0.844 0.842 0.839 0.797 0.854 0.841 0.817 0.816 0.810 0.831 0.864 0.798 0.858 0.785 0.800 0.800 0.806 0.846 0.789 0.795 0.846 0.789 0.711 0.818 0.773 0.801 0.774 0.793 0.804 0.761 0.755 0.828 0.784 0.825 0.748 0.731 0.772 0.839 0.813 0.786 0.804 0.734 0.856 0.805 0.855 0.817 0.783 0.818 0.861 0.792 0.804 0.806 0.742 0.765 1.000 0.865 0.762 0.794 0.842 0.736 0.754 0.797 0.776 0.757 0.809 0.759 0.805 0.822 0.773 0.791 0.749 0.702 0.672 0.806 0.793 0.798 0.818 0.707 0.801  
0.786 0.768 0.781 0.803 0.775 0.770 0.793 0.776 0.777 0.812 0.815 0.830 0.855 0.828 0.786 0.857 0.845 0.802 0.800 0.798 0.829 0.840 0.787 0.836 0.775 0.790 0.796 0.790 0.814 0.774 0.789 0.827 0.771 0.693 0.816 0.760 0.772 0.761 0.774 0.790 0.752 0.738 0.810 0.771 0.803 0.736 0.724 0.764 0.814 0.810 0.763 0.786 0.729 0.829 0.786 0.847 0.811 0.776 0.807 0.838 0.776 0.794 0.779 0.734 0.746 0.869 1.000 0.759 0.772 0.835 0.727 0.752 0.760 0.766 0.748 0.778 0.745 0.801 0.795 0.761 0.778 0.749 0.690 0.666 0.785 0.784 0.775 0.795 0.708 0.791  
0.727 0.751 0.741 0.773 0.748 0.741 0.785 0.728 0.725 0.772 0.762 0.765 0.775 0.771 0.756 0.777 0.758 0.761 0.767 0.768 0.766 0.783 0.733 0.783 0.741 0.789 0.743 0.729 0.750 0.736 0.754 0.766 0.740 0.696 0.750 0.718 0.760 0.705 0.729 0.726 0.745 0.725 0.786 0.728 0.763 0.734 0.683 0.743 0.796 0.747 0.790 0.753 0.762 0.779 0.730 0.766 0.754 0.753 0.757 0.762 0.761 0.733 0.770 0.728 0.692 0.756 0.749 1.000 0.751 0.767 0.700 0.719 0.737 0.702 0.731 0.745 0.723 0.741 0.754 0.741 0.724 0.717 0.728 0.707 0.729 0.754 0.739 0.757 0.658 0.762  
0.728 0.725 0.736 0.765 0.731 0.735 0.769 0.736 0.737 0.761 0.766 0.778 0.780 0.778 0.747 0.784 0.770 0.770 0.764 0.754 0.758 0.793 0.724 0.789 0.754 0.758 0.754 0.731 0.757 0.745 0.737 0.774 0.750 0.703 0.758 0.745 0.736 0.710 0.754 0.754 0.728 0.726 0.770 0.730 0.778 0.759 0.675 0.737 0.784 0.752 0.791 0.753 0.757 0.778 0.753 0.782 0.763 0.773 0.769 0.785 0.776 0.740 0.780 0.737 0.735 0.796 0.770 0.759 1.000 0.769 0.683 0.726 0.779 0.720 0.729 0.783 0.816 0.741 0.767 0.747 0.730 0.743 0.714 0.685 0.735 0.782 0.744 0.758 0.656 0.784  
0.795 0.787 0.821 0.831 0.815 0.812 0.815 0.802 0.800 0.819 0.819 0.874 0.873 0.860 0.791 0.879 0.870 0.849 0.847 0.844 0.845 0.859 0.804 0.858 0.777 0.805 0.822 0.809 0.811 0.756 0.829 0.853 0.755 0.680 0.850 0.754 0.771 0.748 0.779 0.774 0.786 0.746 0.814 0.763 0.808 0.739 0.743 0.787 0.812 0.840 0.770 0.792 0.736 0.869 0.753 0.823 0.812 0.754 0.824 0.811 0.762 0.806 0.769 0.750 0.731 0.829 0.818 0.761 0.755 1.000 0.739 0.734 0.750 0.754 0.752 0.780 0.742 0.842 0.814 0.767 0.777 0.759 0.695 0.672 0.779 0.760 0.772 0.801 0.709 0.779  
0.763 0.790 0.806 0.808 0.815 0.805 0.780 0.771 0.772 0.780 0.781 0.770 0.751 0.767 0.730 0.757 0.757 0.759 0.758 0.759 0.754 0.771 0.752 0.768 0.724 0.752 0.741 0.778 0.779 0.715 0.814 0.766 0.713 0.653 0.755 0.698 0.811 0.740 0.701 0.745 0.727 0.705 0.765 0.726 0.753 0.693 0.728 0.746 0.770 0.739 0.710 0.848 0.679 0.766 0.700 0.741 0.752 0.699 0.755 0.786 0.728 0.748 0.732 0.707 0.698 0.751 0.739 0.720 0.696 0.767 1.000 0.698 0.689 0.721 0.742 0.735 0.696 0.741 0.749 0.734 0.768 0.682 0.688 0.664 0.746 0.701 0.751 0.802 0.747 0.746  
0.763 0.746 0.738 0.751 0.733 0.731 0.743 0.747 0.745 0.781 0.791 0.761 0.748 0.749 0.764 0.760 0.755 0.775 0.774 0.774 0.752 0.758 0.727 0.757 0.764 0.745 0.734 0.756 0.767 0.753 0.741 0.760 0.753 0.683 0.740 0.727 0.731 0.721 0.710 0.730 0.733 0.707 0.745 0.720 0.765 0.732 0.723 0.730 0.748 0.724 0.730 0.735 0.683 0.756 0.734 0.752 0.763 0.742 0.750 0.764 0.824 0.739 0.836 0.748 0.703 0.760 0.754 0.730 0.730 0.752 0.689 1.000 0.701 0.708 0.712 0.748 0.737 0.720 0.756 0.829 0.704 0.728 0.700 0.665 0.716 0.752 0.727 0.761 0.673 0.750  
0.717 0.722 0.722 0.740 0.716 0.717 0.740 0.714 0.715 0.741 0.745 0.761 0.772 0.758 0.723 0.768 0.769 0.742 0.742 0.737 0.760 0.771 0.722 0.766 0.723 0.741 0.742 0.735 0.749 0.694 0.731 0.762 0.695 0.660 0.743 0.714 0.724 0.695 0.815 0.742 0.712 0.707 0.751 0.730 0.762 0.710 0.664 0.718 0.771 0.739 0.770 0.723 0.754 0.754 0.719 0.756 0.734 0.714 0.754 0.760 0.736 0.726 0.736 0.704 0.695 0.797 0.757 0.743 0.777 0.762 0.675 0.696 1.000 0.734 0.720 0.736 0.722 0.737 0.748 0.717 0.715 0.707 0.686 0.665 0.733 0.721 0.751 0.736 0.646 0.746  
0.762 0.752 0.770 0.768 0.754 0.757 0.754 0.750 0.754 0.775 0.770 0.781 0.771 0.768 0.730 0.774 0.775 0.764 0.767 0.761 0.781 0.766 0.762 0.763 0.742 0.744 0.745 0.780 0.776 0.727 0.761 0.771 0.717 0.687 0.764 0.754 0.747 0.736 0.775 0.788 0.714 0.703 0.762 0.751 0.770 0.712 0.693 0.736 0.753 0.750 0.717 0.754 0.708 0.760 0.736 0.783 0.756 0.720 0.747 0.782 0.736 0.754 0.745 0.722 0.719 0.785 0.771 0.716 0.727 0.774 0.714 0.711 0.742 1.000 0.716 0.766 0.721 0.753 0.772 0.737 0.761 0.704 0.671 0.642 0.754 0.726 0.803 0.760 0.683 0.768  
0.792 0.786 0.786 0.778 0.779 0.779 0.786 0.773 0.774 0.785 0.776 0.781 0.769 0.777 0.745 0.779 0.780 0.779 0.782 0.775 0.785 0.781 0.764 0.777 0.760 0.786 0.770 0.762 0.760 0.736 0.776 0.789 0.735 0.675 0.775 0.726 0.757 0.729 0.732 0.744 0.780 0.733 0.763 0.743 0.806 0.725 0.728 0.759 0.796 0.758 0.745 0.761 0.731 0.765 0.729 0.767 0.773 0.737 0.766 0.779 0.756 0.757 0.760 0.736 0.729 0.773 0.759 0.752 0.742 0.780 0.741 0.721 0.735 0.723 1.000 0.735 0.740 0.767 0.817 0.767 0.735 0.715 0.713 0.707 0.744 0.741 0.738 0.768 0.705 0.755  
0.755 0.751 0.778 0.813 0.773 0.772 0.792 0.754 0.757 0.789 0.815 0.789 0.784 0.780 0.744 0.790 0.775 0.778 0.779 0.776 0.766 0.810 0.747 0.805 0.751 0.758 0.756 0.775 0.806 0.757 0.778 0.773 0.754 0.712 0.764 0.752 0.779 0.756 0.752 0.772 0.729 0.759 0.780 0.738 0.766 0.755 0.697 0.757 0.782 0.759 0.769 0.798 0.720 0.805 0.773 0.790 0.788 0.771 0.758 0.825 0.770 0.759 0.783 0.743 0.732 0.799 0.766 0.742 0.772 0.783 0.712 0.733 0.727 0.748 0.712 1.000 0.746 0.759 0.770 0.750 0.774 0.737 0.698 0.653 0.754 0.785 0.770 0.798 0.693 0.846  
0.745 0.742 0.740 0.740 0.733 0.739 0.739 0.753 0.754 0.750 0.751 0.771 0.750 0.768 0.714 0.755 0.758 0.780 0.778 0.772 0.756 0.757 0.731 0.753 0.764 0.759 0.739 0.737 0.735 0.731 0.734 0.759 0.732 0.682 0.757 0.718 0.707 0.704 0.729 0.745 0.736 0.706 0.745 0.723 0.772 0.747 0.692 0.739 0.744 0.739 0.746 0.723 0.707 0.743 0.731 0.754 0.764 0.749 0.739 0.759 0.785 0.746 0.781 0.759 0.734 0.763 0.746 0.733 0.818 0.758 0.685 0.735 0.726 0.716 0.729 0.758 1.000 0.734 0.760 0.777 0.708 0.722 0.713 0.676 0.714 0.755 0.719 0.723 0.660 0.768  
0.778 0.765 0.799 0.803 0.784 0.782 0.795 0.771 0.775 0.791 0.792 0.832 0.845 0.828 0.771 0.847 0.845 0.806 0.806 0.800 0.830 0.823 0.784 0.820 0.770 0.783 0.817 0.776 0.778 0.743 0.791 0.817 0.737 0.677 0.839 0.738 0.756 0.743 0.759 0.754 0.767 0.722 0.788 0.738 0.777 0.729 0.719 0.783 0.794 0.826 0.755 0.759 0.706 0.830 0.735 0.809 0.789 0.731 0.815 0.786 0.748 0.777 0.748 0.747 0.729 0.803 0.796 0.745 0.738 0.854 0.724 0.713 0.736 0.743 0.750 0.767 0.729 1.000 0.791 0.742 0.772 0.735 0.693 0.670 0.756 0.739 0.752 0.772 0.703 0.755  
0.808 0.793 0.803 0.813 0.798 0.799 0.803 0.801 0.799 0.826 0.836 0.850 0.810 0.828 0.780 0.821 0.817 0.827 0.829 0.818 0.831 0.831 0.812 0.824 0.792 0.814 0.790 0.817 0.815 0.782 0.807 0.843 0.774 0.700 0.813 0.775 0.783 0.764 0.774 0.785 0.783 0.760 0.804 0.790 0.861 0.749 0.745 0.789 0.823 0.807 0.762 0.796 0.732 0.824 0.773 0.808 0.817 0.769 0.797 0.828 0.785 0.800 0.795 0.754 0.753 0.829 0.798 0.766 0.771 0.833 0.740 0.756 0.754 0.769 0.807 0.785 0.762 0.799 1.000 0.785 0.769 0.746 0.708 0.689 0.787 0.777 0.778 0.805 0.724 0.796  
0.834 0.815 0.773 0.771 0.768 0.767 0.761 0.794 0.794 0.800 0.807 0.794 0.772 0.790 0.757 0.783 0.779 0.806 0.805 0.804 0.779 0.780 0.754 0.777 0.797 0.786 0.764 0.788 0.786 0.754 0.774 0.792 0.756 0.684 0.779 0.769 0.743 0.741 0.740 0.757 0.778 0.732 0.768 0.753 0.790 0.754 0.767 0.765 0.775 0.758 0.761 0.758 0.708 0.774 0.742 0.772 0.803 0.765 0.770 0.788 0.854 0.776 0.855 0.793 0.741 0.779 0.764 0.753 0.752 0.786 0.725 0.829 0.723 0.735 0.758 0.766 0.779 0.750 0.786 1.000 0.730 0.751 0.725 0.690 0.734 0.778 0.752 0.782 0.688 0.774  
0.773 0.778 0.813 0.834 0.807 0.806 0.807 0.781 0.785 0.803 0.818 0.797 0.804 0.798 0.758 0.814 0.802 0.789 0.788 0.782 0.791 0.818 0.794 0.812 0.758 0.775 0.782 0.810 0.833 0.744 0.813 0.793 0.741 0.688 0.787 0.749 0.802 0.778 0.747 0.784 0.737 0.741 0.804 0.767 0.777 0.734 0.715 0.785 0.798 0.792 0.760 0.824 0.711 0.803 0.759 0.783 0.784 0.737 0.787 0.822 0.751 0.776 0.756 0.732 0.720 0.803 0.786 0.741 0.739 0.801 0.763 0.709 0.725 0.764 0.731 0.794 0.715 0.785 0.774 0.734 1.000 0.703 0.694 0.654 0.794 0.745 0.800 0.824 0.728 0.790  
0.723 0.702 0.722 0.735 0.721 0.719 0.728 0.721 0.717 0.741 0.739 0.768 0.758 0.766 0.713 0.763 0.758 0.742 0.750 0.742 0.753 0.758 0.711 0.755 0.731 0.747 0.744 0.719 0.727 0.708 0.729 0.767 0.706 0.652 0.747 0.695 0.694 0.705 0.712 0.695 0.726 0.692 0.726 0.689 0.735 0.700 0.685 0.708 0.742 0.736 0.744 0.712 0.685 0.757 0.705 0.745 0.759 0.720 0.733 0.734 0.755 0.735 0.750 0.720 0.691 0.746 0.742 0.720 0.739 0.768 0.665 0.720 0.704 0.693 0.698 0.743 0.715 0.733 0.737 0.742 0.690 1.000 0.665 0.667 0.696 0.729 0.703 0.725 0.648 0.738  
0.702 0.721 0.708 0.714 0.711 0.712 0.722 0.705 0.706 0.722 0.725 0.711 0.705 0.708 0.686 0.712 0.710 0.724 0.722 0.724 0.699 0.712 0.675 0.713 0.712 0.726 0.707 0.690 0.703 0.687 0.711 0.715 0.694 0.661 0.710 0.700 0.709 0.695 0.672 0.696 0.703 0.709 0.711 0.664 0.714 0.753 0.669 0.724 0.724 0.705 0.744 0.709 0.711 0.703 0.670 0.699 0.708 0.715 0.702 0.723 0.727 0.687 0.728 0.728 0.681 0.704 0.689 0.736 0.714 0.709 0.676 0.697 0.689 0.666 0.701 0.709 0.712 0.697 0.705 0.721 0.686 0.670 1.000 0.673 0.672 0.723 0.691 0.706 0.633 0.713  
0.689 0.702 0.689 0.684 0.687 0.689 0.693 0.682 0.679 0.689 0.687 0.697 0.687 0.692 0.677 0.692 0.692 0.693 0.693 0.692 0.691 0.691 0.673 0.690 0.688 0.705 0.686 0.669 0.672 0.661 0.687 0.696 0.663 0.633 0.690 0.656 0.686 0.662 0.658 0.665 0.702 0.651 0.682 0.650 0.694 0.670 0.670 0.683 0.699 0.681 0.715 0.672 0.683 0.684 0.656 0.683 0.690 0.671 0.689 0.687 0.693 0.682 0.696 0.685 0.656 0.682 0.673 0.723 0.693 0.694 0.660 0.670 0.675 0.645 0.704 0.671 0.683 0.682 0.694 0.695 0.654 0.680 0.681 1.000 0.653 0.674 0.660 0.689 0.627 0.677  
0.761 0.759 0.779 0.811 0.776 0.771 0.797 0.753 0.756 0.788 0.808 0.798 0.795 0.792 0.767 0.804 0.793 0.780 0.779 0.781 0.790 0.820 0.793 0.820 0.738 0.768 0.759 0.792 0.822 0.762 0.791 0.793 0.757 0.700 0.778 0.726 0.797 0.741 0.754 0.768 0.722 0.731 0.825 0.791 0.787 0.703 0.715 0.740 0.804 0.766 0.734 0.802 0.720 0.816 0.775 0.792 0.783 0.731 0.780 0.811 0.754 0.784 0.768 0.707 0.711 0.812 0.787 0.740 0.739 0.797 0.736 0.716 0.739 0.751 0.735 0.769 0.716 0.764 0.787 0.734 0.788 0.705 0.675 0.648 1.000 0.736 0.784 0.805 0.717 0.786  
0.746 0.731 0.745 0.775 0.744 0.741 0.775 0.745 0.745 0.781 0.776 0.772 0.780 0.771 0.742 0.788 0.769 0.770 0.772 0.773 0.752 0.788 0.730 0.785 0.795 0.775 0.757 0.743 0.769 0.780 0.746 0.772 0.783 0.741 0.763 0.743 0.735 0.735 0.727 0.741 0.742 0.741 0.768 0.737 0.772 0.763 0.693 0.744 0.777 0.749 0.767 0.758 0.749 0.780 0.781 0.785 0.797 0.947 0.759 0.792 0.793 0.764 0.797 0.751 0.760 0.791 0.779 0.758 0.778 0.770 0.686 0.745 0.720 0.716 0.725 0.792 0.750 0.739 0.769 0.770 0.732 0.730 0.719 0.663 0.729 1.000 0.736 0.761 0.656 0.783  
0.768 0.773 0.786 0.819 0.780 0.775 0.794 0.771 0.774 0.812 0.821 0.795 0.796 0.795 0.767 0.804 0.794 0.779 0.781 0.776 0.788 0.806 0.773 0.801 0.743 0.775 0.769 0.813 0.835 0.739 0.793 0.794 0.738 0.693 0.774 0.750 0.799 0.758 0.767 0.802 0.732 0.743 0.828 0.780 0.784 0.722 0.716 0.755 0.803 0.762 0.765 0.793 0.731 0.806 0.763 0.806 0.784 0.737 0.791 0.829 0.763 0.773 0.777 0.723 0.707 0.804 0.778 0.751 0.748 0.790 0.742 0.727 0.756 0.800 0.728 0.785 0.721 0.759 0.778 0.751 0.794 0.711 0.694 0.655 0.784 0.743 1.000 0.809 0.707 0.813  
0.802 0.807 0.856 0.893 0.853 0.847 0.849 0.793 0.791 0.831 0.837 0.819 0.809 0.807 0.805 0.825 0.807 0.804 0.804 0.802 0.806 0.835 0.802 0.832 0.752 0.797 0.774 0.807 0.838 0.769 0.865 0.819 0.767 0.700 0.780 0.771 0.849 0.775 0.739 0.783 0.766 0.749 0.828 0.782 0.800 0.733 0.762 0.780 0.815 0.783 0.774 0.847 0.722 0.829 0.761 0.796 0.788 0.749 0.798 0.836 0.764 0.775 0.787 0.716 0.712 0.810 0.784 0.755 0.749 0.806 0.778 0.747 0.729 0.744 0.746 0.800 0.713 0.766 0.791 0.768 0.804 0.721 0.697 0.672 0.791 0.755 0.795 1.000 0.755 0.800  
0.725 0.724 0.771 0.774 0.757 0.752 0.724 0.730 0.727 0.739 0.748 0.732 0.718 0.732 0.697 0.720 0.715 0.724 0.724 0.723 0.719 0.736 0.717 0.735 0.677 0.710 0.695 0.731 0.739 0.681 0.770 0.727 0.674 0.610 0.725 0.652 0.757 0.714 0.664 0.710 0.685 0.668 0.726 0.692 0.717 0.642 0.697 0.698 0.728 0.702 0.647 0.758 0.631 0.733 0.670 0.707 0.712 0.657 0.715 0.749 0.682 0.699 0.691 0.667 0.653 0.710 0.708 0.666 0.657 0.724 0.735 0.671 0.649 0.678 0.695 0.704 0.660 0.708 0.722 0.685 0.721 0.653 0.633 0.620 0.715 0.661 0.705 0.766 1.000 0.715  
0.758 0.761 0.781 0.815 0.779 0.778 0.798 0.763 0.767 0.799 0.809 0.789 0.787 0.794 0.751 0.799 0.778 0.777 0.779 0.783 0.777 0.809 0.759 0.806 0.755 0.771 0.764 0.793 0.821 0.750 0.787 0.785 0.752 0.708 0.779 0.747 0.786 0.754 0.767 0.793 0.732 0.760 0.805 0.768 0.787 0.744 0.713 0.750 0.802 0.758 0.775 0.792 0.741 0.806 0.776 0.805 0.792 0.775 0.779 0.827 0.784 0.768 0.804 0.742 0.716 0.798 0.785 0.765 0.780 0.789 0.729 0.742 0.744 0.758 0.738 0.853 0.761 0.755 0.788 0.766 0.777 0.739 0.709 0.664 0.777 0.783 0.805 0.806 0.709 1.000  
