1.000 0.623 0.735 0.658 0.586 0.635 0.643 0.652 0.653 0.662 0.640 0.639 0.654 0.619 0.688 0.663 0.645 0.667 0.626 0.633 0.636 0.591 0.603 0.552 0.599 0.630 0.590 0.635 0.598 0.551 0.537  
0.603 1.000 0.665 0.599 0.558 0.881 0.797 0.815 0.753 0.806 0.793 0.731 0.837 0.700 0.811 0.845 0.809 0.810 0.850 0.726 0.746 0.701 0.696 0.652 0.672 0.729 0.701 0.735 0.707 0.667 0.632  
0.752 0.703 1.000 0.724 0.563 0.696 0.702 0.717 0.714 0.728 0.701 0.717 0.716 0.675 0.763 0.725 0.711 0.727 0.690 0.723 0.688 0.638 0.661 0.613 0.651 0.697 0.671 0.682 0.658 0.622 0.590  
0.652 0.613 0.701 1.000 0.487 0.620 0.615 0.622 0.618 0.632 0.612 0.642 0.617 0.603 0.655 0.616 0.617 0.627 0.622 0.640 0.605 0.567 0.572 0.525 0.574 0.604 0.570 0.596 0.560 0.530 0.537  
0.587 0.577 0.551 0.492 1.000 0.578 0.570 0.584 0.589 0.596 0.567 0.556 0.576 0.564 0.623 0.592 0.580 0.589 0.575 0.550 0.551 0.473 0.591 0.534 0.514 0.588 0.556 0.562 0.545 0.550 0.518  
0.616 0.883 0.660 0.607 0.560 1.000 0.838 0.801 0.763 0.797 0.825 0.741 0.907 0.711 0.823 0.860 0.805 0.790 0.936 0.745 0.787 0.654 0.703 0.668 0.679 0.717 0.679 0.765 0.726 0.657 0.630  
0.621 0.796 0.663 0.600 0.550 0.834 1.000 0.785 0.779 0.790 0.934 0.771 0.891 0.769 0.831 0.848 0.797 0.785 0.851 0.769 0.794 0.651 0.692 0.646 0.683 0.714 0.698 0.746 0.727 0.650 0.609  
0.632 0.816 0.680 0.609 0.565 0.800 0.788 1.000 0.874 0.972 0.793 0.773 0.825 0.816 0.804 0.810 0.945 0.895 0.784 0.786 0.740 0.659 0.747 0.686 0.711 0.764 0.724 0.785 0.749 0.704 0.633  
0.636 0.758 0.680 0.608 0.573 0.766 0.786 0.878 1.000 0.871 0.792 0.769 0.793 0.854 0.800 0.795 0.855 0.876 0.759 0.776 0.718 0.642 0.726 0.681 0.703 0.751 0.707 0.770 0.732 0.676 0.637  
0.644 0.810 0.692 0.621 0.579 0.799 0.795 0.975 0.869 1.000 0.801 0.783 0.833 0.823 0.812 0.821 0.935 0.887 0.796 0.798 0.741 0.666 0.753 0.686 0.721 0.760 0.720 0.788 0.751 0.701 0.636  
0.614 0.785 0.657 0.592 0.543 0.816 0.927 0.784 0.779 0.789 1.000 0.761 0.859 0.769 0.828 0.848 0.793 0.780 0.821 0.754 0.782 0.654 0.692 0.636 0.673 0.709 0.689 0.740 0.717 0.643 0.595  
0.621 0.734 0.681 0.630 0.540 0.742 0.776 0.775 0.767 0.782 0.772 1.000 0.768 0.789 0.822 0.777 0.784 0.780 0.752 0.865 0.772 0.614 0.664 0.638 0.660 0.730 0.688 0.703 0.684 0.642 0.624  
0.636 0.841 0.681 0.606 0.560 0.910 0.898 0.828 0.792 0.833 0.872 0.769 1.000 0.745 0.843 0.901 0.827 0.805 0.919 0.774 0.802 0.680 0.720 0.665 0.700 0.732 0.690 0.774 0.749 0.669 0.622  
0.605 0.707 0.646 0.596 0.551 0.718 0.779 0.824 0.858 0.829 0.785 0.795 0.749 1.000 0.760 0.732 0.822 0.819 0.722 0.783 0.715 0.609 0.690 0.670 0.676 0.725 0.706 0.729 0.720 0.656 0.627  
0.668 0.813 0.724 0.642 0.604 0.823 0.835 0.805 0.797 0.810 0.838 0.820 0.841 0.754 1.000 0.869 0.801 0.829 0.817 0.788 0.818 0.665 0.732 0.665 0.696 0.794 0.752 0.740 0.749 0.701 0.654  
0.641 0.843 0.685 0.601 0.571 0.857 0.848 0.807 0.788 0.816 0.854 0.771 0.894 0.722 0.865 1.000 0.808 0.814 0.868 0.755 0.773 0.708 0.725 0.674 0.709 0.745 0.699 0.761 0.755 0.675 0.617  
0.627 0.812 0.676 0.606 0.563 0.807 0.802 0.948 0.853 0.935 0.805 0.784 0.827 0.816 0.802 0.813 1.000 0.874 0.790 0.795 0.747 0.664 0.745 0.683 0.704 0.761 0.720 0.786 0.743 0.700 0.626  
0.650 0.815 0.693 0.617 0.573 0.794 0.792 0.899 0.875 0.889 0.792 0.781 0.806 0.815 0.832 0.821 0.876 1.000 0.772 0.774 0.738 0.674 0.755 0.683 0.713 0.771 0.741 0.767 0.742 0.701 0.647  
0.611 0.857 0.658 0.613 0.560 0.941 0.860 0.788 0.760 0.798 0.836 0.755 0.921 0.720 0.821 0.877 0.793 0.773 1.000 0.750 0.791 0.656 0.697 0.664 0.680 0.710 0.671 0.742 0.727 0.645 0.628  
0.615 0.729 0.687 0.629 0.534 0.747 0.774 0.788 0.775 0.798 0.765 0.865 0.773 0.778 0.789 0.760 0.795 0.772 0.748 1.000 0.749 0.619 0.663 0.642 0.672 0.722 0.682 0.713 0.691 0.641 0.615  
0.627 0.760 0.663 0.602 0.542 0.800 0.811 0.752 0.726 0.751 0.804 0.783 0.813 0.721 0.831 0.789 0.758 0.747 0.799 0.760 1.000 0.598 0.668 0.642 0.640 0.735 0.687 0.710 0.678 0.640 0.614  
0.581 0.712 0.613 0.562 0.464 0.663 0.662 0.668 0.648 0.673 0.670 0.620 0.687 0.612 0.673 0.721 0.672 0.680 0.661 0.626 0.596 1.000 0.608 0.545 0.618 0.612 0.579 0.631 0.605 0.558 0.493  
0.594 0.708 0.637 0.569 0.581 0.714 0.705 0.758 0.734 0.763 0.711 0.672 0.729 0.695 0.743 0.740 0.754 0.764 0.704 0.672 0.667 0.610 1.000 0.747 0.690 0.724 0.679 0.766 0.688 0.745 0.599  
0.550 0.671 0.598 0.528 0.531 0.686 0.666 0.705 0.696 0.703 0.662 0.654 0.681 0.683 0.683 0.696 0.700 0.699 0.678 0.658 0.649 0.553 0.756 1.000 0.691 0.689 0.688 0.715 0.695 0.721 0.600  
0.601 0.697 0.639 0.583 0.515 0.703 0.710 0.736 0.725 0.745 0.705 0.682 0.722 0.694 0.720 0.738 0.728 0.735 0.700 0.695 0.652 0.631 0.703 0.697 1.000 0.725 0.715 0.734 0.742 0.693 0.609  
0.639 0.763 0.691 0.618 0.596 0.750 0.750 0.799 0.781 0.792 0.750 0.761 0.763 0.751 0.829 0.782 0.794 0.802 0.739 0.753 0.756 0.631 0.746 0.701 0.732 1.000 0.810 0.748 0.752 0.794 0.715  
0.593 0.728 0.660 0.578 0.558 0.703 0.726 0.751 0.730 0.744 0.722 0.711 0.713 0.725 0.778 0.728 0.745 0.764 0.692 0.705 0.701 0.593 0.693 0.694 0.715 0.803 1.000 0.719 0.763 0.745 0.675  
0.619 0.741 0.651 0.588 0.548 0.770 0.754 0.790 0.771 0.791 0.753 0.706 0.776 0.727 0.744 0.769 0.789 0.769 0.743 0.715 0.703 0.626 0.759 0.700 0.713 0.720 0.697 1.000 0.732 0.693 0.609  
0.598 0.730 0.642 0.565 0.544 0.747 0.751 0.771 0.750 0.771 0.747 0.702 0.769 0.735 0.770 0.781 0.763 0.760 0.744 0.710 0.686 0.615 0.698 0.697 0.738 0.741 0.758 0.749 1.000 0.716 0.639  
0.557 0.696 0.614 0.541 0.554 0.684 0.679 0.733 0.700 0.728 0.678 0.666 0.695 0.677 0.729 0.706 0.727 0.727 0.667 0.666 0.656 0.573 0.763 0.731 0.696 0.791 0.748 0.717 0.724 1.000 0.645  
0.551 0.670 0.592 0.557 0.531 0.667 0.647 0.670 0.671 0.671 0.637 0.659 0.656 0.657 0.692 0.656 0.661 0.681 0.660 0.650 0.639 0.515 0.624 0.617 0.622 0.724 0.689 0.640 0.656 0.656 1.000  
