1.000 0.584 0.604 0.567 0.551 0.558 0.687 0.642 0.593 0.593 0.643 0.637 0.568 0.504 0.554 0.543 0.544 0.526 0.565 0.528 0.562 0.545 0.555 0.596 0.567 0.572 0.526 0.531 0.556 0.532 0.552 0.521 0.546 0.585 0.543 0.519 0.544 0.568 0.572 0.507 0.567 0.503 0.569 0.576 0.576 0.571 0.558 0.550 0.554 0.563 0.534 0.550 0.510  
0.560 1.000 0.635 0.674 0.635 0.495 0.547 0.485 0.565 0.554 0.512 0.593 0.494 0.585 0.839 0.747 0.718 0.718 0.703 0.701 0.711 0.734 0.744 0.780 0.754 0.747 0.695 0.708 0.801 0.720 0.697 0.703 0.695 0.746 0.689 0.711 0.687 0.734 0.735 0.684 0.738 0.658 0.746 0.770 0.769 0.745 0.777 0.744 0.786 0.768 0.681 0.738 0.635  
0.586 0.642 1.000 0.661 0.684 0.517 0.590 0.534 0.574 0.565 0.531 0.640 0.521 0.565 0.617 0.611 0.612 0.599 0.602 0.587 0.647 0.616 0.598 0.660 0.639 0.627 0.596 0.576 0.596 0.595 0.592 0.584 0.664 0.670 0.604 0.599 0.668 0.631 0.656 0.572 0.619 0.558 0.666 0.648 0.653 0.673 0.619 0.617 0.631 0.617 0.646 0.637 0.595  
0.563 0.698 0.677 1.000 0.711 0.503 0.578 0.521 0.595 0.562 0.511 0.621 0.495 0.594 0.673 0.654 0.654 0.650 0.652 0.633 0.659 0.676 0.654 0.724 0.705 0.676 0.609 0.636 0.658 0.620 0.636 0.616 0.674 0.691 0.624 0.605 0.667 0.675 0.686 0.623 0.684 0.593 0.718 0.719 0.712 0.719 0.670 0.666 0.649 0.676 0.694 0.689 0.658  
0.546 0.656 0.699 0.710 1.000 0.507 0.569 0.499 0.564 0.560 0.513 0.601 0.489 0.560 0.640 0.633 0.641 0.611 0.592 0.604 0.621 0.609 0.599 0.684 0.673 0.619 0.603 0.575 0.621 0.604 0.585 0.583 0.648 0.635 0.627 0.587 0.650 0.617 0.629 0.580 0.622 0.571 0.675 0.680 0.683 0.684 0.640 0.623 0.630 0.638 0.650 0.647 0.635  
0.564 0.522 0.539 0.512 0.517 1.000 0.592 0.541 0.522 0.545 0.515 0.575 0.536 0.486 0.507 0.502 0.502 0.493 0.498 0.486 0.493 0.511 0.497 0.539 0.519 0.512 0.485 0.478 0.494 0.481 0.487 0.492 0.485 0.525 0.485 0.494 0.484 0.507 0.509 0.482 0.496 0.481 0.523 0.528 0.527 0.527 0.510 0.510 0.502 0.499 0.492 0.502 0.459  
0.697 0.579 0.617 0.590 0.582 0.594 1.000 0.626 0.639 0.623 0.622 0.690 0.569 0.510 0.553 0.547 0.555 0.526 0.561 0.531 0.562 0.546 0.553 0.609 0.580 0.571 0.532 0.529 0.557 0.530 0.545 0.518 0.556 0.588 0.543 0.531 0.552 0.566 0.572 0.511 0.565 0.506 0.595 0.585 0.585 0.585 0.558 0.558 0.565 0.562 0.545 0.561 0.522  
0.651 0.513 0.558 0.532 0.510 0.542 0.625 1.000 0.535 0.533 0.541 0.596 0.521 0.442 0.486 0.471 0.476 0.458 0.498 0.460 0.492 0.487 0.481 0.528 0.498 0.501 0.459 0.459 0.491 0.467 0.478 0.449 0.497 0.515 0.469 0.457 0.499 0.494 0.502 0.441 0.491 0.433 0.513 0.504 0.510 0.509 0.492 0.484 0.493 0.487 0.470 0.493 0.459  
0.596 0.591 0.594 0.602 0.571 0.518 0.633 0.530 1.000 0.787 0.595 0.705 0.575 0.546 0.585 0.589 0.586 0.563 0.595 0.557 0.620 0.570 0.580 0.649 0.617 0.599 0.560 0.575 0.582 0.563 0.579 0.552 0.608 0.633 0.585 0.553 0.609 0.582 0.635 0.551 0.588 0.546 0.619 0.627 0.631 0.617 0.597 0.590 0.573 0.596 0.589 0.595 0.564  
0.597 0.582 0.587 0.570 0.569 0.543 0.619 0.529 0.790 1.000 0.646 0.687 0.536 0.566 0.579 0.585 0.581 0.566 0.580 0.562 0.596 0.559 0.565 0.625 0.595 0.583 0.564 0.552 0.571 0.560 0.566 0.557 0.571 0.613 0.587 0.552 0.570 0.572 0.615 0.542 0.570 0.538 0.597 0.614 0.605 0.600 0.588 0.587 0.572 0.581 0.570 0.575 0.536  
0.632 0.525 0.538 0.507 0.509 0.502 0.603 0.525 0.584 0.631 1.000 0.622 0.576 0.486 0.510 0.517 0.520 0.491 0.514 0.495 0.518 0.496 0.508 0.549 0.531 0.519 0.510 0.485 0.509 0.500 0.502 0.488 0.496 0.537 0.520 0.493 0.494 0.512 0.532 0.477 0.510 0.481 0.533 0.542 0.535 0.530 0.525 0.513 0.519 0.514 0.492 0.499 0.470  
0.631 0.613 0.653 0.620 0.600 0.564 0.674 0.583 0.695 0.675 0.626 1.000 0.597 0.589 0.589 0.590 0.586 0.568 0.599 0.561 0.615 0.587 0.583 0.654 0.618 0.597 0.567 0.573 0.583 0.564 0.579 0.560 0.610 0.638 0.577 0.560 0.605 0.593 0.621 0.558 0.590 0.539 0.632 0.625 0.637 0.625 0.603 0.593 0.582 0.586 0.585 0.594 0.571  
0.574 0.520 0.542 0.503 0.498 0.535 0.566 0.519 0.578 0.538 0.591 0.609 1.000 0.468 0.500 0.498 0.494 0.472 0.494 0.468 0.509 0.492 0.494 0.536 0.515 0.508 0.475 0.472 0.501 0.473 0.481 0.473 0.483 0.524 0.483 0.474 0.482 0.497 0.516 0.472 0.495 0.464 0.519 0.525 0.522 0.519 0.503 0.501 0.491 0.496 0.486 0.502 0.467  
0.499 0.604 0.577 0.593 0.560 0.476 0.499 0.432 0.540 0.557 0.489 0.589 0.460 1.000 0.599 0.601 0.585 0.592 0.573 0.581 0.577 0.611 0.580 0.603 0.605 0.596 0.575 0.571 0.577 0.570 0.570 0.591 0.552 0.601 0.567 0.583 0.546 0.591 0.595 0.569 0.589 0.550 0.610 0.623 0.616 0.621 0.596 0.613 0.587 0.582 0.582 0.588 0.551  
0.532 0.839 0.610 0.650 0.619 0.481 0.523 0.460 0.559 0.551 0.497 0.571 0.475 0.579 1.000 0.782 0.743 0.739 0.719 0.747 0.724 0.765 0.773 0.772 0.773 0.764 0.726 0.705 0.821 0.765 0.711 0.730 0.702 0.743 0.718 0.723 0.695 0.762 0.752 0.708 0.757 0.669 0.748 0.789 0.760 0.750 0.796 0.767 0.754 0.777 0.690 0.734 0.631  
0.527 0.754 0.610 0.638 0.618 0.481 0.523 0.451 0.569 0.563 0.509 0.578 0.478 0.588 0.790 1.000 0.814 0.769 0.698 0.764 0.735 0.742 0.738 0.763 0.805 0.743 0.780 0.690 0.760 0.806 0.719 0.758 0.706 0.750 0.777 0.762 0.696 0.748 0.766 0.750 0.737 0.724 0.738 0.791 0.775 0.754 0.790 0.748 0.744 0.789 0.693 0.719 0.633  
0.521 0.717 0.604 0.631 0.619 0.475 0.524 0.450 0.559 0.552 0.507 0.566 0.469 0.565 0.742 0.804 1.000 0.746 0.668 0.737 0.705 0.704 0.713 0.742 0.807 0.715 0.789 0.660 0.714 0.764 0.672 0.713 0.677 0.723 0.816 0.779 0.669 0.705 0.728 0.717 0.703 0.753 0.721 0.781 0.778 0.746 0.784 0.711 0.731 0.745 0.697 0.689 0.633  
0.510 0.725 0.598 0.634 0.597 0.472 0.503 0.438 0.544 0.544 0.484 0.555 0.453 0.578 0.747 0.769 0.755 1.000 0.674 0.884 0.710 0.721 0.705 0.742 0.758 0.719 0.721 0.669 0.710 0.747 0.673 0.767 0.673 0.727 0.713 0.708 0.665 0.709 0.722 0.727 0.708 0.704 0.718 0.740 0.738 0.716 0.742 0.696 0.694 0.728 0.689 0.687 0.618  
0.548 0.711 0.602 0.637 0.579 0.478 0.536 0.476 0.575 0.558 0.506 0.586 0.475 0.561 0.728 0.699 0.677 0.675 1.000 0.666 0.766 0.736 0.829 0.813 0.728 0.864 0.709 0.811 0.712 0.731 0.822 0.698 0.724 0.801 0.680 0.707 0.712 0.859 0.770 0.685 0.840 0.655 0.745 0.745 0.755 0.713 0.726 0.675 0.678 0.758 0.668 0.714 0.619  
0.512 0.709 0.587 0.618 0.591 0.466 0.508 0.440 0.539 0.541 0.488 0.549 0.450 0.569 0.756 0.765 0.747 0.885 0.666 1.000 0.699 0.714 0.709 0.721 0.753 0.705 0.725 0.645 0.715 0.751 0.669 0.736 0.654 0.701 0.711 0.688 0.648 0.704 0.704 0.708 0.696 0.689 0.704 0.735 0.727 0.703 0.741 0.687 0.679 0.720 0.672 0.662 0.604  
0.534 0.704 0.633 0.631 0.595 0.463 0.526 0.461 0.587 0.562 0.500 0.590 0.479 0.553 0.717 0.720 0.699 0.696 0.750 0.684 1.000 0.722 0.763 0.801 0.754 0.788 0.706 0.762 0.699 0.721 0.749 0.702 0.837 0.872 0.691 0.709 0.820 0.782 0.877 0.695 0.762 0.664 0.742 0.743 0.769 0.740 0.738 0.692 0.677 0.753 0.689 0.703 0.614  
0.523 0.735 0.609 0.653 0.589 0.485 0.517 0.461 0.544 0.533 0.483 0.568 0.468 0.592 0.765 0.735 0.705 0.713 0.728 0.706 0.729 1.000 0.791 0.744 0.764 0.774 0.706 0.727 0.733 0.725 0.746 0.714 0.694 0.758 0.669 0.723 0.686 0.779 0.740 0.708 0.762 0.665 0.727 0.748 0.760 0.731 0.753 0.735 0.731 0.741 0.675 0.707 0.627  
0.527 0.736 0.585 0.625 0.573 0.466 0.517 0.450 0.548 0.532 0.490 0.559 0.464 0.555 0.764 0.722 0.706 0.690 0.811 0.693 0.763 0.783 1.000 0.788 0.747 0.875 0.721 0.810 0.755 0.757 0.819 0.711 0.723 0.798 0.697 0.735 0.709 0.846 0.777 0.714 0.836 0.697 0.739 0.763 0.760 0.722 0.740 0.703 0.701 0.773 0.663 0.701 0.601  
0.566 0.772 0.646 0.692 0.655 0.506 0.569 0.494 0.614 0.589 0.529 0.627 0.503 0.577 0.763 0.747 0.736 0.726 0.796 0.705 0.800 0.735 0.788 1.000 0.799 0.817 0.742 0.794 0.743 0.741 0.772 0.725 0.784 0.841 0.720 0.720 0.773 0.801 0.798 0.703 0.804 0.678 0.834 0.810 0.836 0.809 0.804 0.738 0.731 0.789 0.726 0.742 0.670  
0.545 0.754 0.632 0.681 0.651 0.493 0.548 0.471 0.590 0.567 0.518 0.599 0.489 0.585 0.773 0.797 0.809 0.750 0.720 0.745 0.762 0.764 0.755 0.809 1.000 0.763 0.760 0.714 0.739 0.771 0.733 0.727 0.725 0.775 0.755 0.745 0.717 0.774 0.779 0.749 0.762 0.734 0.798 0.826 0.840 0.813 0.797 0.740 0.755 0.801 0.721 0.740 0.668  
0.545 0.741 0.616 0.648 0.594 0.483 0.536 0.470 0.569 0.551 0.502 0.574 0.479 0.572 0.758 0.730 0.711 0.706 0.848 0.692 0.790 0.768 0.878 0.820 0.758 1.000 0.725 0.819 0.741 0.760 0.825 0.733 0.745 0.814 0.701 0.761 0.734 0.877 0.803 0.738 0.889 0.711 0.773 0.780 0.773 0.753 0.743 0.717 0.714 0.804 0.699 0.726 0.626  
0.507 0.699 0.593 0.591 0.586 0.463 0.505 0.436 0.538 0.540 0.500 0.552 0.453 0.559 0.730 0.776 0.794 0.718 0.704 0.720 0.717 0.709 0.733 0.754 0.763 0.734 1.000 0.679 0.694 0.785 0.690 0.734 0.700 0.740 0.830 0.773 0.695 0.725 0.720 0.692 0.720 0.721 0.721 0.744 0.745 0.713 0.791 0.701 0.712 0.745 0.668 0.671 0.595  
0.508 0.705 0.567 0.612 0.554 0.452 0.498 0.432 0.547 0.523 0.471 0.552 0.447 0.550 0.702 0.680 0.658 0.660 0.798 0.635 0.766 0.724 0.815 0.800 0.711 0.822 0.673 1.000 0.692 0.683 0.849 0.690 0.750 0.832 0.646 0.701 0.736 0.798 0.780 0.666 0.795 0.640 0.720 0.710 0.751 0.707 0.710 0.669 0.663 0.737 0.650 0.682 0.602  
0.539 0.810 0.596 0.642 0.608 0.474 0.533 0.469 0.563 0.550 0.502 0.571 0.482 0.564 0.830 0.760 0.723 0.710 0.712 0.715 0.714 0.740 0.771 0.759 0.747 0.755 0.698 0.703 1.000 0.738 0.714 0.696 0.684 0.732 0.700 0.696 0.673 0.747 0.741 0.676 0.756 0.650 0.730 0.770 0.741 0.726 0.752 0.731 0.756 0.781 0.662 0.706 0.617  
0.509 0.718 0.587 0.598 0.583 0.455 0.500 0.441 0.537 0.532 0.486 0.545 0.449 0.550 0.764 0.796 0.764 0.738 0.721 0.741 0.727 0.724 0.763 0.748 0.769 0.764 0.780 0.685 0.729 1.000 0.711 0.738 0.687 0.733 0.745 0.739 0.678 0.751 0.733 0.725 0.742 0.702 0.721 0.757 0.754 0.724 0.759 0.705 0.726 0.770 0.677 0.689 0.603  
0.530 0.697 0.585 0.614 0.565 0.462 0.515 0.452 0.553 0.539 0.489 0.560 0.457 0.552 0.711 0.712 0.673 0.667 0.813 0.661 0.757 0.746 0.828 0.781 0.733 0.831 0.686 0.853 0.706 0.712 1.000 0.679 0.713 0.796 0.673 0.707 0.702 0.859 0.773 0.688 0.809 0.665 0.726 0.730 0.739 0.704 0.714 0.669 0.677 0.790 0.652 0.675 0.593  
0.516 0.727 0.597 0.615 0.582 0.483 0.507 0.439 0.545 0.548 0.492 0.561 0.464 0.591 0.754 0.776 0.738 0.785 0.713 0.752 0.733 0.738 0.743 0.758 0.750 0.763 0.754 0.717 0.712 0.764 0.702 1.000 0.695 0.771 0.722 0.837 0.690 0.736 0.757 0.723 0.732 0.716 0.726 0.755 0.766 0.747 0.759 0.727 0.718 0.734 0.689 0.703 0.614  
0.515 0.684 0.646 0.641 0.617 0.453 0.517 0.463 0.572 0.535 0.476 0.581 0.452 0.526 0.691 0.688 0.667 0.656 0.704 0.636 0.832 0.683 0.720 0.781 0.714 0.739 0.685 0.741 0.666 0.678 0.702 0.662 1.000 0.849 0.662 0.679 0.977 0.725 0.823 0.650 0.723 0.622 0.713 0.711 0.753 0.713 0.721 0.645 0.662 0.714 0.666 0.672 0.612  
0.555 0.739 0.656 0.661 0.609 0.494 0.550 0.482 0.599 0.578 0.519 0.612 0.493 0.576 0.736 0.735 0.717 0.713 0.784 0.686 0.872 0.751 0.799 0.842 0.767 0.812 0.729 0.827 0.717 0.727 0.788 0.739 0.854 1.000 0.703 0.741 0.840 0.803 0.869 0.707 0.800 0.683 0.775 0.766 0.802 0.765 0.766 0.711 0.710 0.770 0.709 0.726 0.642  
0.529 0.700 0.607 0.612 0.616 0.467 0.521 0.450 0.568 0.567 0.514 0.567 0.466 0.557 0.729 0.781 0.831 0.716 0.683 0.714 0.709 0.679 0.715 0.739 0.766 0.717 0.838 0.659 0.703 0.758 0.683 0.710 0.683 0.721 1.000 0.748 0.679 0.700 0.736 0.685 0.706 0.735 0.706 0.760 0.746 0.726 0.772 0.697 0.715 0.739 0.681 0.672 0.610  
0.505 0.721 0.600 0.593 0.576 0.475 0.509 0.439 0.536 0.533 0.488 0.550 0.456 0.572 0.733 0.765 0.791 0.710 0.709 0.690 0.726 0.733 0.753 0.739 0.755 0.777 0.781 0.714 0.699 0.751 0.717 0.821 0.699 0.759 0.747 1.000 0.694 0.744 0.742 0.734 0.728 0.755 0.716 0.736 0.757 0.727 0.757 0.735 0.732 0.754 0.671 0.702 0.603  
0.514 0.676 0.651 0.634 0.619 0.452 0.514 0.465 0.573 0.534 0.475 0.577 0.451 0.521 0.684 0.679 0.660 0.648 0.693 0.631 0.815 0.676 0.706 0.770 0.706 0.728 0.681 0.728 0.655 0.669 0.691 0.657 0.977 0.835 0.659 0.674 1.000 0.712 0.807 0.643 0.712 0.617 0.705 0.702 0.750 0.708 0.715 0.638 0.659 0.707 0.664 0.667 0.614  
0.543 0.731 0.621 0.650 0.594 0.479 0.533 0.466 0.554 0.543 0.498 0.572 0.471 0.569 0.759 0.737 0.703 0.699 0.846 0.693 0.786 0.775 0.853 0.807 0.771 0.880 0.719 0.798 0.736 0.750 0.856 0.710 0.733 0.808 0.687 0.731 0.720 1.000 0.802 0.719 0.874 0.673 0.758 0.777 0.764 0.738 0.739 0.704 0.709 0.793 0.682 0.705 0.619  
0.541 0.724 0.639 0.653 0.600 0.476 0.533 0.468 0.598 0.576 0.511 0.592 0.483 0.567 0.741 0.747 0.719 0.704 0.750 0.686 0.873 0.729 0.774 0.795 0.767 0.796 0.706 0.772 0.722 0.724 0.762 0.722 0.824 0.865 0.714 0.721 0.807 0.793 1.000 0.704 0.779 0.692 0.748 0.778 0.780 0.753 0.732 0.702 0.697 0.764 0.695 0.710 0.631  
0.495 0.696 0.575 0.612 0.571 0.465 0.492 0.425 0.536 0.525 0.473 0.549 0.456 0.561 0.721 0.756 0.731 0.732 0.690 0.712 0.714 0.720 0.735 0.723 0.762 0.756 0.701 0.680 0.680 0.739 0.700 0.712 0.672 0.727 0.687 0.736 0.664 0.734 0.728 1.000 0.713 0.762 0.709 0.729 0.739 0.736 0.712 0.713 0.691 0.742 0.662 0.698 0.605  
0.541 0.733 0.608 0.657 0.597 0.468 0.531 0.461 0.558 0.539 0.494 0.567 0.467 0.566 0.752 0.724 0.699 0.696 0.826 0.683 0.764 0.757 0.839 0.807 0.756 0.889 0.712 0.793 0.743 0.738 0.804 0.703 0.730 0.802 0.690 0.713 0.718 0.871 0.786 0.696 1.000 0.662 0.768 0.790 0.771 0.746 0.747 0.706 0.713 0.799 0.689 0.720 0.625  
0.490 0.667 0.560 0.581 0.560 0.463 0.486 0.416 0.529 0.520 0.476 0.530 0.448 0.540 0.679 0.727 0.765 0.708 0.657 0.691 0.681 0.675 0.715 0.696 0.745 0.727 0.728 0.652 0.653 0.714 0.675 0.703 0.641 0.700 0.735 0.756 0.635 0.685 0.713 0.760 0.676 1.000 0.678 0.703 0.717 0.701 0.700 0.662 0.678 0.712 0.642 0.653 0.578  
0.545 0.745 0.658 0.692 0.652 0.495 0.561 0.484 0.591 0.567 0.519 0.610 0.492 0.589 0.746 0.729 0.721 0.709 0.736 0.694 0.748 0.725 0.745 0.842 0.797 0.777 0.717 0.722 0.721 0.721 0.725 0.702 0.723 0.782 0.694 0.704 0.714 0.760 0.758 0.695 0.772 0.667 1.000 0.811 0.832 0.884 0.791 0.786 0.762 0.764 0.756 0.756 0.685  
0.546 0.761 0.633 0.686 0.650 0.495 0.547 0.471 0.592 0.577 0.523 0.598 0.493 0.595 0.780 0.774 0.773 0.724 0.728 0.718 0.741 0.739 0.762 0.809 0.816 0.777 0.732 0.705 0.752 0.750 0.722 0.722 0.713 0.764 0.740 0.717 0.705 0.770 0.781 0.708 0.786 0.685 0.802 1.000 0.823 0.813 0.806 0.750 0.772 0.773 0.727 0.731 0.660  
0.549 0.764 0.641 0.683 0.656 0.497 0.549 0.479 0.598 0.572 0.518 0.613 0.493 0.592 0.755 0.762 0.774 0.725 0.742 0.714 0.771 0.755 0.763 0.840 0.834 0.773 0.736 0.749 0.728 0.750 0.734 0.736 0.760 0.804 0.730 0.741 0.757 0.762 0.787 0.721 0.771 0.702 0.828 0.827 1.000 0.848 0.819 0.743 0.763 0.781 0.754 0.760 0.694  
0.546 0.743 0.663 0.692 0.659 0.498 0.552 0.480 0.587 0.569 0.515 0.603 0.491 0.598 0.747 0.744 0.745 0.706 0.703 0.692 0.745 0.728 0.727 0.815 0.810 0.756 0.707 0.707 0.716 0.723 0.702 0.721 0.722 0.770 0.713 0.714 0.717 0.739 0.761 0.721 0.748 0.688 0.882 0.820 0.850 1.000 0.785 0.811 0.797 0.756 0.760 0.772 0.693  
0.529 0.768 0.605 0.640 0.612 0.479 0.522 0.460 0.564 0.553 0.506 0.577 0.473 0.570 0.787 0.773 0.777 0.726 0.710 0.724 0.737 0.744 0.740 0.804 0.788 0.740 0.779 0.705 0.735 0.752 0.706 0.727 0.724 0.765 0.751 0.738 0.718 0.734 0.735 0.692 0.743 0.682 0.783 0.806 0.816 0.779 1.000 0.755 0.746 0.769 0.699 0.717 0.636  
0.534 0.753 0.618 0.651 0.611 0.490 0.534 0.463 0.571 0.566 0.506 0.581 0.482 0.600 0.777 0.750 0.722 0.698 0.676 0.688 0.708 0.744 0.720 0.756 0.749 0.732 0.707 0.681 0.732 0.716 0.678 0.712 0.663 0.727 0.695 0.734 0.656 0.716 0.722 0.710 0.719 0.660 0.797 0.768 0.758 0.824 0.773 1.000 0.759 0.754 0.703 0.743 0.640  
0.526 0.779 0.618 0.621 0.604 0.472 0.529 0.462 0.543 0.539 0.501 0.558 0.462 0.562 0.747 0.730 0.725 0.681 0.664 0.665 0.677 0.724 0.702 0.732 0.747 0.712 0.702 0.659 0.740 0.721 0.671 0.688 0.666 0.710 0.698 0.715 0.662 0.705 0.701 0.672 0.711 0.662 0.756 0.774 0.761 0.793 0.747 0.742 1.000 0.743 0.675 0.735 0.605  
0.537 0.765 0.607 0.651 0.614 0.471 0.529 0.459 0.567 0.551 0.499 0.565 0.469 0.561 0.773 0.777 0.743 0.718 0.747 0.709 0.757 0.738 0.778 0.794 0.797 0.806 0.738 0.737 0.770 0.768 0.786 0.707 0.723 0.775 0.725 0.740 0.715 0.793 0.772 0.727 0.801 0.698 0.762 0.779 0.783 0.755 0.774 0.742 0.747 1.000 0.688 0.739 0.639  
0.530 0.704 0.660 0.693 0.650 0.483 0.532 0.460 0.582 0.560 0.496 0.585 0.477 0.582 0.713 0.709 0.722 0.705 0.683 0.687 0.719 0.697 0.693 0.758 0.745 0.727 0.687 0.674 0.677 0.700 0.674 0.689 0.699 0.740 0.693 0.683 0.696 0.708 0.729 0.673 0.717 0.654 0.782 0.760 0.785 0.788 0.730 0.717 0.704 0.713 1.000 0.749 0.726  
0.539 0.754 0.643 0.680 0.639 0.487 0.541 0.476 0.580 0.559 0.496 0.588 0.486 0.580 0.749 0.727 0.705 0.694 0.721 0.668 0.725 0.721 0.723 0.766 0.755 0.747 0.681 0.699 0.713 0.705 0.689 0.695 0.697 0.749 0.676 0.707 0.691 0.723 0.735 0.700 0.740 0.657 0.773 0.755 0.781 0.791 0.740 0.749 0.757 0.758 0.740 1.000 0.673  
0.514 0.667 0.618 0.667 0.644 0.457 0.518 0.455 0.566 0.536 0.481 0.580 0.466 0.560 0.662 0.658 0.665 0.642 0.643 0.626 0.651 0.658 0.637 0.711 0.701 0.661 0.621 0.635 0.641 0.634 0.622 0.623 0.652 0.680 0.630 0.624 0.655 0.652 0.673 0.624 0.660 0.598 0.721 0.701 0.733 0.730 0.674 0.663 0.641 0.673 0.738 0.692 1.000  
