1.000 0.306 0.273 0.240 0.296 0.484 0.325 0.309 0.312 0.245 0.313 0.298 0.237 0.263 0.259 0.200 0.183 0.272 0.258 0.245 0.163  
0.261 1.000 0.550 0.536 0.194 0.210 0.716 0.694 0.645 0.608 0.683 0.743 0.464 0.657 0.538 0.359 0.261 0.571 0.517 0.568 0.321  
0.237 0.560 1.000 0.637 0.153 0.173 0.531 0.539 0.599 0.494 0.491 0.470 0.388 0.645 0.772 0.456 0.413 0.755 0.622 0.715 0.357  
0.210 0.550 0.642 1.000 0.150 0.166 0.510 0.523 0.532 0.473 0.452 0.464 0.358 0.573 0.644 0.478 0.312 0.636 0.903 0.626 0.368  
0.312 0.240 0.186 0.181 1.000 0.404 0.234 0.247 0.219 0.190 0.223 0.210 0.186 0.198 0.180 0.140 0.125 0.181 0.189 0.190 0.102  
0.493 0.252 0.204 0.194 0.390 1.000 0.268 0.277 0.252 0.203 0.250 0.240 0.201 0.219 0.192 0.166 0.134 0.197 0.202 0.196 0.134  
0.276 0.712 0.520 0.495 0.188 0.223 1.000 0.732 0.681 0.654 0.627 0.672 0.502 0.605 0.506 0.369 0.257 0.532 0.496 0.523 0.340  
0.261 0.687 0.524 0.505 0.197 0.229 0.728 1.000 0.716 0.613 0.648 0.629 0.501 0.639 0.520 0.375 0.296 0.567 0.508 0.560 0.341  
0.263 0.638 0.583 0.513 0.175 0.209 0.677 0.716 1.000 0.559 0.604 0.634 0.468 0.711 0.562 0.373 0.295 0.624 0.514 0.606 0.347  
0.216 0.629 0.502 0.477 0.158 0.176 0.680 0.641 0.584 1.000 0.561 0.546 0.435 0.574 0.513 0.376 0.264 0.536 0.479 0.518 0.336  
0.272 0.698 0.493 0.451 0.184 0.214 0.644 0.669 0.623 0.554 1.000 0.625 0.516 0.594 0.467 0.318 0.261 0.510 0.450 0.490 0.274  
0.262 0.767 0.477 0.467 0.175 0.207 0.697 0.656 0.661 0.545 0.632 1.000 0.463 0.587 0.465 0.311 0.245 0.502 0.459 0.484 0.297  
0.215 0.495 0.406 0.372 0.160 0.180 0.538 0.540 0.505 0.449 0.539 0.478 1.000 0.527 0.401 0.232 0.177 0.439 0.371 0.432 0.193  
0.224 0.657 0.633 0.558 0.159 0.183 0.607 0.645 0.718 0.554 0.581 0.568 0.493 1.000 0.627 0.389 0.303 0.696 0.544 0.652 0.364  
0.228 0.555 0.782 0.647 0.150 0.165 0.524 0.541 0.586 0.511 0.472 0.465 0.388 0.648 1.000 0.443 0.363 0.896 0.669 0.767 0.383  
0.176 0.371 0.463 0.481 0.117 0.143 0.382 0.392 0.389 0.375 0.321 0.311 0.224 0.402 0.444 1.000 0.380 0.429 0.486 0.420 0.413  
0.167 0.280 0.434 0.326 0.108 0.120 0.276 0.320 0.319 0.273 0.273 0.254 0.177 0.325 0.376 0.394 1.000 0.374 0.340 0.359 0.426  
0.238 0.586 0.762 0.636 0.150 0.169 0.549 0.588 0.647 0.532 0.512 0.499 0.422 0.715 0.892 0.426 0.359 1.000 0.658 0.785 0.378  
0.228 0.534 0.632 0.910 0.157 0.174 0.515 0.530 0.536 0.479 0.455 0.460 0.359 0.563 0.671 0.487 0.328 0.663 1.000 0.653 0.370  
0.216 0.586 0.725 0.630 0.158 0.169 0.542 0.584 0.632 0.516 0.495 0.483 0.418 0.674 0.767 0.420 0.346 0.789 0.652 1.000 0.375  
0.148 0.342 0.375 0.383 0.088 0.120 0.364 0.367 0.374 0.347 0.286 0.307 0.193 0.389 0.396 0.426 0.425 0.393 0.382 0.387 1.000  
