1.000 0.699 0.967 0.939 0.900 0.937 0.837 0.818 0.829 0.829 0.809 0.861 0.830 0.825 0.820 0.898 0.897 0.965 0.852 0.872 0.819 0.814 0.838 0.824 0.826 0.705 0.845 0.848 0.842 0.821 0.865 0.854 0.880 0.801 0.873 0.814 0.812 0.798 0.815 0.789 0.812 0.822 0.774 0.729 0.742 0.821 0.765 0.871 0.827 0.755 0.826 0.724 0.826 0.736  
0.711 1.000 0.712 0.715 0.701 0.705 0.708 0.694 0.711 0.712 0.696 0.673 0.711 0.687 0.670 0.725 0.692 0.709 0.712 0.701 0.700 0.661 0.703 0.702 0.708 0.728 0.718 0.729 0.710 0.673 0.731 0.701 0.741 0.734 0.724 0.682 0.685 0.663 0.710 0.687 0.692 0.716 0.708 0.620 0.650 0.714 0.634 0.724 0.669 0.670 0.708 0.653 0.720 0.611  
0.966 0.700 1.000 0.940 0.891 0.944 0.835 0.821 0.831 0.825 0.815 0.860 0.833 0.822 0.817 0.897 0.890 0.957 0.861 0.873 0.824 0.820 0.835 0.828 0.828 0.705 0.842 0.846 0.834 0.814 0.858 0.848 0.875 0.793 0.866 0.813 0.812 0.800 0.812 0.791 0.809 0.823 0.776 0.720 0.742 0.824 0.755 0.869 0.822 0.755 0.831 0.723 0.817 0.741  
0.944 0.707 0.945 1.000 0.904 0.931 0.838 0.824 0.831 0.831 0.817 0.857 0.832 0.826 0.816 0.903 0.910 0.945 0.856 0.866 0.818 0.804 0.834 0.825 0.824 0.709 0.849 0.857 0.836 0.821 0.873 0.852 0.888 0.810 0.884 0.813 0.812 0.793 0.826 0.800 0.816 0.835 0.785 0.731 0.749 0.834 0.765 0.871 0.815 0.756 0.841 0.734 0.841 0.724  
0.908 0.696 0.900 0.908 1.000 0.915 0.838 0.822 0.831 0.833 0.817 0.838 0.830 0.834 0.816 0.903 0.879 0.904 0.866 0.862 0.818 0.802 0.829 0.824 0.826 0.695 0.850 0.858 0.833 0.798 0.858 0.842 0.887 0.790 0.857 0.813 0.811 0.795 0.817 0.801 0.816 0.833 0.783 0.724 0.748 0.840 0.752 0.857 0.820 0.747 0.836 0.736 0.818 0.722  
0.942 0.696 0.949 0.930 0.911 1.000 0.823 0.805 0.817 0.813 0.798 0.835 0.816 0.811 0.806 0.883 0.878 0.941 0.850 0.863 0.812 0.809 0.822 0.811 0.813 0.698 0.826 0.837 0.827 0.808 0.845 0.840 0.871 0.784 0.855 0.803 0.802 0.791 0.807 0.771 0.803 0.814 0.767 0.705 0.741 0.819 0.740 0.866 0.821 0.745 0.823 0.719 0.815 0.742  
0.838 0.696 0.836 0.834 0.831 0.820 1.000 0.922 0.954 0.980 0.943 0.775 0.966 0.890 0.882 0.844 0.806 0.827 0.881 0.804 0.912 0.842 0.936 0.947 0.931 0.674 0.809 0.809 0.801 0.766 0.811 0.784 0.841 0.788 0.817 0.897 0.900 0.871 0.841 0.773 0.849 0.792 0.781 0.693 0.788 0.851 0.722 0.811 0.847 0.802 0.862 0.707 0.804 0.694  
0.821 0.685 0.824 0.823 0.818 0.804 0.925 1.000 0.901 0.918 0.938 0.778 0.919 0.884 0.891 0.836 0.789 0.815 0.860 0.804 0.876 0.832 0.916 0.916 0.911 0.666 0.802 0.798 0.799 0.764 0.805 0.785 0.830 0.777 0.811 0.897 0.900 0.841 0.824 0.770 0.828 0.781 0.767 0.684 0.785 0.842 0.708 0.789 0.826 0.810 0.859 0.703 0.786 0.684  
0.831 0.701 0.834 0.828 0.826 0.815 0.955 0.899 1.000 0.959 0.929 0.765 0.961 0.879 0.885 0.836 0.802 0.822 0.888 0.799 0.909 0.843 0.933 0.949 0.931 0.676 0.808 0.804 0.799 0.765 0.807 0.780 0.836 0.782 0.816 0.898 0.895 0.874 0.838 0.774 0.833 0.785 0.781 0.696 0.776 0.850 0.720 0.816 0.849 0.798 0.856 0.705 0.798 0.697  
0.830 0.700 0.826 0.827 0.826 0.810 0.979 0.915 0.957 1.000 0.942 0.768 0.970 0.886 0.874 0.838 0.799 0.818 0.878 0.799 0.909 0.831 0.927 0.940 0.924 0.672 0.804 0.806 0.796 0.761 0.806 0.779 0.836 0.783 0.812 0.887 0.891 0.860 0.831 0.770 0.841 0.786 0.774 0.691 0.779 0.847 0.717 0.802 0.835 0.802 0.854 0.707 0.796 0.685  
0.811 0.686 0.817 0.814 0.812 0.796 0.944 0.937 0.929 0.944 1.000 0.767 0.945 0.875 0.866 0.833 0.785 0.807 0.868 0.804 0.874 0.822 0.909 0.932 0.916 0.661 0.794 0.798 0.795 0.752 0.801 0.773 0.827 0.775 0.804 0.871 0.875 0.837 0.816 0.765 0.825 0.778 0.760 0.686 0.781 0.832 0.709 0.792 0.817 0.810 0.845 0.698 0.785 0.683  
0.861 0.662 0.860 0.852 0.830 0.831 0.774 0.775 0.763 0.768 0.765 1.000 0.770 0.774 0.776 0.850 0.834 0.843 0.790 0.864 0.754 0.743 0.778 0.770 0.772 0.673 0.795 0.810 0.844 0.843 0.820 0.858 0.839 0.756 0.813 0.773 0.770 0.758 0.743 0.748 0.755 0.769 0.714 0.657 0.713 0.782 0.693 0.809 0.753 0.723 0.782 0.662 0.758 0.761  
0.830 0.699 0.833 0.828 0.823 0.812 0.965 0.915 0.959 0.970 0.943 0.770 1.000 0.883 0.879 0.836 0.799 0.822 0.880 0.802 0.907 0.834 0.923 0.951 0.931 0.671 0.804 0.804 0.798 0.762 0.804 0.781 0.836 0.780 0.815 0.886 0.889 0.858 0.831 0.775 0.834 0.784 0.776 0.691 0.780 0.844 0.714 0.805 0.841 0.804 0.851 0.704 0.796 0.688  
0.831 0.680 0.828 0.826 0.831 0.812 0.895 0.887 0.883 0.891 0.878 0.779 0.888 1.000 0.902 0.852 0.798 0.820 0.898 0.814 0.881 0.815 0.910 0.899 0.920 0.670 0.818 0.820 0.836 0.793 0.818 0.801 0.853 0.800 0.832 0.897 0.904 0.864 0.807 0.778 0.855 0.781 0.752 0.703 0.785 0.858 0.731 0.810 0.819 0.794 0.843 0.685 0.797 0.709  
0.826 0.663 0.823 0.817 0.814 0.808 0.887 0.894 0.889 0.879 0.870 0.781 0.885 0.902 1.000 0.824 0.792 0.817 0.862 0.805 0.867 0.835 0.924 0.900 0.915 0.658 0.808 0.802 0.816 0.786 0.800 0.798 0.835 0.793 0.823 0.951 0.934 0.884 0.793 0.765 0.831 0.753 0.751 0.689 0.791 0.829 0.719 0.808 0.832 0.789 0.823 0.667 0.777 0.718  
0.900 0.715 0.899 0.900 0.896 0.881 0.845 0.834 0.836 0.840 0.833 0.852 0.837 0.848 0.820 1.000 0.867 0.893 0.871 0.911 0.821 0.799 0.842 0.828 0.833 0.692 0.857 0.875 0.850 0.804 0.886 0.850 0.911 0.827 0.869 0.826 0.823 0.801 0.823 0.806 0.816 0.847 0.772 0.727 0.762 0.847 0.759 0.879 0.812 0.771 0.846 0.739 0.837 0.725  
0.912 0.692 0.905 0.920 0.886 0.888 0.818 0.799 0.814 0.812 0.796 0.848 0.812 0.806 0.800 0.879 1.000 0.906 0.838 0.850 0.803 0.796 0.812 0.805 0.807 0.687 0.849 0.854 0.821 0.802 0.860 0.834 0.878 0.792 0.860 0.798 0.795 0.779 0.822 0.800 0.793 0.836 0.783 0.732 0.732 0.824 0.764 0.862 0.814 0.731 0.828 0.744 0.830 0.715  
0.966 0.698 0.959 0.941 0.897 0.938 0.827 0.813 0.821 0.818 0.806 0.844 0.823 0.816 0.813 0.893 0.893 1.000 0.844 0.855 0.811 0.809 0.825 0.817 0.820 0.706 0.840 0.847 0.829 0.814 0.857 0.851 0.876 0.793 0.867 0.804 0.802 0.790 0.818 0.786 0.806 0.821 0.776 0.718 0.747 0.828 0.760 0.858 0.821 0.759 0.834 0.727 0.814 0.735  
0.856 0.704 0.865 0.855 0.862 0.850 0.884 0.860 0.889 0.881 0.870 0.793 0.884 0.896 0.860 0.873 0.828 0.847 1.000 0.846 0.888 0.823 0.887 0.885 0.888 0.695 0.849 0.847 0.843 0.804 0.851 0.820 0.878 0.801 0.849 0.865 0.866 0.851 0.842 0.802 0.850 0.817 0.777 0.715 0.783 0.881 0.739 0.855 0.827 0.783 0.873 0.727 0.825 0.737  
0.872 0.690 0.873 0.862 0.854 0.858 0.803 0.801 0.797 0.798 0.802 0.864 0.802 0.808 0.799 0.909 0.836 0.854 0.842 1.000 0.788 0.777 0.809 0.802 0.801 0.671 0.837 0.853 0.849 0.803 0.868 0.838 0.888 0.803 0.846 0.796 0.794 0.778 0.773 0.780 0.774 0.806 0.742 0.691 0.731 0.818 0.726 0.860 0.780 0.742 0.817 0.698 0.795 0.735  
0.826 0.693 0.831 0.820 0.817 0.814 0.918 0.879 0.913 0.915 0.878 0.759 0.913 0.882 0.868 0.825 0.796 0.816 0.891 0.794 1.000 0.833 0.909 0.914 0.911 0.674 0.798 0.795 0.790 0.759 0.798 0.772 0.824 0.778 0.810 0.876 0.884 0.843 0.825 0.769 0.837 0.771 0.765 0.691 0.777 0.858 0.713 0.808 0.832 0.790 0.847 0.697 0.784 0.693  
0.839 0.670 0.846 0.824 0.819 0.830 0.867 0.855 0.867 0.856 0.845 0.766 0.860 0.834 0.855 0.822 0.807 0.833 0.844 0.801 0.852 1.000 0.871 0.865 0.868 0.666 0.808 0.800 0.793 0.764 0.802 0.786 0.834 0.777 0.815 0.851 0.850 0.824 0.821 0.769 0.801 0.774 0.774 0.692 0.750 0.816 0.720 0.817 0.936 0.760 0.822 0.694 0.781 0.696  
0.840 0.693 0.837 0.831 0.823 0.819 0.937 0.914 0.933 0.929 0.909 0.780 0.925 0.906 0.920 0.843 0.801 0.825 0.885 0.811 0.904 0.847 1.000 0.941 0.947 0.671 0.811 0.804 0.808 0.780 0.809 0.792 0.838 0.792 0.823 0.945 0.943 0.897 0.824 0.770 0.855 0.780 0.771 0.693 0.806 0.848 0.722 0.816 0.842 0.816 0.846 0.692 0.803 0.706  
0.825 0.692 0.829 0.821 0.818 0.808 0.947 0.914 0.948 0.941 0.931 0.771 0.952 0.894 0.895 0.828 0.793 0.816 0.882 0.803 0.908 0.840 0.940 1.000 0.951 0.666 0.797 0.797 0.797 0.768 0.797 0.781 0.829 0.774 0.811 0.905 0.909 0.870 0.824 0.768 0.838 0.774 0.768 0.685 0.791 0.848 0.710 0.806 0.840 0.816 0.848 0.689 0.790 0.698  
0.828 0.698 0.831 0.822 0.821 0.812 0.934 0.911 0.932 0.927 0.917 0.774 0.934 0.917 0.912 0.834 0.796 0.821 0.887 0.804 0.907 0.845 0.948 0.953 1.000 0.670 0.807 0.805 0.808 0.773 0.803 0.790 0.836 0.787 0.820 0.916 0.920 0.878 0.820 0.775 0.850 0.775 0.767 0.694 0.800 0.850 0.719 0.809 0.841 0.820 0.843 0.688 0.793 0.700  
0.714 0.725 0.714 0.715 0.698 0.704 0.682 0.672 0.683 0.680 0.668 0.681 0.680 0.674 0.662 0.699 0.685 0.714 0.701 0.680 0.678 0.655 0.678 0.674 0.677 1.000 0.705 0.713 0.709 0.694 0.713 0.724 0.723 0.689 0.716 0.664 0.664 0.654 0.686 0.712 0.681 0.691 0.692 0.642 0.623 0.693 0.653 0.714 0.664 0.644 0.689 0.642 0.691 0.621  
0.855 0.714 0.852 0.854 0.852 0.832 0.818 0.808 0.816 0.813 0.801 0.804 0.813 0.822 0.812 0.865 0.844 0.849 0.855 0.847 0.801 0.793 0.819 0.806 0.813 0.704 1.000 0.921 0.838 0.796 0.906 0.846 0.905 0.818 0.882 0.807 0.804 0.785 0.809 0.801 0.795 0.836 0.790 0.726 0.726 0.834 0.741 0.871 0.804 0.730 0.835 0.744 0.802 0.711  
0.856 0.724 0.854 0.860 0.857 0.840 0.816 0.803 0.810 0.813 0.803 0.817 0.812 0.822 0.804 0.881 0.847 0.854 0.851 0.861 0.796 0.783 0.810 0.803 0.810 0.710 0.919 1.000 0.859 0.800 0.912 0.853 0.932 0.831 0.895 0.801 0.798 0.784 0.808 0.801 0.790 0.862 0.796 0.729 0.724 0.837 0.751 0.880 0.798 0.737 0.836 0.755 0.813 0.718  
0.847 0.702 0.839 0.836 0.830 0.827 0.805 0.800 0.801 0.800 0.797 0.848 0.802 0.835 0.814 0.853 0.812 0.832 0.844 0.854 0.789 0.773 0.810 0.801 0.810 0.703 0.833 0.855 1.000 0.910 0.860 0.871 0.884 0.814 0.853 0.806 0.804 0.791 0.781 0.799 0.781 0.806 0.746 0.709 0.724 0.824 0.747 0.837 0.787 0.737 0.818 0.699 0.805 0.820  
0.824 0.665 0.817 0.820 0.794 0.807 0.768 0.764 0.766 0.763 0.753 0.846 0.765 0.791 0.784 0.806 0.791 0.816 0.804 0.806 0.756 0.744 0.781 0.770 0.773 0.688 0.790 0.795 0.909 1.000 0.813 0.879 0.826 0.772 0.824 0.779 0.778 0.766 0.759 0.745 0.771 0.749 0.711 0.667 0.708 0.788 0.708 0.803 0.750 0.708 0.786 0.651 0.775 0.827  
0.869 0.723 0.863 0.873 0.855 0.845 0.814 0.806 0.809 0.810 0.803 0.824 0.808 0.817 0.799 0.889 0.851 0.860 0.852 0.873 0.796 0.783 0.811 0.801 0.804 0.707 0.901 0.909 0.860 0.814 1.000 0.855 0.913 0.837 0.880 0.794 0.791 0.771 0.809 0.804 0.791 0.855 0.792 0.729 0.725 0.833 0.758 0.887 0.795 0.741 0.833 0.756 0.820 0.722  
0.857 0.692 0.851 0.850 0.837 0.839 0.786 0.784 0.781 0.781 0.774 0.861 0.783 0.799 0.796 0.852 0.823 0.853 0.820 0.841 0.769 0.765 0.793 0.783 0.791 0.717 0.839 0.848 0.869 0.879 0.853 1.000 0.867 0.793 0.880 0.788 0.783 0.774 0.777 0.785 0.789 0.784 0.743 0.702 0.724 0.802 0.739 0.855 0.775 0.731 0.803 0.684 0.788 0.758  
0.882 0.730 0.877 0.885 0.881 0.869 0.842 0.829 0.836 0.837 0.827 0.840 0.838 0.849 0.831 0.912 0.866 0.876 0.876 0.890 0.819 0.811 0.838 0.830 0.835 0.715 0.897 0.926 0.881 0.825 0.910 0.866 1.000 0.846 0.901 0.825 0.823 0.806 0.829 0.816 0.822 0.865 0.805 0.733 0.750 0.859 0.765 0.897 0.824 0.766 0.852 0.755 0.843 0.740  
0.812 0.732 0.805 0.816 0.794 0.791 0.799 0.784 0.791 0.793 0.784 0.766 0.791 0.806 0.798 0.837 0.789 0.803 0.809 0.815 0.783 0.764 0.801 0.784 0.795 0.690 0.820 0.835 0.821 0.780 0.844 0.801 0.856 1.000 0.838 0.788 0.787 0.764 0.774 0.780 0.768 0.771 0.758 0.739 0.728 0.790 0.768 0.827 0.771 0.739 0.783 0.670 0.809 0.689  
0.878 0.716 0.871 0.884 0.854 0.855 0.821 0.812 0.819 0.816 0.806 0.817 0.819 0.831 0.822 0.872 0.850 0.870 0.850 0.851 0.808 0.795 0.826 0.815 0.822 0.711 0.877 0.892 0.854 0.826 0.880 0.882 0.904 0.831 1.000 0.813 0.808 0.790 0.833 0.801 0.816 0.815 0.802 0.762 0.740 0.823 0.790 0.899 0.806 0.762 0.824 0.719 0.850 0.735  
0.820 0.676 0.820 0.814 0.812 0.806 0.903 0.900 0.903 0.894 0.876 0.779 0.892 0.899 0.952 0.831 0.791 0.809 0.868 0.802 0.876 0.832 0.950 0.911 0.920 0.660 0.804 0.799 0.808 0.782 0.796 0.792 0.830 0.783 0.814 1.000 0.977 0.916 0.802 0.754 0.836 0.766 0.752 0.680 0.802 0.836 0.708 0.808 0.831 0.787 0.834 0.676 0.786 0.709  
0.818 0.679 0.818 0.813 0.809 0.805 0.906 0.903 0.900 0.898 0.879 0.776 0.895 0.905 0.935 0.828 0.788 0.807 0.868 0.800 0.884 0.831 0.948 0.915 0.924 0.660 0.801 0.796 0.806 0.781 0.793 0.786 0.828 0.782 0.810 0.976 1.000 0.904 0.805 0.755 0.842 0.766 0.753 0.681 0.804 0.841 0.707 0.804 0.828 0.792 0.835 0.675 0.785 0.708  
0.803 0.657 0.806 0.794 0.793 0.793 0.876 0.844 0.877 0.865 0.841 0.763 0.863 0.865 0.884 0.805 0.771 0.794 0.853 0.784 0.843 0.805 0.901 0.875 0.881 0.649 0.781 0.782 0.792 0.768 0.772 0.776 0.810 0.759 0.791 0.915 0.903 1.000 0.777 0.733 0.808 0.746 0.733 0.662 0.788 0.816 0.689 0.786 0.814 0.780 0.814 0.652 0.761 0.697  
0.833 0.714 0.830 0.840 0.828 0.821 0.859 0.839 0.855 0.850 0.833 0.760 0.850 0.820 0.806 0.840 0.827 0.835 0.857 0.790 0.837 0.814 0.841 0.841 0.836 0.693 0.818 0.819 0.794 0.773 0.823 0.792 0.846 0.781 0.847 0.814 0.817 0.789 1.000 0.780 0.844 0.811 0.821 0.714 0.780 0.849 0.735 0.850 0.822 0.766 0.874 0.737 0.841 0.700  
0.809 0.693 0.811 0.816 0.813 0.786 0.791 0.786 0.791 0.788 0.783 0.767 0.794 0.792 0.779 0.825 0.807 0.805 0.818 0.799 0.783 0.764 0.788 0.786 0.792 0.720 0.811 0.814 0.814 0.760 0.820 0.802 0.835 0.789 0.817 0.767 0.768 0.746 0.782 1.000 0.760 0.791 0.756 0.756 0.705 0.798 0.769 0.809 0.776 0.724 0.793 0.711 0.781 0.683  
0.819 0.685 0.815 0.817 0.815 0.805 0.855 0.831 0.838 0.847 0.829 0.760 0.840 0.856 0.832 0.821 0.786 0.811 0.852 0.780 0.837 0.783 0.859 0.843 0.853 0.677 0.792 0.789 0.783 0.774 0.792 0.792 0.826 0.763 0.818 0.836 0.842 0.809 0.832 0.747 1.000 0.756 0.750 0.697 0.805 0.829 0.729 0.807 0.789 0.790 0.826 0.670 0.802 0.698  
0.834 0.714 0.835 0.842 0.837 0.822 0.802 0.789 0.794 0.797 0.787 0.780 0.795 0.787 0.759 0.858 0.834 0.831 0.825 0.818 0.776 0.761 0.789 0.785 0.783 0.692 0.839 0.866 0.813 0.757 0.863 0.792 0.876 0.771 0.822 0.771 0.771 0.752 0.805 0.783 0.762 1.000 0.783 0.700 0.705 0.811 0.725 0.829 0.780 0.714 0.816 0.807 0.806 0.681  
0.797 0.717 0.799 0.804 0.798 0.785 0.803 0.785 0.802 0.795 0.780 0.735 0.798 0.769 0.768 0.793 0.793 0.797 0.796 0.763 0.781 0.772 0.791 0.789 0.787 0.702 0.803 0.812 0.763 0.728 0.810 0.762 0.826 0.769 0.820 0.768 0.768 0.749 0.826 0.759 0.765 0.794 1.000 0.707 0.714 0.793 0.710 0.818 0.779 0.713 0.804 0.721 0.794 0.664  
0.749 0.626 0.739 0.747 0.737 0.721 0.711 0.699 0.713 0.709 0.702 0.674 0.709 0.717 0.703 0.745 0.739 0.736 0.731 0.709 0.705 0.690 0.710 0.703 0.710 0.650 0.737 0.742 0.724 0.683 0.745 0.718 0.751 0.748 0.778 0.693 0.694 0.675 0.717 0.757 0.710 0.709 0.706 1.000 0.656 0.705 0.897 0.751 0.704 0.678 0.703 0.634 0.753 0.612  
0.751 0.646 0.750 0.753 0.749 0.746 0.796 0.790 0.782 0.787 0.787 0.721 0.788 0.789 0.794 0.770 0.728 0.755 0.788 0.740 0.780 0.736 0.814 0.799 0.806 0.622 0.726 0.726 0.728 0.713 0.729 0.730 0.756 0.726 0.744 0.804 0.807 0.792 0.771 0.696 0.808 0.703 0.702 0.646 1.000 0.776 0.671 0.739 0.750 0.859 0.771 0.617 0.756 0.661  
0.832 0.712 0.835 0.841 0.843 0.826 0.862 0.850 0.859 0.858 0.841 0.792 0.855 0.864 0.834 0.856 0.822 0.838 0.889 0.829 0.863 0.802 0.858 0.859 0.858 0.693 0.835 0.841 0.831 0.796 0.839 0.810 0.869 0.790 0.829 0.841 0.846 0.821 0.841 0.789 0.834 0.810 0.782 0.696 0.778 1.000 0.719 0.822 0.809 0.773 0.947 0.723 0.803 0.708  
0.779 0.634 0.768 0.774 0.758 0.750 0.734 0.717 0.731 0.729 0.720 0.705 0.726 0.739 0.726 0.771 0.765 0.772 0.748 0.738 0.721 0.710 0.733 0.722 0.729 0.656 0.746 0.757 0.756 0.718 0.767 0.749 0.776 0.770 0.800 0.715 0.714 0.696 0.731 0.764 0.736 0.727 0.702 0.889 0.675 0.721 1.000 0.774 0.724 0.707 0.721 0.637 0.774 0.650  
0.880 0.719 0.878 0.875 0.858 0.870 0.819 0.794 0.822 0.810 0.798 0.818 0.813 0.813 0.811 0.886 0.857 0.865 0.860 0.869 0.810 0.801 0.823 0.813 0.815 0.712 0.870 0.881 0.841 0.809 0.891 0.861 0.905 0.824 0.903 0.810 0.806 0.789 0.840 0.797 0.810 0.826 0.803 0.739 0.738 0.820 0.768 1.000 0.814 0.744 0.823 0.735 0.841 0.761  
0.846 0.673 0.841 0.829 0.831 0.836 0.866 0.842 0.867 0.854 0.834 0.770 0.860 0.832 0.846 0.830 0.819 0.839 0.842 0.798 0.845 0.929 0.860 0.859 0.858 0.671 0.813 0.809 0.801 0.765 0.809 0.790 0.841 0.778 0.820 0.843 0.841 0.827 0.822 0.775 0.802 0.787 0.775 0.701 0.758 0.816 0.728 0.824 1.000 0.747 0.825 0.702 0.793 0.695  
0.759 0.662 0.759 0.756 0.744 0.745 0.805 0.811 0.800 0.805 0.813 0.727 0.808 0.794 0.788 0.774 0.723 0.762 0.784 0.746 0.788 0.742 0.819 0.820 0.821 0.639 0.726 0.734 0.737 0.710 0.741 0.732 0.768 0.733 0.762 0.785 0.790 0.779 0.753 0.710 0.788 0.708 0.697 0.664 0.854 0.767 0.699 0.740 0.734 1.000 0.761 0.629 0.761 0.663  
0.837 0.705 0.843 0.847 0.839 0.830 0.873 0.868 0.865 0.865 0.855 0.793 0.862 0.849 0.829 0.855 0.826 0.844 0.880 0.828 0.852 0.809 0.855 0.859 0.852 0.689 0.837 0.839 0.825 0.794 0.839 0.811 0.862 0.783 0.831 0.838 0.840 0.819 0.866 0.785 0.831 0.816 0.792 0.693 0.773 0.947 0.718 0.826 0.817 0.767 1.000 0.737 0.804 0.708  
0.753 0.668 0.753 0.760 0.758 0.744 0.734 0.728 0.731 0.735 0.724 0.689 0.732 0.708 0.689 0.767 0.761 0.755 0.752 0.726 0.719 0.700 0.718 0.716 0.713 0.659 0.765 0.778 0.723 0.675 0.782 0.709 0.783 0.687 0.743 0.697 0.697 0.674 0.750 0.721 0.692 0.828 0.729 0.642 0.634 0.742 0.651 0.757 0.713 0.651 0.757 1.000 0.723 0.618  
0.839 0.719 0.830 0.849 0.823 0.824 0.816 0.795 0.808 0.808 0.796 0.770 0.808 0.804 0.784 0.848 0.829 0.825 0.835 0.807 0.791 0.769 0.814 0.802 0.803 0.693 0.805 0.818 0.813 0.784 0.828 0.797 0.854 0.811 0.858 0.792 0.791 0.768 0.835 0.774 0.808 0.807 0.784 0.745 0.759 0.805 0.773 0.846 0.788 0.769 0.806 0.706 1.000 0.705  
0.752 0.613 0.757 0.735 0.730 0.754 0.708 0.695 0.710 0.699 0.696 0.777 0.703 0.720 0.728 0.739 0.718 0.750 0.749 0.750 0.702 0.689 0.719 0.712 0.712 0.626 0.718 0.726 0.832 0.841 0.733 0.771 0.753 0.694 0.746 0.718 0.717 0.707 0.699 0.680 0.708 0.685 0.659 0.608 0.668 0.713 0.652 0.769 0.694 0.674 0.713 0.606 0.709 1.000  
