1.000 0.192 0.243 0.190 0.281 0.263 0.260 0.376 0.422 0.368 0.373 0.397 0.368 0.398 0.352 0.236 0.182 0.185 0.154 0.187 0.140 0.148 0.134 0.242 0.230 0.152 0.131 0.208 0.191 0.221 0.148  
0.192 1.000 0.426 0.362 0.204 0.186 0.200 0.172 0.215 0.149 0.212 0.237 0.204 0.178 0.203 0.188 0.616 0.470 0.332 0.533 0.534 0.453 0.331 0.451 0.412 0.214 0.164 0.434 0.353 0.407 0.193  
0.244 0.428 1.000 0.384 0.216 0.196 0.210 0.236 0.327 0.202 0.262 0.325 0.280 0.257 0.259 0.172 0.356 0.307 0.374 0.322 0.312 0.267 0.236 0.606 0.704 0.238 0.180 0.632 0.368 0.600 0.200  
0.187 0.356 0.376 1.000 0.185 0.164 0.178 0.184 0.171 0.145 0.207 0.200 0.164 0.158 0.155 0.180 0.335 0.347 0.285 0.349 0.262 0.329 0.231 0.374 0.393 0.301 0.204 0.416 0.971 0.340 0.224  
0.282 0.205 0.216 0.189 1.000 0.508 0.539 0.281 0.268 0.260 0.301 0.282 0.311 0.262 0.276 0.310 0.191 0.227 0.151 0.197 0.179 0.206 0.155 0.210 0.187 0.157 0.122 0.179 0.188 0.191 0.159  
0.267 0.190 0.199 0.170 0.515 1.000 0.466 0.272 0.258 0.239 0.305 0.297 0.266 0.249 0.259 0.312 0.178 0.219 0.121 0.185 0.167 0.170 0.144 0.196 0.173 0.148 0.112 0.160 0.169 0.176 0.137  
0.261 0.200 0.210 0.182 0.538 0.459 1.000 0.274 0.244 0.253 0.284 0.262 0.258 0.253 0.265 0.321 0.193 0.224 0.138 0.198 0.188 0.193 0.160 0.200 0.182 0.139 0.113 0.175 0.180 0.187 0.154  
0.393 0.179 0.246 0.195 0.292 0.279 0.285 1.000 0.394 0.344 0.384 0.369 0.356 0.396 0.430 0.268 0.162 0.194 0.155 0.176 0.132 0.163 0.131 0.219 0.216 0.179 0.140 0.202 0.193 0.208 0.166  
0.454 0.232 0.351 0.187 0.287 0.273 0.262 0.406 1.000 0.374 0.361 0.421 0.448 0.465 0.414 0.244 0.190 0.178 0.180 0.193 0.176 0.152 0.132 0.284 0.305 0.158 0.127 0.267 0.187 0.294 0.164  
0.383 0.156 0.210 0.154 0.270 0.245 0.264 0.344 0.362 1.000 0.322 0.301 0.374 0.354 0.393 0.227 0.138 0.140 0.128 0.147 0.121 0.113 0.108 0.184 0.188 0.134 0.114 0.168 0.154 0.179 0.117  
0.378 0.215 0.265 0.213 0.304 0.304 0.288 0.373 0.340 0.313 1.000 0.583 0.356 0.390 0.377 0.270 0.177 0.202 0.162 0.189 0.147 0.161 0.151 0.265 0.234 0.180 0.129 0.207 0.210 0.230 0.160  
0.403 0.240 0.329 0.207 0.285 0.296 0.266 0.359 0.397 0.294 0.584 1.000 0.403 0.347 0.362 0.294 0.206 0.223 0.195 0.209 0.180 0.179 0.188 0.305 0.281 0.170 0.141 0.259 0.204 0.282 0.174  
0.385 0.213 0.292 0.174 0.324 0.274 0.270 0.357 0.436 0.376 0.367 0.415 1.000 0.420 0.425 0.262 0.180 0.187 0.175 0.177 0.165 0.151 0.128 0.252 0.252 0.142 0.118 0.231 0.175 0.243 0.146  
0.417 0.187 0.268 0.169 0.273 0.256 0.264 0.397 0.453 0.356 0.403 0.358 0.421 1.000 0.462 0.257 0.174 0.175 0.166 0.174 0.139 0.150 0.106 0.221 0.226 0.161 0.118 0.207 0.170 0.211 0.148  
0.363 0.209 0.267 0.162 0.284 0.262 0.272 0.425 0.396 0.389 0.383 0.368 0.419 0.455 1.000 0.230 0.186 0.187 0.169 0.187 0.155 0.166 0.113 0.210 0.219 0.158 0.112 0.201 0.163 0.202 0.137  
0.247 0.196 0.180 0.192 0.323 0.321 0.335 0.268 0.237 0.228 0.279 0.303 0.262 0.257 0.234 1.000 0.192 0.225 0.155 0.202 0.177 0.195 0.151 0.182 0.169 0.183 0.125 0.164 0.193 0.179 0.153  
0.180 0.610 0.351 0.337 0.188 0.173 0.191 0.154 0.175 0.131 0.173 0.201 0.171 0.164 0.179 0.181 1.000 0.530 0.377 0.504 0.469 0.420 0.325 0.390 0.364 0.234 0.165 0.391 0.338 0.348 0.206  
0.182 0.463 0.302 0.348 0.223 0.212 0.221 0.183 0.163 0.133 0.196 0.216 0.176 0.165 0.179 0.212 0.528 1.000 0.382 0.446 0.436 0.447 0.349 0.363 0.308 0.268 0.210 0.319 0.346 0.311 0.245  
0.156 0.335 0.377 0.293 0.151 0.120 0.139 0.150 0.169 0.124 0.161 0.194 0.168 0.160 0.166 0.150 0.385 0.391 1.000 0.338 0.335 0.318 0.246 0.439 0.377 0.222 0.172 0.439 0.290 0.400 0.198  
0.190 0.541 0.326 0.360 0.199 0.185 0.201 0.171 0.182 0.143 0.189 0.209 0.172 0.169 0.184 0.196 0.517 0.459 0.339 1.000 0.430 0.431 0.298 0.346 0.340 0.221 0.174 0.363 0.361 0.333 0.209  
0.142 0.541 0.315 0.270 0.181 0.166 0.190 0.128 0.165 0.118 0.146 0.180 0.160 0.135 0.152 0.171 0.480 0.448 0.336 0.429 1.000 0.417 0.371 0.339 0.299 0.181 0.150 0.322 0.266 0.314 0.156  
0.146 0.448 0.264 0.331 0.203 0.165 0.190 0.155 0.140 0.107 0.158 0.174 0.142 0.141 0.159 0.184 0.420 0.448 0.312 0.420 0.408 1.000 0.277 0.288 0.260 0.217 0.165 0.270 0.328 0.259 0.208  
0.137 0.341 0.243 0.242 0.159 0.146 0.165 0.129 0.127 0.107 0.153 0.190 0.126 0.104 0.113 0.149 0.338 0.364 0.250 0.303 0.377 0.288 1.000 0.266 0.220 0.135 0.110 0.253 0.235 0.230 0.122  
0.247 0.460 0.616 0.388 0.213 0.196 0.203 0.213 0.269 0.180 0.266 0.306 0.245 0.215 0.208 0.177 0.402 0.375 0.443 0.347 0.341 0.296 0.264 1.000 0.522 0.221 0.176 0.568 0.375 0.537 0.206  
0.231 0.414 0.704 0.401 0.187 0.170 0.182 0.208 0.284 0.181 0.232 0.277 0.241 0.216 0.213 0.162 0.369 0.314 0.375 0.336 0.297 0.264 0.215 0.514 1.000 0.230 0.176 0.632 0.417 0.727 0.194  
0.156 0.220 0.243 0.314 0.160 0.149 0.143 0.176 0.151 0.131 0.182 0.172 0.139 0.157 0.158 0.180 0.243 0.278 0.226 0.224 0.184 0.225 0.134 0.223 0.235 1.000 0.285 0.252 0.314 0.222 0.312  
0.135 0.169 0.185 0.214 0.125 0.113 0.116 0.138 0.121 0.112 0.131 0.143 0.116 0.116 0.112 0.123 0.172 0.219 0.175 0.177 0.153 0.171 0.110 0.178 0.180 0.285 1.000 0.191 0.215 0.179 0.382  
0.208 0.435 0.632 0.425 0.179 0.158 0.175 0.194 0.249 0.162 0.205 0.255 0.222 0.199 0.195 0.158 0.396 0.324 0.436 0.359 0.319 0.273 0.247 0.559 0.631 0.246 0.186 1.000 0.442 0.631 0.205  
0.189 0.348 0.362 0.974 0.185 0.163 0.177 0.183 0.172 0.146 0.204 0.198 0.165 0.160 0.156 0.182 0.337 0.346 0.284 0.351 0.260 0.327 0.225 0.363 0.410 0.302 0.206 0.435 1.000 0.354 0.224  
0.226 0.418 0.614 0.355 0.195 0.178 0.192 0.204 0.280 0.176 0.233 0.285 0.238 0.207 0.201 0.176 0.361 0.323 0.407 0.336 0.318 0.268 0.229 0.541 0.743 0.223 0.178 0.646 0.369 1.000 0.209  
0.146 0.190 0.197 0.224 0.156 0.133 0.151 0.157 0.150 0.111 0.156 0.169 0.138 0.139 0.131 0.144 0.205 0.245 0.193 0.203 0.152 0.207 0.117 0.199 0.191 0.301 0.366 0.202 0.224 0.201 1.000  
