1.000 0.529 0.630 0.640 0.627 0.542 0.481 0.541 0.583 0.588 0.463 0.584 0.488 0.455 0.488 0.527 0.534 0.534 0.535 0.537 0.535 0.512 0.537 0.538 0.540 0.520 0.549 0.534 0.538 0.541 0.540 0.536 0.532 0.539 0.520 0.538 0.531 0.530 0.546 0.532 0.534 0.526 0.530 0.512 0.539 0.531 0.537 0.530 0.530 0.524 0.524 0.482 0.530 0.528 0.530 0.535 0.526 0.522 0.532 0.534 0.523 0.506 0.519 0.532 0.503 0.509 0.534 0.525 0.508  
0.475 1.000 0.473 0.496 0.455 0.476 0.434 0.464 0.531 0.453 0.394 0.508 0.468 0.488 0.540 0.872 0.845 0.838 0.844 0.838 0.828 0.815 0.858 0.846 0.816 0.828 0.855 0.852 0.855 0.820 0.844 0.842 0.835 0.849 0.858 0.851 0.834 0.813 0.853 0.844 0.843 0.846 0.844 0.823 0.857 0.839 0.819 0.835 0.810 0.836 0.853 0.798 0.784 0.782 0.784 0.790 0.801 0.796 0.782 0.799 0.767 0.767 0.796 0.805 0.781 0.767 0.777 0.754 0.752  
0.637 0.533 1.000 0.646 0.546 0.533 0.473 0.541 0.538 0.561 0.498 0.580 0.471 0.473 0.510 0.535 0.528 0.531 0.526 0.529 0.526 0.515 0.534 0.529 0.532 0.515 0.542 0.532 0.534 0.537 0.534 0.535 0.536 0.537 0.522 0.531 0.532 0.519 0.539 0.526 0.531 0.528 0.532 0.507 0.538 0.529 0.533 0.532 0.546 0.518 0.527 0.489 0.526 0.524 0.531 0.536 0.537 0.531 0.532 0.530 0.519 0.496 0.520 0.527 0.497 0.514 0.535 0.532 0.511  
0.639 0.552 0.638 1.000 0.575 0.569 0.508 0.515 0.557 0.592 0.495 0.597 0.479 0.496 0.491 0.549 0.542 0.549 0.545 0.549 0.545 0.531 0.554 0.554 0.552 0.532 0.572 0.553 0.557 0.555 0.561 0.556 0.550 0.559 0.540 0.559 0.551 0.545 0.565 0.550 0.557 0.554 0.549 0.535 0.565 0.551 0.571 0.543 0.540 0.535 0.553 0.514 0.539 0.540 0.544 0.548 0.547 0.543 0.538 0.549 0.535 0.527 0.546 0.553 0.529 0.530 0.549 0.534 0.517  
0.643 0.519 0.554 0.589 1.000 0.502 0.476 0.521 0.567 0.584 0.430 0.584 0.485 0.434 0.485 0.520 0.524 0.525 0.530 0.522 0.524 0.502 0.530 0.525 0.532 0.514 0.531 0.521 0.528 0.525 0.525 0.527 0.521 0.527 0.510 0.524 0.516 0.515 0.526 0.519 0.513 0.506 0.520 0.500 0.520 0.513 0.523 0.530 0.523 0.513 0.509 0.472 0.523 0.521 0.524 0.529 0.519 0.516 0.519 0.525 0.519 0.494 0.508 0.521 0.494 0.500 0.518 0.507 0.494  
0.550 0.537 0.534 0.577 0.497 1.000 0.538 0.515 0.506 0.541 0.483 0.531 0.459 0.504 0.471 0.528 0.527 0.529 0.529 0.531 0.529 0.510 0.539 0.531 0.533 0.518 0.551 0.533 0.536 0.537 0.538 0.533 0.530 0.538 0.522 0.543 0.539 0.531 0.541 0.532 0.549 0.538 0.534 0.519 0.548 0.541 0.547 0.523 0.516 0.521 0.534 0.497 0.525 0.522 0.526 0.530 0.526 0.523 0.526 0.533 0.518 0.515 0.525 0.536 0.512 0.514 0.527 0.522 0.509  
0.498 0.500 0.483 0.526 0.480 0.549 1.000 0.466 0.464 0.509 0.442 0.488 0.436 0.477 0.439 0.495 0.490 0.492 0.494 0.495 0.492 0.473 0.501 0.499 0.491 0.486 0.516 0.499 0.502 0.502 0.511 0.497 0.491 0.502 0.488 0.503 0.508 0.496 0.507 0.499 0.511 0.499 0.494 0.483 0.509 0.502 0.517 0.487 0.481 0.489 0.502 0.466 0.493 0.490 0.493 0.495 0.496 0.492 0.491 0.494 0.490 0.482 0.491 0.503 0.483 0.483 0.499 0.493 0.483  
0.544 0.520 0.538 0.519 0.511 0.511 0.453 1.000 0.528 0.515 0.453 0.516 0.463 0.457 0.487 0.520 0.524 0.526 0.520 0.519 0.521 0.503 0.525 0.524 0.536 0.503 0.535 0.521 0.527 0.528 0.516 0.529 0.527 0.529 0.503 0.527 0.514 0.506 0.524 0.522 0.522 0.520 0.529 0.495 0.531 0.522 0.513 0.522 0.526 0.511 0.513 0.461 0.538 0.532 0.535 0.540 0.528 0.526 0.530 0.539 0.529 0.501 0.512 0.527 0.499 0.500 0.513 0.505 0.488  
0.572 0.580 0.522 0.547 0.543 0.490 0.441 0.515 1.000 0.510 0.412 0.537 0.454 0.455 0.498 0.575 0.584 0.582 0.586 0.582 0.582 0.566 0.584 0.587 0.589 0.568 0.595 0.583 0.588 0.587 0.582 0.585 0.579 0.587 0.562 0.581 0.575 0.572 0.590 0.575 0.576 0.573 0.573 0.560 0.585 0.578 0.572 0.578 0.576 0.575 0.573 0.527 0.589 0.594 0.590 0.594 0.586 0.579 0.588 0.598 0.586 0.562 0.572 0.589 0.561 0.565 0.576 0.562 0.551  
0.604 0.517 0.570 0.608 0.585 0.548 0.505 0.525 0.533 1.000 0.449 0.564 0.470 0.451 0.466 0.515 0.514 0.517 0.519 0.513 0.513 0.496 0.528 0.515 0.519 0.504 0.528 0.517 0.524 0.524 0.520 0.524 0.517 0.527 0.508 0.520 0.517 0.513 0.522 0.510 0.517 0.509 0.514 0.498 0.523 0.513 0.521 0.517 0.513 0.502 0.511 0.473 0.518 0.513 0.519 0.523 0.515 0.512 0.513 0.516 0.513 0.490 0.505 0.516 0.491 0.504 0.509 0.505 0.489  
0.503 0.476 0.535 0.538 0.455 0.518 0.464 0.489 0.456 0.475 1.000 0.490 0.437 0.472 0.435 0.475 0.466 0.470 0.462 0.469 0.466 0.451 0.472 0.478 0.468 0.450 0.496 0.478 0.478 0.477 0.480 0.480 0.478 0.479 0.456 0.481 0.475 0.462 0.483 0.482 0.482 0.479 0.475 0.450 0.489 0.483 0.491 0.461 0.468 0.460 0.479 0.430 0.472 0.469 0.472 0.474 0.472 0.475 0.472 0.473 0.466 0.463 0.472 0.475 0.468 0.457 0.486 0.483 0.467  
0.576 0.557 0.565 0.588 0.561 0.516 0.465 0.506 0.539 0.541 0.444 1.000 0.455 0.486 0.474 0.555 0.553 0.557 0.560 0.551 0.555 0.539 0.557 0.555 0.556 0.536 0.567 0.553 0.560 0.552 0.556 0.559 0.551 0.557 0.543 0.558 0.549 0.544 0.562 0.554 0.549 0.552 0.549 0.535 0.553 0.550 0.550 0.551 0.549 0.543 0.549 0.510 0.553 0.553 0.556 0.562 0.560 0.551 0.549 0.557 0.549 0.530 0.551 0.558 0.529 0.536 0.553 0.537 0.529  
0.503 0.537 0.480 0.494 0.488 0.466 0.434 0.474 0.477 0.472 0.414 0.475 1.000 0.446 0.461 0.535 0.519 0.526 0.512 0.502 0.514 0.496 0.514 0.509 0.511 0.500 0.531 0.513 0.514 0.507 0.512 0.517 0.523 0.510 0.516 0.513 0.513 0.491 0.523 0.526 0.521 0.509 0.540 0.493 0.526 0.517 0.523 0.534 0.525 0.516 0.531 0.480 0.521 0.515 0.516 0.522 0.519 0.513 0.510 0.523 0.507 0.484 0.497 0.500 0.484 0.490 0.523 0.519 0.510  
0.470 0.562 0.483 0.513 0.437 0.513 0.477 0.470 0.479 0.454 0.449 0.509 0.447 1.000 0.473 0.548 0.534 0.536 0.533 0.535 0.535 0.518 0.537 0.541 0.532 0.528 0.570 0.539 0.545 0.542 0.551 0.541 0.537 0.544 0.537 0.556 0.553 0.527 0.556 0.560 0.559 0.551 0.547 0.523 0.557 0.557 0.552 0.531 0.532 0.540 0.562 0.519 0.531 0.532 0.531 0.533 0.542 0.534 0.531 0.544 0.526 0.529 0.543 0.550 0.535 0.520 0.543 0.536 0.519  
0.488 0.601 0.504 0.490 0.473 0.464 0.425 0.484 0.506 0.454 0.400 0.481 0.446 0.457 1.000 0.596 0.596 0.591 0.593 0.587 0.591 0.579 0.598 0.587 0.603 0.575 0.595 0.592 0.591 0.585 0.583 0.603 0.608 0.596 0.580 0.592 0.591 0.568 0.577 0.593 0.593 0.591 0.609 0.567 0.599 0.597 0.574 0.599 0.609 0.591 0.574 0.536 0.596 0.597 0.598 0.600 0.589 0.598 0.597 0.607 0.592 0.557 0.582 0.586 0.568 0.552 0.569 0.559 0.545  
0.474 0.875 0.477 0.495 0.457 0.469 0.431 0.466 0.528 0.452 0.394 0.508 0.468 0.478 0.538 1.000 0.836 0.841 0.850 0.819 0.836 0.830 0.854 0.842 0.818 0.821 0.838 0.848 0.853 0.799 0.834 0.842 0.842 0.836 0.834 0.823 0.837 0.811 0.820 0.825 0.831 0.834 0.846 0.817 0.837 0.832 0.797 0.838 0.817 0.833 0.828 0.794 0.783 0.786 0.785 0.789 0.799 0.803 0.788 0.790 0.777 0.753 0.791 0.778 0.773 0.764 0.773 0.742 0.754  
0.482 0.849 0.471 0.489 0.461 0.469 0.427 0.470 0.537 0.452 0.387 0.506 0.454 0.466 0.539 0.838 1.000 0.867 0.875 0.898 0.907 0.843 0.867 0.866 0.853 0.849 0.843 0.862 0.862 0.850 0.849 0.879 0.849 0.873 0.825 0.836 0.847 0.837 0.842 0.819 0.821 0.818 0.826 0.811 0.829 0.836 0.789 0.824 0.817 0.829 0.801 0.758 0.801 0.814 0.804 0.809 0.801 0.803 0.806 0.802 0.805 0.767 0.780 0.799 0.770 0.777 0.779 0.756 0.753  
0.480 0.838 0.472 0.494 0.460 0.469 0.428 0.470 0.533 0.452 0.389 0.508 0.459 0.466 0.532 0.839 0.864 1.000 0.881 0.846 0.882 0.847 0.853 0.829 0.856 0.829 0.838 0.831 0.841 0.836 0.818 0.844 0.847 0.842 0.809 0.826 0.828 0.812 0.827 0.815 0.815 0.814 0.825 0.822 0.827 0.831 0.802 0.824 0.795 0.815 0.803 0.752 0.800 0.793 0.803 0.807 0.808 0.806 0.798 0.799 0.785 0.761 0.789 0.783 0.764 0.764 0.774 0.749 0.751  
0.480 0.843 0.466 0.489 0.464 0.469 0.429 0.464 0.536 0.454 0.382 0.510 0.446 0.462 0.533 0.847 0.870 0.879 1.000 0.858 0.890 0.850 0.893 0.846 0.853 0.849 0.827 0.853 0.878 0.827 0.846 0.861 0.842 0.867 0.820 0.829 0.852 0.844 0.828 0.802 0.814 0.810 0.807 0.813 0.820 0.824 0.787 0.809 0.804 0.816 0.786 0.763 0.788 0.794 0.792 0.796 0.799 0.802 0.800 0.795 0.789 0.757 0.783 0.786 0.762 0.769 0.765 0.738 0.748  
0.484 0.841 0.471 0.495 0.458 0.472 0.431 0.465 0.534 0.450 0.389 0.504 0.439 0.466 0.530 0.819 0.896 0.848 0.861 1.000 0.906 0.825 0.865 0.891 0.866 0.864 0.844 0.877 0.876 0.851 0.858 0.872 0.840 0.888 0.817 0.831 0.853 0.858 0.842 0.816 0.814 0.815 0.802 0.823 0.823 0.844 0.792 0.808 0.796 0.808 0.804 0.757 0.790 0.798 0.798 0.803 0.793 0.797 0.807 0.795 0.787 0.767 0.787 0.803 0.770 0.784 0.774 0.744 0.743  
0.481 0.829 0.468 0.490 0.459 0.469 0.427 0.466 0.532 0.449 0.385 0.506 0.448 0.465 0.531 0.834 0.903 0.882 0.891 0.904 1.000 0.849 0.869 0.858 0.867 0.862 0.831 0.866 0.865 0.839 0.848 0.870 0.845 0.878 0.809 0.824 0.857 0.836 0.827 0.811 0.815 0.804 0.813 0.819 0.817 0.840 0.784 0.818 0.799 0.819 0.793 0.751 0.789 0.791 0.795 0.799 0.800 0.798 0.804 0.793 0.785 0.761 0.781 0.784 0.763 0.770 0.773 0.743 0.751  
0.460 0.815 0.458 0.477 0.440 0.452 0.411 0.449 0.518 0.434 0.373 0.492 0.433 0.450 0.521 0.828 0.840 0.847 0.851 0.823 0.849 1.000 0.850 0.821 0.826 0.820 0.805 0.831 0.835 0.798 0.816 0.845 0.844 0.830 0.801 0.793 0.822 0.800 0.794 0.776 0.791 0.799 0.800 0.787 0.805 0.809 0.766 0.792 0.782 0.801 0.778 0.746 0.777 0.780 0.781 0.785 0.797 0.795 0.790 0.784 0.774 0.750 0.780 0.775 0.762 0.756 0.753 0.727 0.728  
0.481 0.856 0.473 0.497 0.463 0.477 0.434 0.467 0.533 0.461 0.389 0.507 0.447 0.465 0.537 0.850 0.861 0.850 0.892 0.861 0.867 0.848 1.000 0.872 0.848 0.859 0.836 0.875 0.888 0.837 0.848 0.890 0.868 0.891 0.826 0.833 0.856 0.863 0.825 0.816 0.825 0.818 0.816 0.813 0.829 0.838 0.796 0.810 0.801 0.815 0.799 0.765 0.793 0.799 0.799 0.806 0.803 0.811 0.811 0.804 0.788 0.764 0.789 0.799 0.775 0.773 0.761 0.737 0.740  
0.485 0.849 0.471 0.500 0.461 0.473 0.435 0.469 0.539 0.453 0.397 0.508 0.446 0.472 0.529 0.842 0.865 0.832 0.850 0.892 0.861 0.823 0.877 1.000 0.852 0.851 0.842 0.911 0.918 0.843 0.888 0.901 0.838 0.900 0.816 0.840 0.846 0.856 0.840 0.827 0.814 0.818 0.800 0.805 0.823 0.828 0.804 0.819 0.807 0.817 0.818 0.774 0.801 0.807 0.805 0.806 0.794 0.805 0.812 0.807 0.792 0.776 0.798 0.816 0.787 0.790 0.782 0.751 0.750  
0.484 0.814 0.471 0.495 0.465 0.471 0.426 0.477 0.537 0.453 0.386 0.506 0.444 0.461 0.541 0.814 0.847 0.853 0.852 0.862 0.864 0.824 0.848 0.847 1.000 0.826 0.829 0.841 0.860 0.844 0.818 0.857 0.850 0.868 0.795 0.842 0.823 0.813 0.819 0.819 0.817 0.807 0.835 0.795 0.827 0.845 0.780 0.822 0.812 0.812 0.792 0.749 0.802 0.799 0.814 0.813 0.799 0.811 0.820 0.812 0.797 0.772 0.785 0.806 0.775 0.780 0.757 0.731 0.729  
0.468 0.830 0.459 0.480 0.452 0.461 0.423 0.451 0.521 0.443 0.373 0.491 0.437 0.461 0.519 0.821 0.848 0.831 0.852 0.864 0.864 0.823 0.864 0.851 0.830 1.000 0.812 0.867 0.862 0.810 0.842 0.865 0.811 0.851 0.815 0.808 0.868 0.830 0.805 0.793 0.802 0.798 0.795 0.821 0.808 0.816 0.775 0.797 0.789 0.796 0.781 0.754 0.771 0.782 0.781 0.779 0.778 0.785 0.794 0.782 0.765 0.743 0.763 0.771 0.749 0.758 0.751 0.719 0.729  
0.492 0.853 0.481 0.513 0.464 0.487 0.448 0.477 0.543 0.461 0.410 0.516 0.462 0.494 0.534 0.834 0.837 0.835 0.826 0.840 0.829 0.803 0.836 0.837 0.829 0.808 1.000 0.826 0.839 0.836 0.847 0.833 0.821 0.842 0.842 0.865 0.832 0.834 0.876 0.852 0.845 0.845 0.825 0.798 0.858 0.846 0.849 0.819 0.800 0.825 0.835 0.781 0.801 0.800 0.800 0.805 0.808 0.812 0.795 0.811 0.789 0.785 0.796 0.799 0.776 0.782 0.784 0.761 0.752  
0.482 0.856 0.475 0.499 0.458 0.474 0.436 0.468 0.535 0.454 0.397 0.507 0.449 0.471 0.534 0.849 0.862 0.833 0.858 0.878 0.869 0.835 0.881 0.911 0.846 0.868 0.831 1.000 0.927 0.845 0.866 0.916 0.850 0.914 0.824 0.832 0.865 0.839 0.826 0.811 0.827 0.827 0.810 0.819 0.831 0.842 0.797 0.809 0.811 0.813 0.811 0.768 0.792 0.798 0.800 0.801 0.801 0.806 0.818 0.805 0.787 0.776 0.795 0.809 0.787 0.788 0.779 0.747 0.750  
0.484 0.856 0.475 0.501 0.463 0.475 0.437 0.471 0.538 0.459 0.396 0.511 0.449 0.474 0.532 0.852 0.859 0.842 0.880 0.875 0.866 0.835 0.892 0.916 0.863 0.860 0.842 0.924 1.000 0.849 0.869 0.920 0.856 0.931 0.822 0.844 0.860 0.848 0.833 0.819 0.829 0.819 0.805 0.808 0.829 0.835 0.802 0.807 0.805 0.815 0.811 0.771 0.794 0.800 0.803 0.805 0.800 0.808 0.809 0.804 0.791 0.770 0.792 0.815 0.782 0.790 0.773 0.749 0.748  
0.487 0.823 0.479 0.500 0.462 0.477 0.438 0.473 0.539 0.460 0.396 0.505 0.443 0.472 0.528 0.799 0.850 0.838 0.831 0.851 0.842 0.801 0.842 0.844 0.849 0.811 0.841 0.844 0.851 1.000 0.846 0.843 0.841 0.869 0.807 0.821 0.820 0.848 0.833 0.803 0.810 0.799 0.799 0.779 0.805 0.823 0.798 0.799 0.796 0.796 0.792 0.748 0.786 0.789 0.792 0.795 0.792 0.788 0.801 0.788 0.781 0.792 0.796 0.815 0.777 0.793 0.781 0.764 0.742  
0.486 0.846 0.476 0.506 0.461 0.478 0.445 0.462 0.534 0.457 0.398 0.508 0.448 0.480 0.526 0.834 0.848 0.820 0.849 0.859 0.851 0.819 0.852 0.888 0.823 0.842 0.852 0.865 0.871 0.845 1.000 0.862 0.820 0.871 0.816 0.838 0.871 0.848 0.839 0.828 0.818 0.815 0.791 0.801 0.817 0.819 0.811 0.803 0.800 0.813 0.812 0.779 0.785 0.790 0.784 0.790 0.788 0.792 0.793 0.788 0.781 0.773 0.790 0.799 0.770 0.778 0.772 0.753 0.750  
0.482 0.844 0.476 0.500 0.463 0.473 0.433 0.474 0.536 0.459 0.397 0.510 0.451 0.471 0.543 0.841 0.877 0.845 0.864 0.871 0.872 0.846 0.894 0.899 0.861 0.864 0.836 0.914 0.920 0.842 0.861 1.000 0.860 0.912 0.819 0.830 0.866 0.838 0.826 0.816 0.831 0.824 0.823 0.811 0.834 0.837 0.790 0.813 0.815 0.820 0.801 0.760 0.807 0.817 0.809 0.813 0.805 0.821 0.818 0.809 0.802 0.774 0.797 0.812 0.786 0.780 0.775 0.741 0.739  
0.477 0.834 0.475 0.493 0.456 0.469 0.426 0.469 0.529 0.452 0.394 0.502 0.455 0.466 0.546 0.838 0.844 0.845 0.841 0.836 0.843 0.842 0.868 0.833 0.850 0.807 0.821 0.845 0.853 0.836 0.816 0.856 1.000 0.862 0.805 0.825 0.822 0.812 0.805 0.807 0.823 0.814 0.836 0.795 0.825 0.859 0.779 0.817 0.816 0.799 0.801 0.750 0.793 0.792 0.805 0.808 0.809 0.813 0.812 0.805 0.787 0.762 0.796 0.794 0.781 0.768 0.768 0.746 0.735  
0.483 0.848 0.476 0.502 0.461 0.476 0.436 0.472 0.537 0.460 0.395 0.508 0.444 0.472 0.535 0.832 0.868 0.840 0.867 0.885 0.877 0.829 0.892 0.895 0.869 0.847 0.842 0.909 0.929 0.865 0.868 0.910 0.862 1.000 0.816 0.837 0.860 0.854 0.829 0.818 0.829 0.813 0.804 0.808 0.836 0.837 0.798 0.805 0.805 0.815 0.809 0.762 0.798 0.803 0.805 0.811 0.800 0.811 0.816 0.808 0.793 0.767 0.790 0.815 0.784 0.783 0.767 0.747 0.737  
0.469 0.862 0.466 0.488 0.449 0.465 0.426 0.452 0.517 0.446 0.379 0.497 0.452 0.469 0.523 0.835 0.825 0.812 0.825 0.819 0.812 0.804 0.832 0.817 0.801 0.816 0.848 0.825 0.824 0.808 0.817 0.821 0.810 0.821 1.000 0.833 0.826 0.822 0.838 0.822 0.825 0.822 0.818 0.814 0.843 0.826 0.814 0.823 0.805 0.804 0.821 0.789 0.774 0.774 0.779 0.782 0.789 0.775 0.772 0.788 0.763 0.764 0.784 0.794 0.754 0.765 0.769 0.736 0.741  
0.482 0.848 0.470 0.500 0.457 0.479 0.435 0.469 0.530 0.454 0.396 0.507 0.446 0.482 0.531 0.818 0.830 0.823 0.828 0.826 0.822 0.790 0.833 0.835 0.841 0.804 0.864 0.826 0.841 0.816 0.833 0.826 0.824 0.836 0.826 1.000 0.831 0.810 0.854 0.864 0.872 0.856 0.829 0.801 0.877 0.865 0.814 0.807 0.791 0.807 0.818 0.782 0.787 0.781 0.788 0.789 0.788 0.791 0.783 0.798 0.775 0.767 0.783 0.801 0.770 0.766 0.772 0.749 0.742  
0.479 0.837 0.474 0.497 0.454 0.479 0.442 0.460 0.527 0.454 0.394 0.502 0.449 0.482 0.533 0.837 0.847 0.830 0.856 0.853 0.860 0.824 0.861 0.845 0.828 0.868 0.837 0.865 0.862 0.820 0.871 0.867 0.826 0.864 0.825 0.836 1.000 0.831 0.823 0.819 0.836 0.824 0.814 0.820 0.835 0.852 0.790 0.793 0.791 0.805 0.804 0.773 0.780 0.786 0.786 0.791 0.787 0.799 0.797 0.789 0.778 0.761 0.787 0.796 0.769 0.768 0.773 0.745 0.734  
0.474 0.810 0.460 0.488 0.450 0.469 0.429 0.450 0.521 0.448 0.381 0.494 0.427 0.457 0.509 0.806 0.831 0.808 0.843 0.853 0.833 0.797 0.863 0.850 0.813 0.825 0.833 0.832 0.845 0.842 0.843 0.834 0.811 0.853 0.816 0.810 0.825 1.000 0.824 0.801 0.800 0.792 0.771 0.791 0.791 0.800 0.783 0.778 0.760 0.786 0.783 0.765 0.761 0.766 0.762 0.768 0.769 0.764 0.768 0.765 0.755 0.758 0.767 0.780 0.745 0.761 0.761 0.732 0.728  
0.492 0.855 0.479 0.509 0.462 0.481 0.441 0.469 0.541 0.458 0.400 0.514 0.457 0.485 0.520 0.819 0.840 0.828 0.831 0.842 0.829 0.796 0.829 0.838 0.823 0.804 0.880 0.825 0.834 0.832 0.838 0.826 0.808 0.832 0.836 0.859 0.822 0.829 1.000 0.831 0.831 0.841 0.828 0.804 0.850 0.825 0.824 0.820 0.790 0.819 0.829 0.775 0.787 0.787 0.790 0.792 0.794 0.783 0.782 0.797 0.771 0.782 0.787 0.802 0.764 0.782 0.799 0.771 0.756  
0.476 0.842 0.466 0.493 0.453 0.471 0.432 0.465 0.525 0.445 0.398 0.504 0.458 0.485 0.532 0.821 0.813 0.812 0.800 0.811 0.809 0.773 0.816 0.822 0.819 0.788 0.851 0.806 0.816 0.798 0.823 0.813 0.807 0.817 0.816 0.865 0.814 0.801 0.827 1.000 0.843 0.836 0.842 0.799 0.849 0.865 0.795 0.813 0.785 0.809 0.827 0.764 0.785 0.777 0.783 0.794 0.792 0.787 0.768 0.788 0.768 0.756 0.776 0.777 0.760 0.749 0.770 0.742 0.739  
0.478 0.840 0.470 0.499 0.448 0.485 0.443 0.465 0.526 0.451 0.397 0.499 0.452 0.485 0.531 0.826 0.815 0.812 0.813 0.810 0.812 0.788 0.825 0.809 0.816 0.797 0.844 0.821 0.825 0.805 0.813 0.827 0.822 0.828 0.818 0.872 0.831 0.800 0.826 0.842 1.000 0.881 0.850 0.822 0.903 0.863 0.805 0.797 0.786 0.803 0.814 0.784 0.771 0.771 0.777 0.779 0.775 0.779 0.779 0.789 0.763 0.764 0.778 0.798 0.769 0.752 0.763 0.742 0.734  
0.471 0.844 0.468 0.497 0.442 0.475 0.432 0.463 0.522 0.444 0.395 0.502 0.442 0.478 0.530 0.829 0.812 0.811 0.808 0.810 0.801 0.796 0.817 0.813 0.807 0.794 0.845 0.821 0.816 0.793 0.810 0.820 0.814 0.812 0.815 0.856 0.819 0.792 0.836 0.836 0.881 1.000 0.842 0.838 0.889 0.864 0.803 0.788 0.788 0.798 0.811 0.769 0.776 0.778 0.777 0.781 0.787 0.791 0.779 0.790 0.771 0.753 0.785 0.792 0.769 0.754 0.759 0.734 0.727  
0.474 0.840 0.470 0.491 0.454 0.471 0.428 0.471 0.522 0.448 0.391 0.498 0.469 0.474 0.546 0.840 0.820 0.821 0.805 0.796 0.810 0.797 0.815 0.794 0.833 0.789 0.824 0.803 0.800 0.793 0.786 0.819 0.835 0.802 0.811 0.828 0.808 0.770 0.823 0.841 0.849 0.841 1.000 0.802 0.860 0.845 0.780 0.823 0.809 0.812 0.812 0.758 0.780 0.779 0.786 0.791 0.787 0.799 0.777 0.794 0.771 0.746 0.763 0.779 0.755 0.738 0.766 0.744 0.727  
0.463 0.829 0.453 0.484 0.440 0.463 0.422 0.445 0.515 0.438 0.374 0.491 0.433 0.457 0.513 0.819 0.812 0.827 0.819 0.826 0.823 0.792 0.820 0.807 0.802 0.823 0.805 0.820 0.812 0.781 0.804 0.815 0.802 0.814 0.816 0.808 0.822 0.799 0.807 0.806 0.829 0.846 0.810 1.000 0.834 0.831 0.786 0.790 0.770 0.781 0.785 0.784 0.753 0.753 0.760 0.765 0.771 0.768 0.767 0.761 0.752 0.744 0.772 0.767 0.756 0.756 0.746 0.709 0.732  
0.482 0.853 0.475 0.505 0.454 0.484 0.440 0.472 0.532 0.456 0.402 0.502 0.457 0.482 0.536 0.831 0.822 0.822 0.817 0.817 0.813 0.801 0.827 0.816 0.825 0.802 0.856 0.823 0.824 0.799 0.811 0.829 0.823 0.833 0.835 0.876 0.828 0.790 0.845 0.847 0.902 0.888 0.859 0.825 1.000 0.864 0.807 0.805 0.795 0.804 0.820 0.769 0.791 0.785 0.798 0.796 0.791 0.801 0.784 0.807 0.778 0.757 0.788 0.800 0.776 0.756 0.764 0.743 0.731  
0.475 0.836 0.468 0.493 0.447 0.478 0.435 0.464 0.526 0.448 0.397 0.499 0.449 0.482 0.534 0.827 0.829 0.827 0.821 0.838 0.837 0.806 0.837 0.822 0.844 0.810 0.844 0.835 0.830 0.817 0.813 0.833 0.857 0.835 0.819 0.864 0.846 0.799 0.820 0.864 0.862 0.863 0.845 0.823 0.865 1.000 0.793 0.799 0.795 0.799 0.812 0.766 0.780 0.772 0.787 0.790 0.799 0.797 0.792 0.790 0.771 0.769 0.795 0.792 0.779 0.773 0.770 0.745 0.734  
0.484 0.821 0.475 0.515 0.460 0.486 0.451 0.460 0.525 0.458 0.408 0.503 0.457 0.481 0.518 0.797 0.788 0.804 0.791 0.792 0.786 0.769 0.801 0.803 0.784 0.775 0.854 0.796 0.803 0.797 0.811 0.791 0.783 0.801 0.813 0.819 0.790 0.788 0.825 0.800 0.810 0.808 0.785 0.784 0.814 0.799 1.000 0.781 0.752 0.777 0.802 0.774 0.761 0.748 0.764 0.768 0.772 0.762 0.755 0.780 0.744 0.758 0.765 0.769 0.745 0.748 0.768 0.735 0.744  
0.478 0.839 0.475 0.490 0.466 0.466 0.425 0.468 0.531 0.454 0.383 0.504 0.467 0.463 0.541 0.839 0.824 0.827 0.814 0.809 0.821 0.796 0.816 0.819 0.828 0.798 0.824 0.810 0.809 0.799 0.804 0.815 0.822 0.810 0.823 0.813 0.793 0.784 0.822 0.819 0.803 0.794 0.830 0.788 0.812 0.806 0.782 1.000 0.838 0.815 0.828 0.770 0.808 0.796 0.804 0.809 0.799 0.805 0.795 0.800 0.783 0.762 0.776 0.778 0.754 0.772 0.756 0.734 0.733  
0.478 0.814 0.487 0.487 0.460 0.460 0.420 0.472 0.529 0.451 0.389 0.503 0.460 0.464 0.550 0.818 0.817 0.798 0.808 0.798 0.803 0.786 0.806 0.808 0.817 0.790 0.806 0.811 0.807 0.796 0.801 0.817 0.821 0.809 0.804 0.797 0.792 0.766 0.792 0.791 0.792 0.794 0.816 0.769 0.803 0.801 0.753 0.838 1.000 0.804 0.786 0.739 0.793 0.795 0.799 0.796 0.789 0.810 0.813 0.798 0.787 0.751 0.772 0.785 0.755 0.769 0.745 0.735 0.727  
0.481 0.854 0.470 0.491 0.459 0.472 0.434 0.466 0.537 0.449 0.389 0.506 0.460 0.480 0.543 0.848 0.844 0.832 0.835 0.823 0.837 0.818 0.835 0.832 0.831 0.810 0.844 0.827 0.831 0.811 0.828 0.837 0.818 0.833 0.817 0.827 0.820 0.805 0.835 0.828 0.823 0.817 0.833 0.793 0.825 0.820 0.792 0.830 0.818 1.000 0.814 0.781 0.783 0.788 0.783 0.785 0.791 0.790 0.787 0.786 0.786 0.753 0.785 0.785 0.769 0.757 0.770 0.749 0.748  
0.476 0.861 0.473 0.501 0.450 0.477 0.440 0.462 0.529 0.452 0.400 0.505 0.467 0.494 0.521 0.834 0.805 0.810 0.794 0.810 0.800 0.785 0.809 0.823 0.802 0.787 0.845 0.815 0.818 0.797 0.818 0.808 0.810 0.818 0.825 0.828 0.809 0.793 0.835 0.837 0.824 0.821 0.824 0.788 0.832 0.823 0.808 0.832 0.790 0.804 1.000 0.809 0.779 0.774 0.780 0.786 0.787 0.789 0.771 0.784 0.765 0.767 0.794 0.796 0.785 0.772 0.780 0.760 0.746  
0.437 0.806 0.439 0.466 0.418 0.445 0.409 0.415 0.487 0.418 0.359 0.470 0.423 0.456 0.486 0.800 0.762 0.759 0.772 0.762 0.759 0.753 0.775 0.780 0.758 0.759 0.790 0.772 0.778 0.753 0.784 0.766 0.759 0.771 0.793 0.792 0.778 0.775 0.781 0.774 0.794 0.779 0.769 0.788 0.780 0.777 0.780 0.775 0.744 0.772 0.809 1.000 0.720 0.721 0.721 0.728 0.731 0.733 0.725 0.728 0.718 0.734 0.751 0.757 0.734 0.734 0.723 0.695 0.712  
0.479 0.789 0.470 0.487 0.461 0.468 0.431 0.484 0.543 0.456 0.393 0.508 0.457 0.464 0.539 0.786 0.803 0.804 0.794 0.792 0.794 0.782 0.800 0.803 0.809 0.773 0.807 0.794 0.798 0.788 0.787 0.810 0.800 0.804 0.775 0.794 0.782 0.768 0.790 0.792 0.778 0.783 0.788 0.753 0.799 0.788 0.763 0.810 0.794 0.771 0.776 0.717 1.000 0.899 0.918 0.925 0.861 0.877 0.860 0.906 0.882 0.783 0.784 0.816 0.786 0.804 0.756 0.738 0.727  
0.480 0.792 0.471 0.491 0.462 0.468 0.431 0.481 0.550 0.454 0.393 0.511 0.455 0.469 0.543 0.793 0.820 0.803 0.805 0.806 0.801 0.789 0.811 0.814 0.811 0.789 0.812 0.805 0.809 0.796 0.798 0.825 0.803 0.814 0.780 0.793 0.793 0.778 0.795 0.788 0.783 0.790 0.792 0.758 0.798 0.785 0.755 0.802 0.802 0.781 0.777 0.723 0.905 1.000 0.898 0.909 0.852 0.882 0.878 0.893 0.903 0.789 0.786 0.823 0.786 0.821 0.761 0.736 0.733  
0.479 0.790 0.475 0.492 0.462 0.470 0.432 0.482 0.544 0.457 0.393 0.511 0.453 0.465 0.542 0.789 0.806 0.808 0.799 0.802 0.800 0.787 0.807 0.808 0.822 0.784 0.808 0.802 0.808 0.795 0.788 0.814 0.813 0.812 0.781 0.796 0.789 0.770 0.794 0.791 0.785 0.785 0.794 0.761 0.808 0.796 0.768 0.806 0.801 0.772 0.778 0.719 0.920 0.893 1.000 0.953 0.870 0.881 0.873 0.925 0.884 0.784 0.785 0.819 0.787 0.809 0.754 0.739 0.725  
0.482 0.794 0.479 0.495 0.465 0.472 0.432 0.485 0.546 0.460 0.394 0.515 0.457 0.465 0.542 0.790 0.809 0.810 0.801 0.805 0.802 0.789 0.812 0.807 0.819 0.780 0.811 0.802 0.808 0.796 0.792 0.816 0.814 0.816 0.782 0.796 0.792 0.774 0.794 0.799 0.785 0.787 0.798 0.764 0.803 0.797 0.769 0.810 0.797 0.772 0.782 0.724 0.924 0.902 0.950 1.000 0.877 0.881 0.878 0.923 0.877 0.784 0.787 0.821 0.780 0.812 0.759 0.739 0.727  
0.475 0.807 0.480 0.495 0.458 0.470 0.434 0.475 0.540 0.454 0.393 0.514 0.456 0.474 0.533 0.802 0.803 0.813 0.806 0.796 0.806 0.802 0.811 0.797 0.807 0.781 0.816 0.803 0.804 0.795 0.791 0.809 0.816 0.807 0.791 0.796 0.790 0.777 0.797 0.800 0.783 0.795 0.795 0.772 0.800 0.808 0.775 0.802 0.792 0.780 0.785 0.729 0.862 0.847 0.870 0.879 1.000 0.875 0.837 0.867 0.841 0.776 0.796 0.808 0.787 0.798 0.775 0.763 0.747  
0.472 0.801 0.475 0.491 0.455 0.466 0.430 0.473 0.533 0.451 0.396 0.505 0.450 0.467 0.541 0.806 0.804 0.810 0.808 0.800 0.802 0.800 0.818 0.807 0.818 0.787 0.819 0.808 0.812 0.790 0.795 0.825 0.820 0.817 0.776 0.799 0.801 0.772 0.786 0.794 0.787 0.798 0.807 0.768 0.810 0.805 0.764 0.806 0.811 0.778 0.786 0.730 0.877 0.877 0.880 0.882 0.874 1.000 0.871 0.885 0.862 0.772 0.790 0.801 0.798 0.797 0.760 0.748 0.729  
0.482 0.789 0.477 0.488 0.459 0.470 0.431 0.478 0.543 0.453 0.394 0.505 0.449 0.466 0.541 0.792 0.810 0.804 0.809 0.812 0.811 0.797 0.820 0.816 0.829 0.799 0.804 0.822 0.816 0.806 0.797 0.824 0.821 0.825 0.776 0.792 0.801 0.777 0.787 0.777 0.788 0.788 0.787 0.769 0.794 0.803 0.759 0.799 0.817 0.777 0.771 0.725 0.862 0.875 0.875 0.882 0.838 0.874 1.000 0.886 0.852 0.788 0.792 0.820 0.789 0.817 0.755 0.736 0.730  
0.487 0.811 0.478 0.501 0.467 0.480 0.436 0.488 0.556 0.458 0.397 0.516 0.463 0.480 0.554 0.800 0.810 0.811 0.808 0.804 0.805 0.795 0.819 0.817 0.826 0.792 0.825 0.814 0.816 0.797 0.798 0.820 0.819 0.821 0.797 0.813 0.798 0.779 0.807 0.802 0.804 0.804 0.809 0.768 0.823 0.805 0.789 0.809 0.806 0.781 0.789 0.732 0.914 0.895 0.933 0.932 0.874 0.893 0.892 1.000 0.873 0.798 0.788 0.827 0.789 0.804 0.766 0.745 0.733  
0.473 0.773 0.465 0.484 0.458 0.463 0.429 0.476 0.540 0.452 0.388 0.504 0.445 0.461 0.536 0.780 0.807 0.789 0.795 0.790 0.791 0.779 0.795 0.795 0.804 0.768 0.797 0.789 0.796 0.783 0.784 0.806 0.794 0.799 0.765 0.783 0.781 0.763 0.775 0.776 0.770 0.778 0.779 0.752 0.787 0.779 0.747 0.785 0.789 0.775 0.763 0.716 0.882 0.898 0.884 0.879 0.841 0.863 0.851 0.866 1.000 0.774 0.780 0.815 0.785 0.804 0.749 0.728 0.722  
0.457 0.771 0.443 0.476 0.435 0.459 0.421 0.450 0.517 0.431 0.385 0.486 0.424 0.462 0.504 0.755 0.768 0.764 0.762 0.769 0.765 0.754 0.770 0.777 0.778 0.745 0.791 0.777 0.774 0.794 0.775 0.777 0.768 0.773 0.765 0.774 0.762 0.765 0.785 0.762 0.771 0.760 0.753 0.744 0.765 0.777 0.760 0.763 0.752 0.742 0.764 0.731 0.783 0.783 0.783 0.784 0.775 0.771 0.785 0.790 0.773 1.000 0.813 0.840 0.833 0.789 0.750 0.720 0.719  
0.473 0.808 0.469 0.498 0.451 0.472 0.433 0.464 0.531 0.449 0.396 0.509 0.440 0.479 0.531 0.801 0.788 0.800 0.795 0.797 0.793 0.792 0.802 0.807 0.799 0.772 0.810 0.803 0.803 0.805 0.799 0.807 0.809 0.803 0.791 0.797 0.796 0.781 0.797 0.789 0.792 0.799 0.778 0.779 0.803 0.810 0.774 0.784 0.779 0.779 0.798 0.754 0.790 0.787 0.790 0.795 0.802 0.796 0.797 0.787 0.786 0.820 1.000 0.851 0.855 0.782 0.768 0.741 0.739  
0.481 0.809 0.471 0.500 0.459 0.478 0.439 0.473 0.542 0.454 0.395 0.512 0.438 0.480 0.530 0.780 0.799 0.787 0.791 0.805 0.788 0.779 0.806 0.817 0.812 0.772 0.805 0.810 0.818 0.816 0.801 0.815 0.800 0.820 0.794 0.808 0.798 0.787 0.804 0.783 0.805 0.798 0.786 0.767 0.808 0.799 0.771 0.778 0.785 0.772 0.792 0.753 0.816 0.818 0.817 0.822 0.806 0.800 0.817 0.819 0.814 0.840 0.843 1.000 0.842 0.813 0.759 0.742 0.731  
0.453 0.783 0.443 0.476 0.434 0.455 0.420 0.447 0.515 0.431 0.388 0.484 0.423 0.466 0.512 0.772 0.768 0.766 0.765 0.770 0.765 0.764 0.779 0.786 0.779 0.749 0.779 0.786 0.783 0.776 0.770 0.787 0.785 0.787 0.752 0.774 0.768 0.749 0.764 0.763 0.774 0.774 0.760 0.753 0.781 0.784 0.745 0.752 0.753 0.755 0.780 0.729 0.783 0.778 0.783 0.778 0.783 0.795 0.784 0.779 0.782 0.830 0.845 0.840 1.000 0.761 0.733 0.719 0.709  
0.463 0.778 0.462 0.482 0.444 0.461 0.425 0.452 0.524 0.447 0.383 0.495 0.433 0.458 0.502 0.772 0.784 0.774 0.780 0.792 0.780 0.766 0.785 0.798 0.792 0.766 0.794 0.795 0.799 0.800 0.786 0.789 0.779 0.795 0.772 0.779 0.775 0.773 0.790 0.761 0.764 0.766 0.751 0.761 0.769 0.787 0.755 0.779 0.776 0.751 0.775 0.736 0.810 0.822 0.814 0.819 0.803 0.803 0.821 0.802 0.809 0.795 0.781 0.820 0.769 1.000 0.759 0.740 0.740  
0.488 0.791 0.483 0.501 0.462 0.475 0.441 0.466 0.536 0.453 0.408 0.513 0.464 0.480 0.521 0.784 0.789 0.787 0.779 0.785 0.786 0.766 0.776 0.792 0.772 0.762 0.799 0.789 0.786 0.792 0.783 0.786 0.783 0.781 0.779 0.788 0.784 0.777 0.811 0.785 0.779 0.775 0.782 0.755 0.781 0.786 0.779 0.766 0.755 0.767 0.786 0.728 0.764 0.764 0.761 0.768 0.782 0.768 0.762 0.767 0.756 0.759 0.769 0.768 0.743 0.762 1.000 0.848 0.826  
0.479 0.766 0.480 0.487 0.451 0.470 0.435 0.458 0.523 0.449 0.406 0.497 0.459 0.473 0.510 0.751 0.764 0.760 0.750 0.753 0.755 0.739 0.750 0.760 0.745 0.728 0.775 0.756 0.760 0.773 0.763 0.751 0.759 0.760 0.744 0.763 0.754 0.746 0.781 0.755 0.756 0.747 0.758 0.716 0.758 0.760 0.744 0.743 0.743 0.744 0.764 0.699 0.745 0.738 0.745 0.747 0.770 0.755 0.740 0.745 0.734 0.727 0.741 0.749 0.728 0.741 0.846 1.000 0.806  
0.467 0.770 0.464 0.475 0.443 0.461 0.429 0.446 0.516 0.438 0.395 0.494 0.455 0.462 0.501 0.770 0.767 0.768 0.767 0.758 0.768 0.745 0.760 0.765 0.748 0.743 0.772 0.765 0.765 0.757 0.765 0.755 0.754 0.755 0.755 0.761 0.748 0.748 0.772 0.758 0.753 0.746 0.747 0.745 0.751 0.754 0.759 0.747 0.741 0.749 0.756 0.721 0.740 0.741 0.736 0.740 0.759 0.742 0.740 0.739 0.734 0.732 0.745 0.744 0.724 0.747 0.831 0.812 1.000  
