1.000 0.833 0.711 0.692 0.706 0.713 0.735 0.726 0.709 0.647 0.659 0.657 0.682 0.714 0.703 0.693 0.742 0.692  
0.834 1.000 0.707 0.690 0.701 0.711 0.732 0.721 0.705 0.651 0.650 0.660 0.684 0.714 0.700 0.693 0.737 0.689  
0.681 0.677 1.000 0.890 0.877 0.889 0.895 0.876 0.915 0.729 0.724 0.755 0.866 0.905 0.879 0.859 0.890 0.866  
0.661 0.659 0.887 1.000 0.884 0.873 0.846 0.854 0.877 0.720 0.714 0.746 0.859 0.880 0.860 0.866 0.853 0.856  
0.680 0.675 0.882 0.891 1.000 0.891 0.857 0.864 0.870 0.730 0.722 0.742 0.839 0.858 0.890 0.838 0.861 0.852  
0.679 0.676 0.884 0.870 0.881 1.000 0.919 0.909 0.876 0.734 0.725 0.754 0.826 0.871 0.877 0.868 0.896 0.842  
0.701 0.697 0.890 0.844 0.848 0.920 1.000 0.923 0.887 0.727 0.736 0.743 0.840 0.882 0.841 0.871 0.971 0.845  
0.697 0.691 0.878 0.858 0.861 0.916 0.930 1.000 0.887 0.726 0.735 0.746 0.824 0.875 0.852 0.847 0.935 0.839  
0.678 0.673 0.913 0.878 0.864 0.880 0.890 0.884 1.000 0.722 0.725 0.748 0.845 0.906 0.868 0.889 0.899 0.856  
0.655 0.658 0.769 0.762 0.766 0.779 0.772 0.765 0.764 1.000 0.697 0.752 0.735 0.761 0.763 0.758 0.764 0.744  
0.662 0.652 0.759 0.750 0.753 0.764 0.775 0.769 0.762 0.692 1.000 0.701 0.732 0.769 0.752 0.741 0.778 0.742  
0.664 0.666 0.796 0.789 0.779 0.800 0.788 0.786 0.790 0.751 0.705 1.000 0.764 0.807 0.793 0.783 0.785 0.784  
0.654 0.655 0.866 0.861 0.835 0.831 0.844 0.823 0.847 0.696 0.699 0.725 1.000 0.862 0.834 0.846 0.842 0.888  
0.687 0.686 0.907 0.885 0.856 0.879 0.889 0.876 0.911 0.723 0.736 0.767 0.864 1.000 0.889 0.873 0.909 0.875  
0.675 0.671 0.880 0.864 0.886 0.883 0.847 0.852 0.871 0.724 0.718 0.753 0.835 0.888 1.000 0.844 0.857 0.844  
0.663 0.662 0.857 0.867 0.831 0.872 0.874 0.844 0.889 0.716 0.705 0.741 0.845 0.869 0.841 1.000 0.872 0.845  
0.706 0.700 0.883 0.849 0.849 0.895 0.969 0.927 0.893 0.718 0.737 0.739 0.835 0.899 0.849 0.867 1.000 0.839  
0.662 0.658 0.864 0.856 0.845 0.845 0.847 0.835 0.855 0.703 0.706 0.742 0.885 0.870 0.840 0.844 0.843 1.000  
