1.000 0.428 0.365 0.431 0.370 0.365 0.634 0.519 0.573 0.517 0.525 0.517 0.492 0.519 0.517 0.617 0.606 0.513 0.549 0.511 0.619 0.605 0.544 0.547 0.547 0.512 0.529 0.520 0.531 0.547 0.584 0.519 0.546 0.534 0.640 0.512 0.534 0.490 0.532 0.538 0.544 0.587 0.517 0.552 0.511 0.534 0.575 0.533 0.521 0.530 0.520 0.508 0.533 0.533 0.539 0.781 0.562 0.601 0.578 0.360 0.378 0.374 0.376 0.361 0.372 0.365 0.372 0.403 0.376 0.383 0.438 0.391 0.364 0.331 0.463 0.364 0.382 0.394 0.428 0.403 0.371 0.409 0.383 0.420 0.356 0.428 0.486 0.383 0.383 0.339 0.376  
0.445 1.000 0.673 0.907 0.659 0.669 0.501 0.403 0.394 0.405 0.416 0.405 0.423 0.406 0.407 0.461 0.484 0.409 0.477 0.411 0.487 0.526 0.401 0.476 0.473 0.403 0.436 0.433 0.491 0.476 0.506 0.468 0.476 0.480 0.486 0.442 0.483 0.469 0.486 0.486 0.466 0.510 0.490 0.456 0.469 0.480 0.558 0.486 0.432 0.461 0.419 0.445 0.483 0.479 0.453 0.430 0.440 0.551 0.541 0.674 0.648 0.671 0.683 0.673 0.666 0.669 0.659 0.883 0.662 0.675 0.874 0.522 0.681 0.639 0.761 0.658 0.610 0.532 0.413 0.517 0.653 0.531 0.531 0.550 0.494 1.000 0.724 0.571 0.581 0.512 0.592  
0.384 0.681 1.000 0.666 0.942 0.959 0.418 0.495 0.409 0.498 0.482 0.498 0.522 0.502 0.504 0.410 0.414 0.506 0.559 0.506 0.403 0.485 0.497 0.554 0.545 0.502 0.549 0.548 0.560 0.554 0.413 0.540 0.554 0.554 0.412 0.542 0.561 0.547 0.562 0.564 0.540 0.416 0.616 0.490 0.517 0.554 0.456 0.561 0.524 0.541 0.524 0.499 0.560 0.553 0.427 0.379 0.441 0.440 0.432 0.942 0.928 0.968 0.962 0.934 0.982 0.959 0.973 0.677 0.884 0.889 0.621 0.767 0.968 0.852 0.681 0.971 0.848 0.791 0.400 0.770 0.699 0.680 0.586 0.521 0.531 0.681 0.684 0.715 0.770 0.596 0.851  
0.451 0.914 0.663 1.000 0.668 0.677 0.513 0.409 0.402 0.411 0.428 0.411 0.428 0.413 0.414 0.474 0.490 0.416 0.481 0.418 0.499 0.540 0.408 0.480 0.478 0.410 0.446 0.440 0.492 0.480 0.512 0.471 0.480 0.481 0.498 0.450 0.484 0.466 0.487 0.490 0.470 0.516 0.488 0.461 0.470 0.481 0.563 0.487 0.441 0.464 0.428 0.447 0.484 0.481 0.455 0.432 0.441 0.555 0.543 0.678 0.656 0.664 0.671 0.675 0.656 0.677 0.664 0.875 0.657 0.659 0.894 0.517 0.678 0.641 0.744 0.664 0.604 0.526 0.414 0.514 0.637 0.538 0.536 0.547 0.481 0.914 0.719 0.577 0.586 0.511 0.587  
0.388 0.665 0.939 0.669 1.000 0.983 0.420 0.494 0.408 0.497 0.483 0.497 0.520 0.501 0.502 0.412 0.408 0.505 0.554 0.505 0.403 0.487 0.497 0.550 0.541 0.503 0.550 0.547 0.553 0.550 0.411 0.535 0.549 0.547 0.414 0.542 0.554 0.538 0.555 0.559 0.536 0.414 0.608 0.486 0.511 0.547 0.454 0.554 0.525 0.536 0.524 0.495 0.553 0.546 0.419 0.377 0.436 0.441 0.429 0.942 0.915 0.952 0.942 0.952 0.960 0.983 0.968 0.666 0.869 0.866 0.617 0.756 0.924 0.840 0.699 0.940 0.844 0.775 0.402 0.748 0.682 0.662 0.598 0.528 0.529 0.665 0.679 0.723 0.782 0.621 0.830  
0.383 0.675 0.956 0.678 0.983 1.000 0.415 0.484 0.401 0.486 0.473 0.486 0.509 0.490 0.492 0.406 0.404 0.495 0.543 0.495 0.399 0.481 0.487 0.538 0.530 0.492 0.539 0.536 0.542 0.538 0.406 0.524 0.538 0.536 0.409 0.530 0.542 0.528 0.544 0.548 0.525 0.409 0.596 0.477 0.500 0.536 0.449 0.542 0.514 0.525 0.513 0.485 0.542 0.535 0.413 0.371 0.428 0.436 0.424 0.957 0.899 0.935 0.925 0.950 0.944 1.000 0.952 0.676 0.855 0.851 0.624 0.755 0.941 0.855 0.691 0.957 0.828 0.774 0.399 0.757 0.671 0.665 0.590 0.528 0.530 0.675 0.673 0.728 0.788 0.611 0.836  
0.621 0.472 0.389 0.479 0.392 0.387 1.000 0.513 0.700 0.513 0.521 0.513 0.475 0.497 0.498 0.871 0.594 0.500 0.528 0.500 0.784 0.593 0.500 0.526 0.523 0.530 0.521 0.508 0.524 0.526 0.744 0.500 0.524 0.525 0.958 0.503 0.526 0.482 0.529 0.517 0.524 0.746 0.505 0.556 0.488 0.525 0.704 0.528 0.527 0.526 0.506 0.512 0.526 0.526 0.523 0.574 0.577 0.756 0.725 0.390 0.404 0.397 0.399 0.388 0.396 0.387 0.395 0.445 0.396 0.404 0.500 0.432 0.389 0.359 0.507 0.388 0.418 0.406 0.368 0.409 0.391 0.410 0.389 0.514 0.426 0.472 0.525 0.389 0.429 0.368 0.404  
0.537 0.401 0.487 0.403 0.487 0.476 0.542 1.000 0.594 0.994 0.750 0.994 0.744 0.888 0.890 0.548 0.615 0.894 0.801 0.894 0.489 0.668 0.914 0.809 0.797 0.842 0.875 0.824 0.791 0.809 0.573 0.762 0.808 0.804 0.559 0.817 0.810 0.686 0.806 0.789 0.810 0.573 0.768 0.712 0.656 0.804 0.555 0.804 0.830 0.822 0.886 0.682 0.810 0.801 0.612 0.562 0.658 0.536 0.551 0.466 0.514 0.498 0.500 0.470 0.498 0.476 0.497 0.395 0.514 0.524 0.389 0.489 0.481 0.441 0.488 0.488 0.483 0.560 0.314 0.589 0.434 0.552 0.493 0.373 0.387 0.401 0.526 0.413 0.454 0.425 0.475  
0.568 0.375 0.385 0.380 0.385 0.378 0.708 0.569 1.000 0.567 0.614 0.567 0.583 0.578 0.578 0.730 0.550 0.573 0.575 0.573 0.745 0.532 0.572 0.573 0.574 0.598 0.585 0.578 0.574 0.573 0.566 0.556 0.572 0.573 0.706 0.556 0.572 0.504 0.575 0.570 0.572 0.568 0.558 0.537 0.474 0.573 0.513 0.575 0.572 0.572 0.579 0.571 0.572 0.573 0.498 0.533 0.518 0.550 0.535 0.373 0.405 0.394 0.396 0.373 0.392 0.378 0.392 0.363 0.410 0.418 0.387 0.426 0.382 0.345 0.416 0.387 0.414 0.422 0.341 0.435 0.356 0.473 0.378 0.407 0.336 0.375 0.442 0.411 0.415 0.342 0.403  
0.534 0.402 0.489 0.405 0.489 0.478 0.540 0.993 0.592 1.000 0.744 1.000 0.739 0.883 0.885 0.546 0.612 0.890 0.803 0.891 0.487 0.662 0.910 0.812 0.797 0.836 0.874 0.820 0.791 0.812 0.573 0.764 0.810 0.804 0.558 0.818 0.812 0.686 0.808 0.791 0.811 0.572 0.770 0.714 0.659 0.804 0.556 0.806 0.831 0.824 0.883 0.682 0.812 0.803 0.613 0.563 0.659 0.535 0.551 0.468 0.516 0.500 0.502 0.472 0.500 0.478 0.500 0.397 0.516 0.526 0.390 0.490 0.483 0.443 0.489 0.490 0.485 0.561 0.314 0.591 0.436 0.554 0.493 0.372 0.387 0.402 0.528 0.414 0.456 0.425 0.477  
0.541 0.413 0.472 0.421 0.475 0.465 0.549 0.749 0.639 0.743 1.000 0.743 0.765 0.740 0.742 0.577 0.590 0.746 0.694 0.765 0.518 0.732 0.759 0.692 0.684 0.762 0.798 0.767 0.687 0.692 0.534 0.669 0.687 0.691 0.561 0.729 0.698 0.639 0.698 0.686 0.688 0.533 0.690 0.653 0.605 0.691 0.512 0.692 0.772 0.709 0.782 0.665 0.697 0.699 0.565 0.534 0.605 0.514 0.520 0.454 0.504 0.480 0.480 0.460 0.483 0.465 0.484 0.412 0.511 0.503 0.406 0.485 0.467 0.434 0.518 0.476 0.470 0.563 0.323 0.591 0.441 0.606 0.524 0.383 0.390 0.413 0.563 0.448 0.460 0.452 0.461  
0.534 0.402 0.489 0.405 0.489 0.478 0.540 0.993 0.592 1.000 0.744 1.000 0.739 0.883 0.885 0.546 0.612 0.890 0.803 0.891 0.487 0.662 0.910 0.812 0.797 0.836 0.874 0.820 0.791 0.812 0.573 0.764 0.810 0.804 0.558 0.818 0.812 0.686 0.808 0.791 0.811 0.572 0.770 0.714 0.659 0.804 0.556 0.806 0.831 0.824 0.883 0.682 0.812 0.803 0.613 0.563 0.659 0.535 0.551 0.468 0.516 0.500 0.502 0.472 0.500 0.478 0.500 0.397 0.516 0.526 0.390 0.490 0.483 0.443 0.489 0.490 0.485 0.561 0.314 0.591 0.436 0.554 0.493 0.372 0.387 0.402 0.528 0.414 0.456 0.425 0.477  
0.510 0.421 0.514 0.423 0.514 0.503 0.501 0.745 0.610 0.741 0.768 0.741 1.000 0.794 0.796 0.520 0.605 0.788 0.718 0.771 0.473 0.680 0.762 0.714 0.710 0.782 0.784 0.835 0.707 0.714 0.509 0.705 0.713 0.714 0.512 0.769 0.718 0.704 0.714 0.727 0.708 0.508 0.756 0.660 0.649 0.714 0.499 0.714 0.740 0.731 0.799 0.665 0.717 0.716 0.575 0.521 0.566 0.503 0.513 0.489 0.547 0.525 0.527 0.497 0.525 0.503 0.525 0.417 0.558 0.560 0.403 0.520 0.509 0.469 0.516 0.516 0.517 0.598 0.329 0.624 0.478 0.675 0.545 0.382 0.404 0.421 0.556 0.503 0.497 0.469 0.508  
0.537 0.404 0.494 0.408 0.494 0.484 0.526 0.889 0.604 0.885 0.743 0.885 0.793 1.000 0.998 0.530 0.659 0.989 0.804 0.964 0.495 0.677 0.922 0.812 0.803 0.862 0.892 0.877 0.793 0.812 0.526 0.803 0.812 0.806 0.540 0.835 0.809 0.721 0.806 0.793 0.808 0.525 0.786 0.710 0.662 0.806 0.518 0.805 0.828 0.822 0.944 0.708 0.808 0.801 0.657 0.549 0.632 0.511 0.520 0.472 0.521 0.504 0.506 0.476 0.505 0.484 0.505 0.398 0.519 0.530 0.393 0.498 0.487 0.447 0.491 0.496 0.493 0.570 0.310 0.596 0.436 0.556 0.500 0.370 0.377 0.404 0.527 0.419 0.462 0.434 0.483  
0.536 0.405 0.495 0.409 0.495 0.485 0.527 0.891 0.604 0.886 0.745 0.886 0.796 0.998 1.000 0.531 0.660 0.991 0.806 0.965 0.496 0.679 0.924 0.814 0.805 0.865 0.894 0.875 0.794 0.814 0.527 0.805 0.813 0.807 0.541 0.836 0.810 0.723 0.807 0.795 0.809 0.526 0.788 0.712 0.663 0.807 0.519 0.807 0.829 0.824 0.945 0.709 0.810 0.802 0.658 0.550 0.634 0.511 0.521 0.474 0.522 0.506 0.507 0.478 0.507 0.485 0.506 0.399 0.521 0.532 0.394 0.499 0.489 0.448 0.492 0.497 0.494 0.571 0.310 0.597 0.438 0.558 0.501 0.370 0.377 0.405 0.529 0.420 0.463 0.435 0.484  
0.609 0.438 0.385 0.446 0.388 0.382 0.877 0.523 0.727 0.522 0.552 0.522 0.496 0.505 0.506 1.000 0.579 0.510 0.536 0.510 0.728 0.572 0.511 0.534 0.530 0.535 0.531 0.511 0.534 0.534 0.694 0.517 0.531 0.535 0.879 0.521 0.536 0.485 0.534 0.534 0.532 0.696 0.509 0.545 0.471 0.535 0.645 0.533 0.534 0.531 0.515 0.529 0.536 0.537 0.510 0.575 0.561 0.695 0.665 0.383 0.402 0.394 0.396 0.381 0.392 0.382 0.392 0.416 0.398 0.406 0.462 0.428 0.384 0.352 0.473 0.385 0.416 0.407 0.349 0.412 0.374 0.425 0.378 0.492 0.406 0.438 0.492 0.390 0.426 0.355 0.402  
0.612 0.471 0.398 0.472 0.393 0.389 0.613 0.601 0.561 0.598 0.578 0.598 0.590 0.643 0.644 0.593 1.000 0.651 0.632 0.652 0.604 0.695 0.614 0.629 0.625 0.587 0.597 0.596 0.618 0.629 0.616 0.626 0.628 0.629 0.623 0.561 0.631 0.573 0.627 0.614 0.620 0.616 0.624 0.624 0.597 0.629 0.602 0.627 0.571 0.623 0.627 0.582 0.631 0.629 0.685 0.639 0.572 0.595 0.600 0.388 0.413 0.405 0.410 0.389 0.403 0.389 0.401 0.439 0.406 0.420 0.481 0.380 0.398 0.359 0.489 0.394 0.395 0.420 0.307 0.439 0.414 0.445 0.412 0.369 0.370 0.471 0.512 0.367 0.376 0.351 0.384  
0.531 0.407 0.498 0.411 0.498 0.488 0.528 0.895 0.599 0.892 0.749 0.892 0.787 0.989 0.991 0.535 0.667 1.000 0.808 0.974 0.501 0.683 0.932 0.817 0.805 0.857 0.901 0.868 0.794 0.817 0.531 0.807 0.816 0.807 0.546 0.837 0.813 0.721 0.809 0.797 0.809 0.531 0.791 0.715 0.666 0.807 0.521 0.808 0.829 0.825 0.946 0.708 0.813 0.804 0.657 0.551 0.634 0.509 0.519 0.477 0.525 0.508 0.510 0.481 0.509 0.488 0.509 0.401 0.524 0.535 0.395 0.500 0.492 0.451 0.494 0.500 0.497 0.573 0.311 0.601 0.440 0.562 0.502 0.370 0.378 0.407 0.531 0.422 0.466 0.434 0.487  
0.566 0.473 0.547 0.474 0.544 0.533 0.555 0.798 0.598 0.801 0.693 0.801 0.714 0.800 0.802 0.560 0.644 0.805 1.000 0.795 0.524 0.629 0.801 0.991 0.965 0.750 0.839 0.804 0.916 0.991 0.580 0.916 0.982 0.926 0.571 0.857 0.941 0.766 0.942 0.960 0.955 0.580 0.870 0.862 0.760 0.926 0.587 0.930 0.853 0.931 0.812 0.765 0.940 0.934 0.688 0.587 0.693 0.543 0.542 0.522 0.573 0.562 0.567 0.528 0.559 0.533 0.556 0.460 0.579 0.598 0.454 0.520 0.542 0.498 0.522 0.546 0.547 0.584 0.337 0.617 0.513 0.587 0.526 0.394 0.422 0.473 0.555 0.469 0.503 0.448 0.533  
0.528 0.408 0.497 0.412 0.497 0.487 0.527 0.893 0.598 0.890 0.766 0.890 0.768 0.961 0.963 0.534 0.666 0.972 0.797 1.000 0.499 0.698 0.932 0.805 0.807 0.832 0.900 0.843 0.803 0.805 0.525 0.796 0.804 0.800 0.544 0.838 0.807 0.729 0.803 0.785 0.797 0.524 0.785 0.710 0.664 0.800 0.516 0.801 0.851 0.818 0.947 0.708 0.806 0.812 0.657 0.549 0.634 0.505 0.513 0.476 0.524 0.506 0.507 0.480 0.508 0.487 0.508 0.403 0.522 0.532 0.397 0.498 0.490 0.452 0.498 0.499 0.493 0.574 0.311 0.604 0.443 0.566 0.511 0.367 0.375 0.408 0.537 0.421 0.463 0.439 0.483  
0.607 0.459 0.375 0.467 0.376 0.372 0.784 0.463 0.737 0.462 0.492 0.462 0.448 0.469 0.470 0.723 0.586 0.474 0.498 0.474 1.000 0.600 0.470 0.496 0.493 0.488 0.488 0.480 0.501 0.496 0.621 0.497 0.495 0.501 0.761 0.472 0.501 0.476 0.499 0.489 0.492 0.621 0.492 0.503 0.470 0.501 0.626 0.499 0.491 0.489 0.477 0.497 0.501 0.501 0.509 0.553 0.514 0.655 0.627 0.374 0.388 0.383 0.385 0.372 0.381 0.372 0.381 0.432 0.379 0.388 0.484 0.418 0.375 0.343 0.490 0.374 0.402 0.392 0.378 0.397 0.372 0.395 0.374 0.465 0.373 0.459 0.508 0.386 0.409 0.345 0.392  
0.629 0.525 0.478 0.535 0.482 0.476 0.628 0.671 0.557 0.666 0.737 0.666 0.682 0.679 0.681 0.602 0.714 0.685 0.634 0.701 0.636 1.000 0.686 0.632 0.626 0.684 0.747 0.712 0.630 0.632 0.601 0.628 0.631 0.634 0.628 0.691 0.641 0.610 0.637 0.636 0.619 0.600 0.649 0.637 0.635 0.634 0.608 0.636 0.724 0.649 0.717 0.601 0.640 0.638 0.627 0.587 0.583 0.624 0.622 0.472 0.498 0.483 0.483 0.476 0.486 0.476 0.487 0.510 0.482 0.485 0.535 0.486 0.477 0.448 0.625 0.477 0.465 0.555 0.351 0.576 0.465 0.548 0.527 0.454 0.442 0.525 0.660 0.428 0.456 0.469 0.461  
0.562 0.398 0.487 0.401 0.489 0.478 0.526 0.911 0.596 0.909 0.759 0.909 0.759 0.918 0.920 0.535 0.626 0.929 0.801 0.930 0.494 0.681 1.000 0.810 0.797 0.826 0.893 0.832 0.788 0.810 0.527 0.780 0.809 0.800 0.543 0.827 0.806 0.693 0.803 0.790 0.802 0.526 0.769 0.707 0.654 0.800 0.517 0.801 0.840 0.818 0.908 0.689 0.806 0.797 0.625 0.578 0.640 0.506 0.514 0.467 0.514 0.497 0.498 0.471 0.499 0.478 0.499 0.393 0.513 0.522 0.385 0.493 0.481 0.442 0.490 0.489 0.485 0.567 0.323 0.595 0.430 0.557 0.498 0.368 0.370 0.398 0.530 0.417 0.457 0.430 0.476  
0.564 0.471 0.543 0.472 0.540 0.529 0.553 0.807 0.597 0.810 0.691 0.810 0.711 0.809 0.811 0.557 0.641 0.813 0.991 0.803 0.522 0.627 0.809 1.000 0.974 0.742 0.848 0.796 0.924 1.000 0.578 0.908 0.991 0.935 0.569 0.865 0.949 0.773 0.950 0.969 0.963 0.578 0.862 0.856 0.756 0.935 0.594 0.939 0.862 0.940 0.820 0.758 0.949 0.943 0.682 0.594 0.692 0.541 0.539 0.518 0.569 0.558 0.563 0.524 0.555 0.529 0.552 0.459 0.575 0.594 0.452 0.516 0.538 0.495 0.521 0.542 0.543 0.580 0.336 0.613 0.514 0.584 0.527 0.392 0.420 0.471 0.554 0.466 0.500 0.448 0.528  
0.564 0.469 0.534 0.470 0.531 0.520 0.550 0.794 0.597 0.796 0.683 0.796 0.707 0.800 0.801 0.554 0.637 0.801 0.966 0.806 0.519 0.622 0.797 0.974 1.000 0.734 0.834 0.788 0.945 0.974 0.573 0.884 0.982 0.943 0.565 0.863 0.940 0.782 0.930 0.960 0.972 0.573 0.845 0.841 0.743 0.943 0.591 0.941 0.881 0.927 0.809 0.754 0.940 0.940 0.691 0.587 0.694 0.548 0.545 0.509 0.561 0.549 0.554 0.516 0.546 0.520 0.543 0.456 0.567 0.585 0.451 0.507 0.529 0.487 0.515 0.533 0.535 0.569 0.335 0.600 0.514 0.574 0.525 0.388 0.415 0.469 0.548 0.461 0.491 0.446 0.519  
0.530 0.401 0.494 0.405 0.496 0.485 0.560 0.843 0.625 0.838 0.765 0.838 0.782 0.863 0.865 0.562 0.602 0.857 0.753 0.834 0.516 0.682 0.829 0.746 0.737 1.000 0.837 0.889 0.738 0.746 0.543 0.739 0.745 0.749 0.575 0.790 0.753 0.665 0.750 0.736 0.749 0.542 0.775 0.682 0.648 0.749 0.531 0.749 0.787 0.765 0.852 0.694 0.752 0.745 0.586 0.528 0.620 0.537 0.541 0.474 0.527 0.505 0.506 0.478 0.506 0.485 0.506 0.396 0.524 0.531 0.390 0.506 0.488 0.447 0.497 0.496 0.495 0.575 0.316 0.599 0.423 0.565 0.489 0.385 0.388 0.401 0.534 0.423 0.471 0.433 0.486  
0.547 0.433 0.539 0.440 0.542 0.531 0.550 0.875 0.610 0.875 0.800 0.875 0.783 0.891 0.893 0.556 0.611 0.900 0.842 0.902 0.515 0.744 0.895 0.850 0.837 0.836 1.000 0.888 0.826 0.850 0.545 0.767 0.849 0.837 0.565 0.895 0.845 0.718 0.841 0.830 0.834 0.544 0.815 0.740 0.693 0.837 0.537 0.839 0.914 0.851 0.936 0.735 0.844 0.835 0.608 0.555 0.631 0.524 0.529 0.518 0.570 0.549 0.548 0.524 0.551 0.531 0.552 0.432 0.568 0.572 0.419 0.549 0.532 0.495 0.550 0.542 0.532 0.634 0.337 0.665 0.473 0.622 0.562 0.401 0.409 0.433 0.595 0.461 0.508 0.490 0.525  
0.543 0.435 0.543 0.439 0.544 0.533 0.542 0.832 0.609 0.828 0.775 0.828 0.842 0.884 0.882 0.541 0.616 0.875 0.814 0.852 0.511 0.716 0.842 0.806 0.797 0.896 0.897 1.000 0.801 0.806 0.543 0.764 0.805 0.813 0.554 0.849 0.817 0.710 0.814 0.796 0.796 0.542 0.843 0.719 0.697 0.813 0.536 0.813 0.847 0.829 0.885 0.736 0.817 0.809 0.611 0.544 0.635 0.543 0.548 0.521 0.578 0.555 0.556 0.525 0.556 0.533 0.556 0.430 0.574 0.582 0.418 0.551 0.536 0.494 0.537 0.545 0.542 0.627 0.334 0.655 0.468 0.610 0.539 0.405 0.418 0.435 0.576 0.461 0.511 0.476 0.532  
0.544 0.483 0.544 0.480 0.539 0.528 0.547 0.782 0.593 0.784 0.682 0.784 0.699 0.784 0.785 0.554 0.626 0.785 0.909 0.796 0.523 0.621 0.782 0.918 0.938 0.729 0.817 0.786 1.000 0.918 0.559 0.852 0.926 0.973 0.562 0.843 0.960 0.801 0.960 0.913 0.921 0.559 0.869 0.791 0.741 0.973 0.597 0.971 0.892 0.932 0.800 0.771 0.961 0.965 0.732 0.573 0.725 0.573 0.566 0.519 0.571 0.560 0.566 0.526 0.556 0.528 0.554 0.469 0.577 0.598 0.465 0.516 0.540 0.496 0.519 0.543 0.549 0.571 0.349 0.602 0.531 0.577 0.529 0.401 0.425 0.483 0.550 0.474 0.504 0.447 0.533  
0.564 0.471 0.543 0.472 0.540 0.529 0.553 0.807 0.597 0.810 0.691 0.810 0.711 0.809 0.811 0.557 0.641 0.813 0.991 0.803 0.522 0.627 0.809 1.000 0.974 0.742 0.848 0.796 0.924 1.000 0.578 0.908 0.991 0.935 0.569 0.865 0.949 0.773 0.950 0.969 0.963 0.578 0.862 0.856 0.756 0.935 0.594 0.939 0.862 0.940 0.820 0.758 0.949 0.943 0.682 0.594 0.692 0.541 0.539 0.518 0.569 0.558 0.563 0.524 0.555 0.529 0.552 0.459 0.575 0.594 0.452 0.516 0.538 0.495 0.521 0.542 0.543 0.580 0.336 0.613 0.514 0.584 0.527 0.392 0.420 0.471 0.554 0.466 0.500 0.448 0.528  
0.570 0.475 0.383 0.477 0.383 0.378 0.740 0.541 0.557 0.541 0.505 0.541 0.479 0.495 0.497 0.687 0.595 0.501 0.549 0.496 0.618 0.565 0.499 0.547 0.542 0.512 0.514 0.507 0.533 0.547 1.000 0.522 0.545 0.534 0.742 0.488 0.537 0.486 0.541 0.539 0.543 0.994 0.525 0.563 0.499 0.534 0.804 0.539 0.503 0.533 0.498 0.489 0.537 0.537 0.532 0.578 0.577 0.795 0.820 0.379 0.397 0.393 0.400 0.378 0.390 0.378 0.386 0.444 0.392 0.407 0.488 0.364 0.384 0.351 0.483 0.377 0.379 0.390 0.349 0.401 0.413 0.405 0.381 0.440 0.457 0.475 0.500 0.352 0.367 0.343 0.373  
0.530 0.460 0.525 0.460 0.521 0.511 0.521 0.753 0.574 0.756 0.662 0.756 0.696 0.793 0.795 0.536 0.633 0.797 0.909 0.788 0.519 0.618 0.773 0.900 0.876 0.729 0.758 0.748 0.851 0.900 0.546 1.000 0.892 0.861 0.537 0.808 0.871 0.746 0.872 0.909 0.875 0.547 0.823 0.789 0.700 0.861 0.574 0.861 0.779 0.853 0.783 0.722 0.870 0.869 0.699 0.549 0.683 0.528 0.526 0.500 0.548 0.538 0.544 0.505 0.536 0.511 0.533 0.445 0.549 0.574 0.444 0.495 0.520 0.474 0.494 0.523 0.524 0.556 0.319 0.588 0.487 0.556 0.493 0.380 0.406 0.460 0.523 0.442 0.476 0.419 0.510  
0.563 0.472 0.543 0.472 0.540 0.529 0.551 0.805 0.596 0.808 0.687 0.808 0.710 0.808 0.810 0.555 0.640 0.812 0.982 0.802 0.520 0.626 0.808 0.991 0.982 0.741 0.846 0.795 0.932 0.991 0.575 0.900 1.000 0.943 0.567 0.866 0.957 0.772 0.942 0.977 0.971 0.576 0.861 0.848 0.755 0.943 0.595 0.947 0.869 0.933 0.819 0.758 0.957 0.935 0.688 0.593 0.691 0.545 0.543 0.517 0.569 0.557 0.563 0.524 0.555 0.529 0.552 0.459 0.575 0.593 0.452 0.515 0.537 0.494 0.520 0.541 0.542 0.579 0.337 0.612 0.514 0.583 0.527 0.392 0.421 0.472 0.553 0.466 0.499 0.448 0.528  
0.550 0.475 0.541 0.472 0.536 0.525 0.551 0.800 0.595 0.801 0.689 0.801 0.709 0.801 0.802 0.558 0.640 0.802 0.924 0.798 0.526 0.628 0.798 0.933 0.941 0.744 0.833 0.802 0.979 0.933 0.563 0.867 0.941 1.000 0.566 0.858 0.984 0.793 0.963 0.929 0.939 0.563 0.891 0.803 0.742 1.000 0.588 0.974 0.892 0.953 0.816 0.772 0.984 0.973 0.729 0.583 0.722 0.571 0.563 0.516 0.567 0.556 0.562 0.522 0.553 0.525 0.550 0.461 0.573 0.594 0.457 0.516 0.536 0.492 0.516 0.540 0.545 0.573 0.343 0.603 0.518 0.576 0.522 0.399 0.420 0.475 0.548 0.469 0.501 0.443 0.530  
0.632 0.461 0.386 0.469 0.390 0.385 0.965 0.534 0.704 0.533 0.537 0.533 0.488 0.515 0.516 0.879 0.608 0.520 0.547 0.520 0.767 0.597 0.520 0.545 0.541 0.548 0.539 0.524 0.542 0.545 0.751 0.519 0.543 0.543 1.000 0.518 0.545 0.490 0.548 0.535 0.543 0.752 0.522 0.577 0.502 0.543 0.687 0.547 0.542 0.545 0.524 0.517 0.545 0.545 0.534 0.580 0.590 0.738 0.707 0.387 0.402 0.395 0.397 0.385 0.393 0.385 0.393 0.436 0.394 0.402 0.486 0.427 0.386 0.356 0.502 0.385 0.412 0.409 0.355 0.413 0.385 0.412 0.390 0.497 0.416 0.461 0.522 0.381 0.421 0.365 0.399  
0.529 0.439 0.532 0.444 0.534 0.523 0.531 0.817 0.580 0.819 0.730 0.819 0.768 0.834 0.835 0.546 0.574 0.836 0.859 0.839 0.498 0.688 0.829 0.868 0.865 0.789 0.895 0.841 0.852 0.868 0.518 0.817 0.869 0.862 0.542 1.000 0.855 0.738 0.853 0.883 0.868 0.517 0.796 0.748 0.678 0.862 0.535 0.857 0.909 0.875 0.865 0.744 0.856 0.847 0.619 0.540 0.637 0.520 0.512 0.510 0.562 0.542 0.543 0.517 0.545 0.523 0.545 0.435 0.561 0.568 0.423 0.527 0.525 0.488 0.541 0.534 0.522 0.616 0.320 0.647 0.479 0.606 0.551 0.384 0.403 0.439 0.585 0.450 0.489 0.481 0.511  
0.549 0.478 0.548 0.475 0.543 0.531 0.552 0.806 0.594 0.809 0.696 0.809 0.713 0.803 0.805 0.559 0.642 0.808 0.939 0.803 0.526 0.635 0.804 0.947 0.937 0.747 0.840 0.805 0.965 0.947 0.566 0.876 0.955 0.983 0.568 0.851 1.000 0.790 0.973 0.942 0.927 0.566 0.903 0.815 0.752 0.983 0.592 0.978 0.885 0.952 0.821 0.770 0.999 0.977 0.719 0.590 0.722 0.564 0.562 0.522 0.574 0.563 0.568 0.529 0.560 0.531 0.557 0.464 0.580 0.600 0.458 0.521 0.543 0.499 0.523 0.546 0.551 0.580 0.345 0.613 0.522 0.585 0.528 0.401 0.426 0.478 0.555 0.474 0.508 0.448 0.537  
0.498 0.458 0.528 0.452 0.521 0.511 0.500 0.674 0.517 0.674 0.629 0.674 0.691 0.707 0.709 0.500 0.576 0.707 0.755 0.717 0.494 0.597 0.683 0.762 0.770 0.652 0.706 0.691 0.795 0.762 0.506 0.741 0.761 0.783 0.504 0.725 0.781 1.000 0.783 0.762 0.762 0.506 0.784 0.704 0.691 0.783 0.550 0.784 0.722 0.759 0.707 0.688 0.780 0.788 0.666 0.519 0.642 0.522 0.520 0.502 0.552 0.543 0.549 0.507 0.539 0.511 0.536 0.443 0.555 0.580 0.440 0.501 0.523 0.478 0.486 0.526 0.533 0.553 0.328 0.582 0.509 0.552 0.510 0.380 0.404 0.458 0.515 0.449 0.484 0.428 0.515  
0.547 0.480 0.548 0.477 0.543 0.532 0.555 0.801 0.596 0.804 0.694 0.804 0.708 0.799 0.801 0.556 0.637 0.803 0.938 0.799 0.523 0.630 0.800 0.947 0.927 0.743 0.835 0.801 0.963 0.947 0.570 0.876 0.938 0.961 0.571 0.847 0.972 0.791 1.000 0.926 0.917 0.570 0.884 0.815 0.754 0.961 0.591 0.988 0.875 0.955 0.817 0.770 0.971 0.967 0.720 0.584 0.726 0.563 0.561 0.523 0.575 0.563 0.569 0.530 0.560 0.532 0.558 0.466 0.581 0.602 0.461 0.522 0.543 0.499 0.522 0.547 0.552 0.579 0.345 0.611 0.526 0.584 0.528 0.402 0.426 0.480 0.554 0.476 0.509 0.447 0.538  
0.555 0.481 0.552 0.481 0.549 0.538 0.543 0.786 0.593 0.789 0.685 0.789 0.724 0.789 0.791 0.557 0.626 0.793 0.959 0.783 0.514 0.631 0.789 0.968 0.959 0.732 0.827 0.786 0.919 0.968 0.569 0.916 0.976 0.930 0.558 0.880 0.944 0.773 0.929 1.000 0.948 0.569 0.851 0.830 0.742 0.930 0.587 0.934 0.856 0.920 0.800 0.749 0.944 0.922 0.681 0.581 0.680 0.538 0.536 0.526 0.579 0.567 0.572 0.533 0.564 0.538 0.561 0.467 0.585 0.603 0.460 0.524 0.547 0.504 0.530 0.551 0.552 0.588 0.336 0.621 0.527 0.593 0.541 0.398 0.428 0.481 0.564 0.475 0.508 0.459 0.537  
0.561 0.462 0.529 0.463 0.526 0.515 0.552 0.808 0.595 0.809 0.687 0.809 0.705 0.804 0.805 0.555 0.633 0.805 0.955 0.795 0.517 0.615 0.802 0.963 0.972 0.746 0.831 0.786 0.927 0.963 0.573 0.882 0.971 0.941 0.567 0.865 0.929 0.773 0.920 0.949 1.000 0.573 0.839 0.844 0.733 0.941 0.592 0.930 0.867 0.923 0.813 0.750 0.930 0.915 0.689 0.580 0.691 0.557 0.544 0.504 0.555 0.543 0.548 0.510 0.541 0.515 0.538 0.449 0.560 0.580 0.444 0.505 0.524 0.480 0.507 0.528 0.530 0.565 0.332 0.595 0.501 0.567 0.512 0.389 0.412 0.462 0.539 0.455 0.487 0.437 0.515  
0.572 0.478 0.386 0.480 0.385 0.380 0.742 0.540 0.559 0.540 0.504 0.540 0.479 0.495 0.496 0.688 0.594 0.500 0.549 0.495 0.618 0.564 0.498 0.547 0.542 0.511 0.513 0.507 0.533 0.547 0.994 0.522 0.545 0.534 0.743 0.488 0.537 0.486 0.541 0.539 0.542 1.000 0.525 0.563 0.499 0.534 0.804 0.539 0.502 0.533 0.497 0.489 0.536 0.537 0.532 0.578 0.577 0.794 0.818 0.381 0.399 0.396 0.403 0.381 0.392 0.380 0.389 0.447 0.395 0.410 0.491 0.366 0.387 0.353 0.485 0.380 0.381 0.393 0.351 0.403 0.417 0.407 0.383 0.442 0.460 0.478 0.502 0.355 0.370 0.345 0.375  
0.531 0.484 0.600 0.478 0.595 0.583 0.529 0.762 0.578 0.765 0.687 0.765 0.749 0.779 0.781 0.529 0.634 0.784 0.866 0.780 0.515 0.642 0.765 0.858 0.841 0.768 0.809 0.829 0.872 0.858 0.552 0.827 0.857 0.888 0.542 0.790 0.901 0.792 0.884 0.848 0.835 0.552 1.000 0.756 0.788 0.888 0.569 0.880 0.794 0.864 0.795 0.749 0.901 0.888 0.673 0.567 0.676 0.550 0.558 0.571 0.626 0.616 0.622 0.577 0.614 0.583 0.611 0.472 0.629 0.659 0.459 0.574 0.594 0.543 0.529 0.600 0.604 0.638 0.363 0.674 0.534 0.630 0.543 0.418 0.443 0.484 0.560 0.506 0.548 0.467 0.591  
0.574 0.456 0.484 0.458 0.482 0.472 0.590 0.716 0.564 0.719 0.658 0.719 0.663 0.714 0.715 0.575 0.643 0.718 0.870 0.715 0.533 0.638 0.713 0.864 0.848 0.685 0.744 0.717 0.804 0.864 0.600 0.803 0.856 0.812 0.608 0.752 0.824 0.721 0.825 0.838 0.852 0.601 0.766 1.000 0.724 0.812 0.587 0.815 0.755 0.817 0.724 0.694 0.823 0.829 0.717 0.579 0.691 0.562 0.555 0.464 0.508 0.497 0.502 0.470 0.495 0.472 0.492 0.440 0.511 0.526 0.445 0.467 0.480 0.440 0.506 0.482 0.486 0.520 0.313 0.548 0.469 0.524 0.480 0.387 0.398 0.456 0.538 0.422 0.454 0.409 0.473  
0.525 0.463 0.504 0.461 0.500 0.489 0.512 0.652 0.492 0.655 0.602 0.655 0.643 0.656 0.658 0.491 0.606 0.661 0.757 0.660 0.492 0.628 0.651 0.753 0.740 0.642 0.688 0.685 0.744 0.753 0.525 0.704 0.752 0.741 0.523 0.673 0.750 0.699 0.754 0.740 0.730 0.525 0.788 0.715 1.000 0.741 0.548 0.751 0.666 0.730 0.671 0.635 0.750 0.745 0.646 0.557 0.616 0.524 0.532 0.482 0.531 0.518 0.524 0.489 0.515 0.489 0.513 0.457 0.532 0.551 0.443 0.479 0.500 0.467 0.507 0.502 0.505 0.534 0.350 0.563 0.508 0.524 0.512 0.385 0.402 0.463 0.539 0.427 0.464 0.435 0.493  
0.550 0.475 0.541 0.472 0.536 0.525 0.551 0.800 0.595 0.801 0.689 0.801 0.709 0.801 0.802 0.558 0.640 0.802 0.924 0.798 0.526 0.628 0.798 0.933 0.941 0.744 0.833 0.802 0.979 0.933 0.563 0.867 0.941 1.000 0.566 0.858 0.984 0.793 0.963 0.929 0.939 0.563 0.891 0.803 0.742 1.000 0.588 0.974 0.892 0.953 0.816 0.772 0.984 0.973 0.729 0.583 0.722 0.571 0.563 0.516 0.567 0.556 0.562 0.522 0.553 0.525 0.550 0.461 0.573 0.594 0.457 0.516 0.536 0.492 0.516 0.540 0.545 0.573 0.343 0.603 0.518 0.576 0.522 0.399 0.420 0.475 0.548 0.469 0.501 0.443 0.530  
0.552 0.516 0.416 0.517 0.416 0.411 0.691 0.515 0.497 0.517 0.477 0.517 0.463 0.481 0.482 0.628 0.573 0.484 0.548 0.480 0.614 0.562 0.482 0.554 0.551 0.493 0.499 0.494 0.560 0.554 0.792 0.539 0.555 0.549 0.669 0.497 0.553 0.520 0.553 0.548 0.552 0.792 0.533 0.542 0.513 0.549 1.000 0.554 0.509 0.532 0.485 0.503 0.553 0.549 0.549 0.566 0.590 0.872 0.849 0.412 0.429 0.427 0.435 0.412 0.423 0.411 0.419 0.483 0.425 0.440 0.528 0.391 0.418 0.384 0.518 0.411 0.409 0.418 0.393 0.427 0.452 0.427 0.408 0.484 0.499 0.516 0.534 0.381 0.398 0.371 0.407  
0.547 0.480 0.547 0.478 0.542 0.531 0.553 0.799 0.596 0.801 0.689 0.801 0.708 0.799 0.800 0.554 0.637 0.801 0.927 0.797 0.522 0.629 0.798 0.936 0.937 0.743 0.833 0.800 0.974 0.936 0.568 0.865 0.944 0.972 0.569 0.851 0.976 0.793 0.988 0.932 0.927 0.568 0.880 0.805 0.751 0.972 0.592 1.000 0.885 0.950 0.815 0.771 0.977 0.959 0.728 0.582 0.728 0.569 0.567 0.522 0.574 0.562 0.568 0.529 0.559 0.531 0.557 0.466 0.579 0.600 0.462 0.521 0.542 0.498 0.520 0.546 0.552 0.577 0.347 0.608 0.525 0.582 0.526 0.402 0.426 0.480 0.552 0.475 0.507 0.446 0.536  
0.538 0.429 0.514 0.435 0.517 0.505 0.554 0.828 0.596 0.830 0.772 0.830 0.737 0.825 0.826 0.559 0.583 0.826 0.854 0.850 0.516 0.719 0.840 0.862 0.882 0.784 0.911 0.837 0.899 0.862 0.532 0.786 0.870 0.895 0.566 0.907 0.888 0.733 0.879 0.858 0.868 0.531 0.798 0.749 0.669 0.895 0.547 0.889 1.000 0.899 0.870 0.744 0.888 0.887 0.653 0.555 0.663 0.544 0.536 0.494 0.543 0.523 0.523 0.499 0.526 0.505 0.526 0.425 0.541 0.546 0.417 0.519 0.507 0.471 0.534 0.516 0.507 0.600 0.327 0.629 0.463 0.591 0.538 0.391 0.395 0.429 0.577 0.439 0.480 0.472 0.498  
0.549 0.460 0.533 0.459 0.530 0.518 0.557 0.824 0.599 0.826 0.712 0.826 0.732 0.823 0.825 0.558 0.639 0.826 0.936 0.821 0.518 0.648 0.822 0.945 0.931 0.765 0.853 0.824 0.943 0.945 0.566 0.865 0.938 0.960 0.572 0.877 0.959 0.774 0.963 0.926 0.928 0.566 0.873 0.814 0.737 0.960 0.573 0.959 0.903 1.000 0.837 0.765 0.958 0.957 0.702 0.594 0.711 0.554 0.553 0.509 0.560 0.547 0.552 0.515 0.545 0.518 0.543 0.448 0.564 0.582 0.442 0.513 0.528 0.485 0.517 0.533 0.535 0.577 0.331 0.608 0.502 0.578 0.522 0.390 0.410 0.460 0.551 0.459 0.493 0.445 0.520  
0.537 0.416 0.514 0.421 0.515 0.505 0.533 0.884 0.603 0.883 0.782 0.883 0.797 0.941 0.943 0.539 0.641 0.944 0.813 0.947 0.502 0.713 0.909 0.822 0.810 0.850 0.934 0.876 0.807 0.822 0.527 0.791 0.821 0.819 0.548 0.863 0.824 0.718 0.821 0.802 0.815 0.526 0.799 0.718 0.675 0.819 0.520 0.819 0.870 0.834 1.000 0.721 0.824 0.816 0.637 0.549 0.633 0.513 0.518 0.493 0.542 0.523 0.524 0.497 0.525 0.505 0.526 0.413 0.540 0.548 0.404 0.519 0.507 0.468 0.519 0.516 0.509 0.601 0.322 0.627 0.451 0.585 0.528 0.382 0.391 0.416 0.558 0.437 0.481 0.460 0.501  
0.516 0.435 0.481 0.433 0.479 0.470 0.530 0.670 0.585 0.670 0.654 0.670 0.652 0.694 0.695 0.544 0.585 0.695 0.753 0.696 0.515 0.587 0.678 0.747 0.743 0.681 0.722 0.717 0.765 0.747 0.509 0.717 0.747 0.762 0.532 0.730 0.760 0.687 0.762 0.738 0.739 0.509 0.741 0.677 0.628 0.762 0.532 0.762 0.732 0.750 0.710 1.000 0.760 0.760 0.612 0.525 0.604 0.526 0.522 0.460 0.509 0.494 0.498 0.466 0.492 0.470 0.490 0.419 0.522 0.529 0.423 0.480 0.477 0.436 0.479 0.481 0.492 0.518 0.325 0.546 0.461 0.546 0.480 0.376 0.379 0.435 0.510 0.449 0.468 0.420 0.479  
0.549 0.478 0.547 0.475 0.542 0.531 0.552 0.805 0.594 0.808 0.695 0.808 0.712 0.803 0.805 0.559 0.642 0.807 0.938 0.803 0.526 0.634 0.804 0.947 0.938 0.747 0.840 0.805 0.966 0.947 0.566 0.876 0.955 0.984 0.568 0.851 0.999 0.790 0.973 0.943 0.928 0.566 0.903 0.814 0.751 0.984 0.591 0.978 0.885 0.951 0.821 0.769 1.000 0.976 0.719 0.590 0.722 0.564 0.561 0.522 0.573 0.562 0.568 0.529 0.559 0.531 0.556 0.464 0.580 0.599 0.458 0.521 0.542 0.499 0.522 0.546 0.550 0.580 0.345 0.612 0.522 0.584 0.528 0.401 0.425 0.478 0.554 0.474 0.508 0.448 0.537  
0.548 0.474 0.541 0.472 0.535 0.524 0.553 0.797 0.595 0.799 0.697 0.799 0.711 0.795 0.797 0.560 0.641 0.799 0.933 0.809 0.526 0.632 0.796 0.941 0.938 0.740 0.831 0.798 0.970 0.941 0.566 0.875 0.933 0.973 0.568 0.842 0.977 0.798 0.969 0.921 0.914 0.566 0.890 0.820 0.746 0.973 0.588 0.961 0.885 0.950 0.814 0.770 0.977 1.000 0.717 0.586 0.724 0.559 0.557 0.515 0.567 0.555 0.561 0.522 0.553 0.524 0.550 0.461 0.573 0.593 0.456 0.515 0.536 0.493 0.519 0.539 0.545 0.574 0.341 0.604 0.523 0.579 0.528 0.397 0.420 0.474 0.551 0.469 0.502 0.446 0.530  
0.556 0.449 0.418 0.447 0.412 0.406 0.550 0.610 0.519 0.611 0.564 0.611 0.572 0.654 0.655 0.532 0.699 0.654 0.687 0.656 0.535 0.622 0.624 0.682 0.691 0.584 0.605 0.603 0.737 0.682 0.562 0.705 0.688 0.730 0.558 0.616 0.720 0.676 0.722 0.681 0.689 0.562 0.675 0.710 0.649 0.730 0.589 0.730 0.652 0.698 0.636 0.621 0.720 0.718 1.000 0.552 0.661 0.585 0.584 0.402 0.436 0.428 0.434 0.405 0.425 0.406 0.422 0.433 0.436 0.455 0.449 0.393 0.416 0.379 0.458 0.415 0.419 0.431 0.310 0.453 0.434 0.439 0.417 0.370 0.372 0.449 0.484 0.367 0.390 0.351 0.406  
0.769 0.407 0.355 0.406 0.353 0.348 0.576 0.535 0.530 0.537 0.510 0.537 0.495 0.521 0.523 0.573 0.622 0.524 0.560 0.524 0.555 0.557 0.551 0.567 0.560 0.502 0.528 0.513 0.551 0.567 0.583 0.529 0.566 0.558 0.578 0.514 0.565 0.503 0.560 0.556 0.554 0.583 0.544 0.547 0.534 0.558 0.580 0.558 0.530 0.564 0.524 0.509 0.564 0.561 0.527 1.000 0.575 0.566 0.575 0.346 0.368 0.365 0.370 0.349 0.362 0.348 0.360 0.383 0.370 0.381 0.408 0.349 0.354 0.323 0.430 0.352 0.356 0.382 0.426 0.391 0.378 0.403 0.374 0.364 0.337 0.407 0.452 0.355 0.347 0.325 0.349  
0.567 0.427 0.423 0.424 0.419 0.411 0.594 0.642 0.528 0.643 0.591 0.643 0.551 0.616 0.617 0.574 0.571 0.617 0.679 0.619 0.529 0.566 0.626 0.677 0.679 0.604 0.615 0.613 0.715 0.677 0.596 0.674 0.676 0.708 0.603 0.621 0.708 0.637 0.713 0.665 0.677 0.597 0.664 0.670 0.605 0.708 0.619 0.715 0.648 0.692 0.618 0.600 0.708 0.710 0.647 0.589 1.000 0.613 0.616 0.408 0.442 0.436 0.443 0.411 0.432 0.411 0.429 0.404 0.442 0.465 0.423 0.401 0.421 0.379 0.440 0.420 0.428 0.435 0.315 0.455 0.417 0.441 0.395 0.375 0.383 0.427 0.461 0.370 0.396 0.335 0.415  
0.578 0.509 0.402 0.509 0.404 0.400 0.742 0.498 0.534 0.498 0.479 0.498 0.467 0.474 0.475 0.677 0.566 0.472 0.506 0.470 0.643 0.577 0.471 0.504 0.511 0.499 0.487 0.500 0.538 0.504 0.784 0.497 0.508 0.533 0.719 0.483 0.527 0.494 0.527 0.502 0.519 0.782 0.515 0.520 0.491 0.533 0.872 0.532 0.507 0.514 0.478 0.498 0.527 0.522 0.545 0.553 0.585 1.000 0.894 0.402 0.415 0.412 0.417 0.401 0.408 0.400 0.406 0.477 0.408 0.421 0.530 0.407 0.403 0.371 0.516 0.399 0.412 0.406 0.411 0.414 0.431 0.413 0.396 0.525 0.497 0.509 0.531 0.387 0.413 0.369 0.411  
0.556 0.500 0.395 0.499 0.393 0.389 0.712 0.513 0.520 0.513 0.485 0.513 0.476 0.483 0.484 0.648 0.571 0.482 0.506 0.478 0.615 0.576 0.480 0.503 0.509 0.502 0.492 0.505 0.532 0.503 0.808 0.495 0.507 0.526 0.689 0.477 0.526 0.493 0.526 0.501 0.508 0.807 0.523 0.513 0.499 0.526 0.850 0.531 0.500 0.514 0.483 0.495 0.525 0.521 0.545 0.562 0.588 0.895 1.000 0.393 0.408 0.406 0.413 0.392 0.402 0.389 0.399 0.467 0.402 0.418 0.517 0.385 0.397 0.363 0.501 0.389 0.398 0.396 0.382 0.404 0.429 0.405 0.386 0.485 0.488 0.500 0.516 0.371 0.392 0.355 0.394  
0.378 0.679 0.937 0.678 0.941 0.956 0.417 0.472 0.394 0.474 0.461 0.474 0.495 0.478 0.479 0.407 0.402 0.482 0.530 0.482 0.399 0.477 0.474 0.526 0.517 0.480 0.525 0.522 0.532 0.526 0.406 0.513 0.526 0.525 0.410 0.517 0.532 0.518 0.534 0.535 0.513 0.410 0.583 0.468 0.492 0.525 0.449 0.532 0.501 0.514 0.500 0.475 0.531 0.525 0.409 0.368 0.424 0.438 0.428 1.000 0.899 0.918 0.908 0.948 0.927 0.956 0.936 0.679 0.841 0.836 0.652 0.745 0.938 0.863 0.692 0.931 0.841 0.753 0.390 0.734 0.670 0.653 0.582 0.542 0.532 0.679 0.670 0.721 0.793 0.604 0.808  
0.396 0.652 0.922 0.655 0.911 0.895 0.431 0.519 0.427 0.522 0.511 0.522 0.552 0.526 0.528 0.426 0.428 0.531 0.582 0.531 0.414 0.502 0.521 0.577 0.568 0.532 0.576 0.579 0.583 0.577 0.425 0.560 0.577 0.576 0.426 0.568 0.583 0.568 0.585 0.587 0.563 0.428 0.638 0.511 0.541 0.576 0.467 0.584 0.550 0.565 0.549 0.524 0.583 0.576 0.442 0.391 0.458 0.451 0.443 0.897 1.000 0.924 0.919 0.894 0.938 0.895 0.942 0.655 0.883 0.879 0.609 0.740 0.906 0.809 0.694 0.908 0.822 0.767 0.393 0.734 0.697 0.683 0.604 0.507 0.510 0.652 0.699 0.689 0.737 0.594 0.799  
0.392 0.677 0.965 0.665 0.951 0.934 0.425 0.505 0.417 0.508 0.488 0.508 0.531 0.511 0.512 0.418 0.421 0.515 0.572 0.514 0.410 0.488 0.506 0.567 0.558 0.511 0.556 0.558 0.574 0.567 0.423 0.552 0.567 0.567 0.419 0.550 0.574 0.560 0.575 0.577 0.553 0.426 0.630 0.501 0.530 0.567 0.466 0.574 0.532 0.554 0.531 0.510 0.573 0.566 0.436 0.389 0.454 0.450 0.442 0.919 0.927 1.000 0.989 0.929 0.986 0.934 0.982 0.666 0.888 0.907 0.622 0.771 0.939 0.820 0.680 0.947 0.867 0.786 0.404 0.755 0.713 0.668 0.583 0.523 0.526 0.677 0.681 0.714 0.769 0.600 0.848  
0.394 0.688 0.958 0.671 0.941 0.924 0.427 0.507 0.419 0.510 0.487 0.510 0.533 0.512 0.513 0.420 0.425 0.516 0.577 0.515 0.411 0.487 0.506 0.572 0.563 0.512 0.555 0.558 0.579 0.572 0.430 0.558 0.572 0.572 0.421 0.550 0.579 0.566 0.581 0.582 0.558 0.433 0.635 0.506 0.535 0.572 0.475 0.579 0.531 0.557 0.531 0.513 0.578 0.571 0.442 0.393 0.460 0.455 0.449 0.908 0.921 0.988 1.000 0.917 0.979 0.924 0.971 0.676 0.893 0.918 0.628 0.771 0.950 0.814 0.676 0.936 0.872 0.783 0.405 0.752 0.723 0.664 0.579 0.525 0.525 0.688 0.678 0.713 0.769 0.596 0.846  
0.380 0.681 0.933 0.678 0.954 0.952 0.417 0.478 0.396 0.480 0.469 0.480 0.504 0.484 0.485 0.406 0.405 0.488 0.539 0.489 0.400 0.482 0.480 0.535 0.526 0.485 0.532 0.529 0.541 0.535 0.408 0.519 0.535 0.534 0.410 0.525 0.541 0.525 0.542 0.545 0.521 0.411 0.591 0.475 0.501 0.534 0.451 0.541 0.509 0.523 0.506 0.482 0.540 0.534 0.414 0.373 0.428 0.438 0.429 0.951 0.900 0.931 0.921 1.000 0.939 0.952 0.949 0.683 0.857 0.852 0.631 0.759 0.939 0.864 0.704 0.927 0.847 0.767 0.395 0.733 0.688 0.666 0.590 0.523 0.541 0.681 0.684 0.722 0.789 0.612 0.825  
0.390 0.672 0.979 0.657 0.960 0.943 0.423 0.505 0.415 0.508 0.491 0.508 0.532 0.512 0.513 0.416 0.419 0.516 0.569 0.516 0.408 0.491 0.507 0.565 0.556 0.513 0.559 0.559 0.570 0.565 0.419 0.550 0.564 0.564 0.418 0.552 0.571 0.556 0.572 0.574 0.550 0.422 0.627 0.499 0.527 0.564 0.462 0.571 0.534 0.552 0.534 0.508 0.570 0.563 0.433 0.386 0.450 0.446 0.438 0.928 0.941 0.986 0.980 0.937 1.000 0.943 0.991 0.665 0.896 0.902 0.615 0.770 0.952 0.833 0.689 0.955 0.864 0.793 0.402 0.763 0.709 0.677 0.592 0.520 0.531 0.672 0.690 0.713 0.766 0.605 0.846  
0.383 0.675 0.956 0.678 0.983 1.000 0.415 0.484 0.401 0.486 0.473 0.486 0.509 0.490 0.492 0.406 0.404 0.495 0.543 0.495 0.399 0.481 0.487 0.538 0.530 0.492 0.539 0.536 0.542 0.538 0.406 0.524 0.538 0.536 0.409 0.530 0.542 0.528 0.544 0.548 0.525 0.409 0.596 0.477 0.500 0.536 0.449 0.542 0.514 0.525 0.513 0.485 0.542 0.535 0.413 0.371 0.428 0.436 0.424 0.957 0.899 0.935 0.925 0.950 0.944 1.000 0.952 0.676 0.855 0.851 0.624 0.755 0.941 0.855 0.691 0.957 0.828 0.774 0.399 0.757 0.671 0.665 0.590 0.528 0.530 0.675 0.673 0.728 0.788 0.611 0.836  
0.390 0.665 0.970 0.665 0.968 0.951 0.423 0.505 0.415 0.507 0.491 0.507 0.531 0.511 0.513 0.416 0.416 0.516 0.566 0.516 0.408 0.492 0.507 0.562 0.553 0.512 0.560 0.558 0.567 0.562 0.415 0.547 0.561 0.561 0.418 0.553 0.568 0.553 0.569 0.571 0.547 0.418 0.624 0.496 0.524 0.561 0.457 0.568 0.535 0.549 0.534 0.506 0.567 0.560 0.430 0.383 0.446 0.443 0.434 0.937 0.945 0.982 0.972 0.946 0.991 0.951 1.000 0.667 0.898 0.895 0.618 0.771 0.955 0.836 0.690 0.963 0.865 0.795 0.403 0.765 0.704 0.678 0.594 0.519 0.531 0.665 0.691 0.713 0.766 0.608 0.848  
0.425 0.896 0.678 0.881 0.670 0.679 0.479 0.403 0.386 0.405 0.421 0.405 0.425 0.406 0.407 0.445 0.458 0.409 0.471 0.411 0.465 0.518 0.402 0.470 0.467 0.404 0.441 0.435 0.483 0.470 0.480 0.459 0.470 0.473 0.465 0.443 0.476 0.459 0.479 0.478 0.459 0.484 0.485 0.446 0.470 0.473 0.530 0.479 0.435 0.456 0.422 0.435 0.476 0.473 0.444 0.411 0.423 0.523 0.512 0.684 0.661 0.669 0.681 0.685 0.669 0.679 0.671 1.000 0.672 0.673 0.845 0.518 0.692 0.676 0.731 0.671 0.604 0.538 0.427 0.523 0.643 0.542 0.534 0.546 0.492 0.896 0.695 0.564 0.604 0.527 0.611  
0.397 0.673 0.888 0.663 0.876 0.861 0.427 0.525 0.437 0.528 0.524 0.528 0.570 0.531 0.532 0.427 0.425 0.535 0.594 0.535 0.409 0.491 0.526 0.590 0.581 0.535 0.581 0.581 0.597 0.590 0.425 0.568 0.590 0.589 0.422 0.573 0.597 0.578 0.598 0.601 0.574 0.429 0.648 0.520 0.548 0.589 0.467 0.596 0.555 0.576 0.553 0.544 0.596 0.589 0.448 0.398 0.463 0.449 0.442 0.849 0.894 0.895 0.902 0.862 0.903 0.861 0.906 0.673 1.000 0.947 0.623 0.722 0.886 0.817 0.694 0.891 0.835 0.754 0.406 0.730 0.718 0.697 0.617 0.512 0.526 0.673 0.700 0.712 0.785 0.620 0.829  
0.402 0.682 0.887 0.660 0.867 0.851 0.433 0.532 0.443 0.535 0.512 0.535 0.567 0.538 0.540 0.432 0.436 0.542 0.609 0.541 0.415 0.491 0.532 0.605 0.596 0.538 0.580 0.585 0.614 0.605 0.437 0.590 0.604 0.606 0.427 0.576 0.612 0.600 0.615 0.615 0.591 0.441 0.674 0.531 0.564 0.606 0.481 0.614 0.556 0.590 0.557 0.547 0.612 0.605 0.464 0.406 0.484 0.460 0.456 0.838 0.882 0.908 0.920 0.851 0.903 0.851 0.896 0.670 0.940 1.000 0.620 0.745 0.889 0.803 0.663 0.881 0.848 0.770 0.405 0.734 0.719 0.681 0.582 0.517 0.510 0.682 0.667 0.691 0.764 0.592 0.848  
0.455 0.873 0.613 0.885 0.610 0.617 0.529 0.390 0.405 0.391 0.408 0.391 0.403 0.394 0.395 0.486 0.494 0.396 0.457 0.399 0.512 0.535 0.388 0.455 0.454 0.391 0.420 0.416 0.471 0.455 0.519 0.450 0.455 0.460 0.511 0.425 0.462 0.449 0.466 0.464 0.447 0.523 0.464 0.444 0.447 0.460 0.570 0.467 0.419 0.443 0.406 0.432 0.462 0.459 0.452 0.430 0.435 0.572 0.557 0.646 0.604 0.616 0.622 0.622 0.608 0.617 0.612 0.831 0.611 0.613 1.000 0.486 0.624 0.589 0.692 0.607 0.584 0.488 0.419 0.475 0.600 0.499 0.491 0.544 0.469 0.873 0.666 0.553 0.580 0.471 0.562  
0.424 0.544 0.789 0.534 0.781 0.780 0.477 0.512 0.466 0.514 0.509 0.514 0.544 0.521 0.522 0.470 0.407 0.523 0.546 0.523 0.462 0.507 0.518 0.542 0.533 0.529 0.574 0.572 0.546 0.542 0.404 0.524 0.541 0.543 0.468 0.552 0.549 0.534 0.550 0.551 0.530 0.406 0.605 0.486 0.506 0.543 0.440 0.549 0.545 0.536 0.544 0.511 0.548 0.542 0.413 0.384 0.430 0.458 0.433 0.770 0.766 0.796 0.797 0.781 0.794 0.780 0.796 0.532 0.739 0.768 0.507 1.000 0.808 0.699 0.652 0.798 0.802 0.801 0.417 0.735 0.593 0.649 0.547 0.575 0.490 0.544 0.650 0.670 0.799 0.626 0.812  
0.383 0.689 0.966 0.680 0.926 0.942 0.417 0.489 0.405 0.491 0.476 0.491 0.517 0.495 0.496 0.409 0.414 0.499 0.553 0.499 0.402 0.483 0.490 0.548 0.540 0.495 0.541 0.540 0.554 0.548 0.414 0.535 0.548 0.548 0.411 0.534 0.555 0.541 0.556 0.558 0.534 0.417 0.608 0.485 0.512 0.548 0.457 0.555 0.517 0.535 0.516 0.494 0.554 0.547 0.424 0.378 0.438 0.441 0.434 0.941 0.911 0.941 0.953 0.939 0.954 0.942 0.957 0.690 0.880 0.890 0.632 0.784 1.000 0.848 0.681 0.955 0.857 0.789 0.396 0.757 0.701 0.674 0.578 0.521 0.533 0.689 0.680 0.723 0.779 0.589 0.850  
0.350 0.650 0.855 0.647 0.846 0.861 0.387 0.451 0.368 0.453 0.445 0.453 0.479 0.456 0.458 0.377 0.375 0.461 0.510 0.462 0.369 0.456 0.453 0.507 0.499 0.456 0.506 0.500 0.513 0.507 0.380 0.490 0.507 0.505 0.381 0.499 0.513 0.497 0.514 0.517 0.492 0.383 0.559 0.448 0.481 0.505 0.422 0.512 0.483 0.494 0.480 0.454 0.512 0.506 0.389 0.347 0.398 0.408 0.399 0.871 0.818 0.827 0.821 0.869 0.840 0.861 0.842 0.677 0.816 0.809 0.600 0.682 0.852 1.000 0.674 0.853 0.750 0.704 0.388 0.681 0.674 0.646 0.599 0.510 0.503 0.650 0.655 0.661 0.744 0.631 0.776  
0.492 0.779 0.688 0.755 0.709 0.700 0.550 0.502 0.447 0.504 0.534 0.504 0.529 0.504 0.506 0.509 0.514 0.507 0.538 0.512 0.531 0.640 0.505 0.537 0.531 0.510 0.565 0.547 0.539 0.537 0.526 0.514 0.537 0.533 0.541 0.556 0.540 0.508 0.540 0.547 0.523 0.529 0.548 0.517 0.525 0.533 0.573 0.539 0.550 0.530 0.535 0.501 0.540 0.537 0.472 0.464 0.464 0.570 0.554 0.702 0.706 0.689 0.686 0.712 0.699 0.700 0.700 0.737 0.697 0.671 0.709 0.640 0.689 0.678 1.000 0.681 0.630 0.702 0.413 0.677 0.638 0.676 0.674 0.564 0.548 0.779 0.911 0.595 0.628 0.663 0.621  
0.382 0.664 0.968 0.665 0.941 0.957 0.415 0.495 0.410 0.498 0.484 0.498 0.523 0.502 0.504 0.409 0.410 0.507 0.556 0.507 0.401 0.483 0.498 0.551 0.542 0.503 0.550 0.548 0.557 0.551 0.406 0.537 0.551 0.551 0.410 0.542 0.558 0.544 0.559 0.561 0.537 0.409 0.614 0.486 0.513 0.551 0.448 0.557 0.525 0.539 0.525 0.497 0.557 0.550 0.422 0.376 0.437 0.436 0.425 0.932 0.911 0.947 0.937 0.925 0.956 0.957 0.964 0.668 0.884 0.880 0.614 0.773 0.953 0.847 0.672 1.000 0.860 0.801 0.403 0.775 0.683 0.681 0.583 0.518 0.524 0.664 0.674 0.723 0.789 0.596 0.873  
0.399 0.612 0.842 0.602 0.840 0.824 0.445 0.488 0.436 0.491 0.476 0.491 0.522 0.497 0.499 0.440 0.408 0.501 0.554 0.498 0.428 0.468 0.491 0.550 0.542 0.499 0.538 0.542 0.560 0.550 0.405 0.535 0.549 0.553 0.436 0.527 0.559 0.548 0.561 0.559 0.537 0.408 0.615 0.487 0.514 0.553 0.445 0.561 0.513 0.539 0.515 0.506 0.559 0.553 0.424 0.378 0.443 0.447 0.432 0.838 0.821 0.863 0.869 0.841 0.860 0.824 0.861 0.598 0.824 0.843 0.587 0.773 0.851 0.741 0.618 0.856 1.000 0.731 0.383 0.709 0.672 0.642 0.542 0.557 0.493 0.612 0.621 0.695 0.790 0.557 0.816  
0.412 0.535 0.785 0.525 0.772 0.771 0.433 0.566 0.445 0.568 0.570 0.568 0.604 0.575 0.577 0.431 0.435 0.579 0.592 0.581 0.418 0.559 0.574 0.588 0.577 0.581 0.641 0.628 0.583 0.588 0.418 0.568 0.587 0.582 0.433 0.623 0.590 0.569 0.589 0.597 0.573 0.421 0.649 0.522 0.544 0.582 0.454 0.587 0.608 0.582 0.608 0.533 0.589 0.582 0.437 0.406 0.451 0.441 0.430 0.751 0.767 0.783 0.781 0.762 0.790 0.771 0.793 0.533 0.745 0.766 0.492 0.773 0.784 0.696 0.690 0.798 0.731 1.000 0.372 0.893 0.590 0.760 0.654 0.479 0.522 0.535 0.717 0.618 0.695 0.592 0.752  
0.436 0.405 0.388 0.403 0.391 0.388 0.383 0.310 0.351 0.310 0.319 0.310 0.324 0.305 0.306 0.361 0.310 0.306 0.333 0.308 0.393 0.345 0.319 0.332 0.331 0.311 0.333 0.326 0.347 0.332 0.365 0.318 0.334 0.340 0.367 0.316 0.342 0.329 0.343 0.333 0.329 0.367 0.360 0.307 0.348 0.340 0.417 0.344 0.323 0.326 0.318 0.326 0.342 0.338 0.307 0.441 0.318 0.437 0.405 0.380 0.384 0.393 0.394 0.383 0.391 0.388 0.392 0.413 0.391 0.394 0.412 0.392 0.385 0.374 0.396 0.391 0.374 0.364 1.000 0.352 0.394 0.385 0.363 0.455 0.343 0.405 0.408 0.418 0.429 0.347 0.423  
0.420 0.518 0.763 0.511 0.743 0.751 0.435 0.593 0.458 0.597 0.597 0.597 0.628 0.600 0.601 0.435 0.453 0.605 0.624 0.610 0.422 0.578 0.602 0.620 0.607 0.603 0.670 0.654 0.613 0.620 0.428 0.599 0.619 0.611 0.436 0.652 0.621 0.597 0.620 0.629 0.602 0.430 0.684 0.549 0.572 0.611 0.463 0.617 0.635 0.612 0.633 0.561 0.620 0.612 0.458 0.414 0.471 0.448 0.437 0.731 0.732 0.751 0.748 0.727 0.758 0.751 0.761 0.517 0.720 0.729 0.478 0.707 0.751 0.672 0.664 0.770 0.708 0.890 0.360 1.000 0.561 0.786 0.668 0.461 0.524 0.518 0.684 0.598 0.658 0.566 0.713  
0.384 0.651 0.688 0.630 0.674 0.663 0.413 0.435 0.373 0.437 0.443 0.437 0.478 0.436 0.438 0.393 0.424 0.440 0.516 0.444 0.393 0.464 0.432 0.517 0.517 0.423 0.474 0.464 0.538 0.517 0.439 0.493 0.517 0.522 0.404 0.480 0.526 0.519 0.530 0.531 0.504 0.443 0.539 0.468 0.512 0.522 0.487 0.530 0.466 0.502 0.453 0.470 0.526 0.527 0.437 0.398 0.428 0.465 0.462 0.663 0.691 0.705 0.715 0.678 0.700 0.663 0.696 0.632 0.704 0.710 0.600 0.568 0.691 0.661 0.622 0.674 0.667 0.585 0.400 0.558 1.000 0.566 0.669 0.469 0.469 0.651 0.637 0.614 0.618 0.651 0.646  
0.424 0.530 0.670 0.533 0.656 0.658 0.434 0.554 0.496 0.557 0.609 0.557 0.677 0.558 0.559 0.448 0.457 0.563 0.591 0.569 0.418 0.547 0.561 0.588 0.578 0.567 0.624 0.607 0.586 0.588 0.431 0.565 0.587 0.581 0.433 0.608 0.590 0.564 0.591 0.597 0.571 0.433 0.637 0.523 0.530 0.581 0.461 0.588 0.594 0.579 0.588 0.558 0.590 0.584 0.442 0.426 0.454 0.446 0.437 0.647 0.679 0.661 0.658 0.657 0.670 0.658 0.671 0.533 0.685 0.674 0.499 0.622 0.666 0.634 0.660 0.673 0.638 0.756 0.391 0.783 0.567 1.000 0.682 0.441 0.495 0.530 0.689 0.642 0.627 0.553 0.635  
0.397 0.529 0.577 0.530 0.591 0.583 0.412 0.494 0.395 0.495 0.526 0.495 0.546 0.501 0.502 0.397 0.423 0.503 0.529 0.513 0.395 0.527 0.501 0.530 0.527 0.489 0.564 0.535 0.536 0.530 0.405 0.499 0.530 0.526 0.409 0.552 0.533 0.521 0.533 0.544 0.515 0.407 0.548 0.478 0.517 0.526 0.441 0.531 0.540 0.522 0.531 0.490 0.532 0.532 0.419 0.394 0.406 0.427 0.416 0.576 0.599 0.576 0.573 0.581 0.585 0.583 0.587 0.524 0.605 0.575 0.490 0.524 0.570 0.588 0.657 0.576 0.538 0.649 0.369 0.664 0.670 0.681 1.000 0.431 0.463 0.529 0.659 0.521 0.540 0.642 0.528  
0.446 0.562 0.526 0.555 0.535 0.535 0.558 0.383 0.437 0.383 0.395 0.383 0.392 0.380 0.380 0.530 0.388 0.379 0.406 0.378 0.505 0.465 0.379 0.404 0.400 0.395 0.413 0.413 0.416 0.404 0.479 0.396 0.404 0.412 0.535 0.395 0.414 0.397 0.416 0.411 0.401 0.481 0.432 0.395 0.399 0.412 0.535 0.416 0.403 0.400 0.393 0.394 0.414 0.410 0.382 0.393 0.396 0.580 0.536 0.550 0.516 0.530 0.532 0.528 0.527 0.535 0.526 0.550 0.514 0.523 0.558 0.564 0.526 0.513 0.564 0.525 0.567 0.487 0.474 0.470 0.481 0.452 0.442 1.000 0.592 0.562 0.553 0.498 0.598 0.463 0.545  
0.375 0.501 0.531 0.483 0.531 0.532 0.458 0.394 0.357 0.395 0.398 0.395 0.410 0.384 0.384 0.433 0.386 0.384 0.432 0.383 0.400 0.448 0.378 0.429 0.424 0.394 0.416 0.422 0.438 0.429 0.493 0.419 0.430 0.430 0.444 0.410 0.436 0.419 0.437 0.438 0.421 0.497 0.454 0.403 0.412 0.430 0.547 0.437 0.404 0.417 0.398 0.393 0.436 0.430 0.380 0.361 0.400 0.545 0.535 0.535 0.514 0.528 0.528 0.542 0.534 0.532 0.533 0.492 0.524 0.511 0.476 0.476 0.534 0.501 0.542 0.526 0.498 0.526 0.354 0.530 0.476 0.502 0.470 0.586 1.000 0.501 0.537 0.450 0.506 0.435 0.508  
0.445 1.000 0.673 0.907 0.659 0.669 0.501 0.403 0.394 0.405 0.416 0.405 0.423 0.406 0.407 0.461 0.484 0.409 0.477 0.411 0.487 0.526 0.401 0.476 0.473 0.403 0.436 0.433 0.491 0.476 0.506 0.468 0.476 0.480 0.486 0.442 0.483 0.469 0.486 0.486 0.466 0.510 0.490 0.456 0.469 0.480 0.558 0.486 0.432 0.461 0.419 0.445 0.483 0.479 0.453 0.430 0.440 0.551 0.541 0.674 0.648 0.671 0.683 0.673 0.666 0.669 0.659 0.883 0.662 0.675 0.874 0.522 0.681 0.639 0.761 0.658 0.610 0.532 0.413 0.517 0.653 0.531 0.531 0.550 0.494 1.000 0.724 0.571 0.581 0.512 0.592  
0.510 0.731 0.682 0.721 0.679 0.673 0.562 0.534 0.468 0.536 0.572 0.536 0.564 0.534 0.536 0.523 0.531 0.538 0.565 0.546 0.544 0.667 0.539 0.564 0.558 0.541 0.604 0.579 0.564 0.564 0.538 0.537 0.563 0.559 0.555 0.594 0.566 0.531 0.566 0.574 0.549 0.540 0.572 0.543 0.551 0.559 0.583 0.564 0.587 0.558 0.568 0.527 0.565 0.562 0.493 0.482 0.479 0.580 0.563 0.671 0.702 0.682 0.679 0.683 0.690 0.673 0.691 0.692 0.694 0.667 0.674 0.630 0.679 0.650 0.899 0.674 0.624 0.720 0.419 0.688 0.645 0.697 0.667 0.546 0.535 0.731 1.000 0.595 0.615 0.650 0.623  
0.410 0.587 0.726 0.588 0.736 0.741 0.424 0.427 0.444 0.429 0.464 0.429 0.519 0.432 0.433 0.422 0.389 0.436 0.486 0.435 0.421 0.440 0.433 0.484 0.478 0.437 0.477 0.472 0.495 0.484 0.386 0.462 0.483 0.487 0.413 0.465 0.493 0.472 0.495 0.493 0.472 0.388 0.527 0.434 0.445 0.487 0.423 0.494 0.455 0.473 0.452 0.472 0.492 0.487 0.381 0.386 0.392 0.431 0.412 0.736 0.704 0.727 0.727 0.734 0.726 0.741 0.727 0.571 0.719 0.703 0.570 0.662 0.735 0.668 0.598 0.736 0.712 0.632 0.438 0.613 0.633 0.660 0.538 0.501 0.457 0.587 0.606 1.000 0.781 0.529 0.756  
0.405 0.591 0.773 0.591 0.788 0.794 0.462 0.464 0.442 0.467 0.471 0.467 0.507 0.472 0.473 0.456 0.393 0.476 0.515 0.474 0.441 0.464 0.468 0.512 0.504 0.481 0.519 0.518 0.520 0.512 0.398 0.492 0.512 0.515 0.451 0.499 0.522 0.503 0.523 0.521 0.499 0.400 0.565 0.461 0.477 0.515 0.437 0.522 0.492 0.503 0.492 0.487 0.521 0.515 0.400 0.372 0.415 0.454 0.430 0.800 0.745 0.774 0.775 0.793 0.771 0.794 0.772 0.605 0.785 0.769 0.590 0.779 0.783 0.744 0.624 0.794 0.800 0.703 0.444 0.667 0.630 0.638 0.551 0.594 0.508 0.591 0.619 0.772 1.000 0.575 0.870  
0.363 0.527 0.606 0.522 0.633 0.623 0.402 0.440 0.369 0.440 0.468 0.440 0.485 0.449 0.449 0.385 0.372 0.448 0.465 0.455 0.377 0.484 0.446 0.465 0.462 0.447 0.507 0.487 0.467 0.465 0.377 0.438 0.465 0.461 0.396 0.498 0.466 0.451 0.466 0.477 0.453 0.379 0.487 0.421 0.453 0.461 0.413 0.464 0.490 0.459 0.477 0.442 0.466 0.464 0.365 0.353 0.356 0.411 0.394 0.617 0.608 0.612 0.609 0.622 0.617 0.623 0.621 0.535 0.627 0.603 0.486 0.618 0.599 0.638 0.667 0.607 0.571 0.607 0.364 0.581 0.672 0.570 0.663 0.466 0.442 0.527 0.662 0.530 0.582 1.000 0.569  
0.399 0.604 0.858 0.594 0.839 0.845 0.438 0.487 0.431 0.490 0.474 0.490 0.521 0.495 0.496 0.432 0.403 0.499 0.548 0.496 0.424 0.472 0.489 0.544 0.534 0.498 0.539 0.541 0.553 0.544 0.406 0.529 0.544 0.547 0.429 0.524 0.554 0.538 0.556 0.554 0.531 0.408 0.610 0.482 0.509 0.547 0.449 0.554 0.512 0.532 0.515 0.501 0.554 0.546 0.418 0.376 0.436 0.453 0.435 0.819 0.811 0.858 0.857 0.832 0.856 0.845 0.858 0.614 0.832 0.857 0.575 0.795 0.858 0.779 0.620 0.882 0.829 0.763 0.440 0.726 0.661 0.649 0.541 0.544 0.512 0.604 0.630 0.751 0.874 0.564 1.000  
