 49 0.680
 31 0.680
 43 0.678
 33 0.678
 41 0.676
 28 0.676
 27 0.676
 23 0.676
 17 0.676
 11 0.676
 50 0.675
 34 0.674
 22 0.674
 45 0.672
 38 0.672
 18 0.670
 36 0.666
 20 0.662
 44 0.654
 30 0.652
 21 0.649
 47 0.648
 26 0.644
 10 0.639
 12 0.637
  7 0.637
  6 0.636
 90 0.632
  4 0.632
 68 0.631
 16 0.631
 67 0.624
 60 0.621
 64 0.620
 62 0.620
 59 0.619
 66 0.618
 58 0.618
 39 0.617
 19 0.616
 13 0.614
 74 0.611
 35 0.611
 71 0.610
 32 0.609
 78 0.606
  5 0.606
 63 0.605
 46 0.605
 61 0.602
 76 0.601
 56 0.597
 86 0.596
 48 0.593
 40 0.591
 75 0.590
  3 0.589
 91 0.587
 15 0.585
 73 0.583
 81 0.577
 70 0.572
 88 0.565
 72 0.564
 53 0.554
 51 0.552
 85 0.539
 80 0.539
 24 0.539
  9 0.539
  2 0.539
 65 0.531
 42 0.531
 87 0.529
 29 0.526
 82 0.525
 54 0.523
 57 0.522
 69 0.518
 37 0.518
 55 0.517
 25 0.517
  8 0.514
 79 0.513
  1 0.495
 89 0.494
 52 0.493
 14 0.492
 83 0.463
 84 0.457
 77 0.370
