1.000 0.471 0.568 0.575 0.564 0.388 0.428 0.362 0.392 0.475 0.452 0.521 0.367 0.547 0.452 0.366 0.572 0.583 0.614 0.564 0.381 0.366  
0.467 1.000 0.501 0.467 0.489 0.303 0.296 0.285 0.416 0.560 0.490 0.791 0.410 0.511 0.422 0.444 0.464 0.459 0.547 0.507 0.463 0.483  
0.537 0.478 1.000 0.744 0.613 0.374 0.365 0.314 0.443 0.498 0.489 0.530 0.405 0.572 0.433 0.362 0.533 0.562 0.635 0.585 0.393 0.372  
0.555 0.454 0.759 1.000 0.592 0.402 0.391 0.319 0.432 0.466 0.465 0.507 0.364 0.539 0.390 0.346 0.507 0.526 0.592 0.563 0.365 0.343  
0.537 0.470 0.617 0.584 1.000 0.373 0.380 0.318 0.470 0.503 0.498 0.518 0.405 0.590 0.435 0.358 0.541 0.552 0.651 0.602 0.385 0.391  
0.412 0.324 0.421 0.443 0.416 1.000 0.561 0.487 0.358 0.340 0.364 0.357 0.259 0.387 0.315 0.316 0.411 0.410 0.444 0.408 0.273 0.294  
0.436 0.304 0.393 0.413 0.406 0.538 1.000 0.416 0.341 0.341 0.354 0.345 0.269 0.385 0.332 0.302 0.412 0.412 0.422 0.411 0.278 0.274  
0.399 0.317 0.367 0.365 0.368 0.506 0.450 1.000 0.300 0.310 0.316 0.335 0.252 0.334 0.262 0.319 0.355 0.337 0.380 0.352 0.272 0.284  
0.389 0.416 0.465 0.444 0.489 0.334 0.332 0.270 1.000 0.454 0.441 0.421 0.369 0.464 0.381 0.321 0.426 0.432 0.506 0.455 0.374 0.331  
0.473 0.562 0.524 0.480 0.525 0.318 0.333 0.280 0.455 1.000 0.613 0.598 0.404 0.593 0.428 0.408 0.517 0.501 0.582 0.560 0.471 0.477  
0.451 0.493 0.516 0.482 0.522 0.343 0.347 0.286 0.443 0.615 1.000 0.538 0.367 0.559 0.405 0.419 0.488 0.500 0.568 0.527 0.416 0.475  
0.511 0.782 0.550 0.516 0.534 0.329 0.332 0.298 0.416 0.590 0.529 1.000 0.432 0.545 0.458 0.472 0.511 0.504 0.590 0.553 0.487 0.486  
0.389 0.437 0.454 0.399 0.450 0.258 0.280 0.242 0.394 0.430 0.388 0.466 1.000 0.527 0.653 0.304 0.437 0.433 0.512 0.478 0.346 0.348  
0.552 0.520 0.610 0.563 0.625 0.368 0.381 0.306 0.471 0.601 0.564 0.560 0.502 1.000 0.558 0.381 0.613 0.583 0.685 0.659 0.431 0.435  
0.483 0.455 0.490 0.432 0.488 0.316 0.349 0.254 0.410 0.460 0.433 0.499 0.660 0.591 1.000 0.325 0.543 0.534 0.542 0.517 0.345 0.371  
0.381 0.466 0.398 0.373 0.391 0.310 0.308 0.301 0.337 0.427 0.436 0.500 0.299 0.393 0.317 1.000 0.356 0.369 0.444 0.389 0.352 0.428  
0.562 0.459 0.553 0.516 0.557 0.380 0.397 0.316 0.421 0.510 0.479 0.512 0.405 0.596 0.499 0.336 1.000 0.683 0.607 0.664 0.420 0.360  
0.568 0.451 0.580 0.532 0.565 0.376 0.394 0.298 0.424 0.491 0.488 0.501 0.399 0.564 0.487 0.346 0.678 1.000 0.598 0.665 0.425 0.357  
0.586 0.527 0.640 0.585 0.652 0.399 0.396 0.328 0.486 0.558 0.543 0.574 0.462 0.649 0.484 0.407 0.590 0.586 1.000 0.638 0.424 0.432  
0.541 0.491 0.594 0.560 0.607 0.369 0.387 0.306 0.440 0.540 0.506 0.541 0.433 0.627 0.464 0.359 0.650 0.654 0.642 1.000 0.448 0.399  
0.384 0.471 0.419 0.381 0.407 0.259 0.275 0.248 0.380 0.477 0.420 0.501 0.330 0.430 0.325 0.341 0.431 0.439 0.448 0.470 1.000 0.362  
0.390 0.520 0.419 0.379 0.438 0.295 0.286 0.274 0.355 0.512 0.507 0.528 0.351 0.460 0.370 0.438 0.391 0.390 0.482 0.444 0.383 1.000  
