1.000 0.536 0.536 0.577 0.555 0.554 0.569 0.604 0.595 0.568 0.573 0.569 0.632 0.664 0.567 0.556 0.570 0.633 0.612 0.532 0.556 0.530 0.787 0.768 0.557 0.443 0.110  
0.559 1.000 1.000 0.518 0.635 0.632 0.656 0.608 0.682 0.673 0.663 0.681 0.566 0.713 0.648 0.640 0.629 0.709 0.659 0.632 0.552 0.877 0.599 0.603 0.634 0.475 0.132  
0.559 1.000 1.000 0.518 0.635 0.632 0.656 0.608 0.682 0.673 0.663 0.681 0.566 0.713 0.648 0.640 0.629 0.709 0.659 0.632 0.552 0.877 0.599 0.603 0.634 0.475 0.132  
0.577 0.496 0.496 1.000 0.561 0.538 0.570 0.608 0.594 0.572 0.578 0.567 0.862 0.641 0.556 0.541 0.554 0.615 0.604 0.529 0.534 0.509 0.587 0.604 0.553 0.423 0.119  
0.576 0.631 0.631 0.582 1.000 0.678 0.669 0.714 0.740 0.680 0.674 0.694 0.627 0.709 0.761 0.674 0.914 0.741 0.690 0.877 0.575 0.657 0.683 0.698 0.660 0.483 0.123  
0.574 0.628 0.628 0.558 0.677 1.000 0.698 0.777 0.744 0.783 0.699 0.783 0.602 0.714 0.746 0.733 0.686 0.676 0.679 0.696 0.573 0.694 0.629 0.630 0.724 0.499 0.129  
0.587 0.648 0.648 0.589 0.665 0.695 1.000 0.679 0.846 0.891 0.976 0.774 0.644 0.748 0.768 0.816 0.666 0.747 0.751 0.633 0.588 0.677 0.672 0.688 0.851 0.504 0.141  
0.620 0.598 0.598 0.625 0.707 0.770 0.676 1.000 0.721 0.702 0.675 0.693 0.662 0.732 0.746 0.707 0.705 0.673 0.701 0.676 0.600 0.623 0.621 0.628 0.697 0.478 0.127  
0.607 0.667 0.667 0.607 0.729 0.734 0.838 0.717 1.000 0.829 0.836 0.818 0.665 0.811 0.801 0.785 0.706 0.771 0.776 0.684 0.620 0.711 0.690 0.710 0.805 0.498 0.136  
0.583 0.662 0.662 0.588 0.673 0.776 0.887 0.702 0.834 1.000 0.891 0.835 0.640 0.751 0.793 0.853 0.671 0.715 0.724 0.644 0.591 0.712 0.661 0.674 0.876 0.502 0.140  
0.589 0.653 0.653 0.594 0.668 0.694 0.973 0.676 0.842 0.892 1.000 0.770 0.651 0.750 0.772 0.816 0.665 0.752 0.756 0.646 0.593 0.675 0.674 0.701 0.850 0.503 0.139  
0.599 0.687 0.687 0.597 0.705 0.795 0.789 0.710 0.843 0.856 0.788 1.000 0.656 0.765 0.781 0.803 0.704 0.740 0.744 0.673 0.609 0.753 0.674 0.687 0.781 0.518 0.137  
0.627 0.537 0.537 0.855 0.600 0.576 0.619 0.639 0.646 0.618 0.627 0.618 1.000 0.705 0.611 0.589 0.596 0.674 0.671 0.577 0.585 0.560 0.652 0.669 0.597 0.457 0.125  
0.657 0.676 0.676 0.635 0.677 0.683 0.718 0.706 0.786 0.725 0.722 0.720 0.704 1.000 0.740 0.699 0.685 0.830 0.804 0.654 0.641 0.704 0.710 0.699 0.714 0.507 0.132  
0.582 0.637 0.637 0.570 0.753 0.739 0.764 0.745 0.804 0.792 0.770 0.761 0.632 0.766 1.000 0.794 0.755 0.715 0.731 0.726 0.595 0.665 0.700 0.711 0.752 0.506 0.135  
0.571 0.630 0.630 0.556 0.668 0.726 0.813 0.707 0.789 0.853 0.815 0.784 0.610 0.725 0.795 1.000 0.663 0.695 0.687 0.636 0.573 0.663 0.648 0.655 0.843 0.489 0.139  
0.591 0.624 0.624 0.575 0.914 0.687 0.669 0.711 0.716 0.677 0.670 0.693 0.623 0.717 0.763 0.669 1.000 0.762 0.699 0.839 0.590 0.648 0.693 0.692 0.660 0.501 0.120  
0.633 0.679 0.679 0.615 0.715 0.653 0.724 0.655 0.755 0.697 0.731 0.702 0.680 0.837 0.697 0.676 0.735 1.000 0.774 0.689 0.634 0.706 0.722 0.724 0.694 0.521 0.126  
0.613 0.632 0.632 0.606 0.667 0.657 0.729 0.684 0.762 0.706 0.737 0.709 0.679 0.814 0.714 0.670 0.676 0.776 1.000 0.656 0.624 0.663 0.687 0.687 0.705 0.517 0.126  
0.548 0.624 0.624 0.545 0.872 0.692 0.632 0.678 0.690 0.646 0.647 0.659 0.599 0.680 0.729 0.638 0.834 0.709 0.674 1.000 0.566 0.674 0.656 0.679 0.629 0.468 0.121  
0.568 0.540 0.540 0.546 0.566 0.565 0.583 0.597 0.620 0.588 0.589 0.591 0.603 0.661 0.593 0.570 0.581 0.648 0.636 0.561 1.000 0.557 0.593 0.597 0.593 0.428 0.118  
0.544 0.862 0.862 0.523 0.651 0.687 0.673 0.622 0.714 0.712 0.674 0.734 0.580 0.730 0.665 0.663 0.642 0.725 0.679 0.671 0.559 1.000 0.616 0.621 0.646 0.481 0.126  
0.776 0.566 0.566 0.579 0.650 0.598 0.643 0.596 0.667 0.635 0.646 0.632 0.649 0.707 0.673 0.622 0.659 0.712 0.676 0.628 0.572 0.592 1.000 0.888 0.623 0.492 0.113  
0.761 0.573 0.573 0.600 0.668 0.604 0.661 0.607 0.690 0.652 0.676 0.648 0.670 0.700 0.688 0.633 0.662 0.719 0.681 0.654 0.580 0.600 0.893 1.000 0.633 0.482 0.114  
0.582 0.635 0.635 0.579 0.666 0.731 0.862 0.710 0.825 0.892 0.865 0.777 0.630 0.754 0.767 0.858 0.666 0.726 0.736 0.639 0.607 0.658 0.661 0.667 1.000 0.504 0.142  
0.485 0.499 0.499 0.464 0.510 0.527 0.535 0.510 0.534 0.536 0.536 0.539 0.505 0.561 0.540 0.522 0.530 0.571 0.565 0.498 0.459 0.514 0.546 0.532 0.528 1.000 0.109  
0.134 0.153 0.153 0.144 0.144 0.151 0.165 0.150 0.161 0.166 0.164 0.158 0.152 0.161 0.159 0.163 0.140 0.153 0.153 0.142 0.140 0.148 0.139 0.139 0.165 0.120 1.000  
