1.000 0.591 0.555 0.553 0.575 0.598 0.596 0.570 0.565 0.572 0.662 0.676 0.567 0.557 0.567 0.627 0.618 0.523 0.545 0.496 0.722 0.741 0.556 0.447 0.114  
0.587 1.000 0.597 0.568 0.594 0.630 0.623 0.598 0.590 0.592 0.867 0.675 0.584 0.565 0.587 0.643 0.633 0.560 0.549 0.506 0.657 0.634 0.579 0.441 0.121  
0.575 0.622 1.000 0.678 0.665 0.721 0.740 0.677 0.656 0.692 0.676 0.720 0.742 0.669 0.917 0.741 0.696 0.871 0.577 0.620 0.686 0.656 0.667 0.486 0.128  
0.572 0.591 0.677 1.000 0.698 0.785 0.742 0.786 0.686 0.786 0.645 0.711 0.739 0.737 0.682 0.677 0.676 0.688 0.577 0.660 0.652 0.588 0.721 0.498 0.136  
0.594 0.617 0.663 0.697 1.000 0.686 0.835 0.884 0.946 0.760 0.685 0.741 0.768 0.804 0.667 0.743 0.740 0.623 0.586 0.633 0.715 0.633 0.850 0.501 0.147  
0.610 0.648 0.711 0.775 0.678 1.000 0.725 0.703 0.666 0.697 0.697 0.733 0.738 0.713 0.705 0.683 0.702 0.674 0.609 0.600 0.665 0.593 0.699 0.482 0.131  
0.609 0.640 0.730 0.733 0.826 0.725 1.000 0.816 0.810 0.809 0.712 0.806 0.781 0.767 0.709 0.772 0.768 0.677 0.619 0.665 0.733 0.651 0.799 0.497 0.141  
0.585 0.618 0.671 0.779 0.878 0.707 0.819 1.000 0.859 0.823 0.683 0.743 0.797 0.838 0.673 0.713 0.714 0.637 0.589 0.674 0.703 0.623 0.873 0.499 0.147  
0.581 0.610 0.652 0.682 0.941 0.670 0.815 0.861 1.000 0.741 0.678 0.728 0.758 0.782 0.652 0.733 0.730 0.621 0.575 0.635 0.710 0.620 0.828 0.501 0.144  
0.602 0.627 0.704 0.800 0.775 0.719 0.833 0.844 0.758 1.000 0.699 0.756 0.762 0.784 0.707 0.738 0.735 0.665 0.606 0.707 0.708 0.636 0.774 0.516 0.143  
0.653 0.861 0.645 0.616 0.655 0.674 0.688 0.657 0.650 0.655 1.000 0.756 0.653 0.625 0.642 0.719 0.718 0.621 0.614 0.563 0.728 0.674 0.634 0.485 0.131  
0.667 0.670 0.686 0.678 0.708 0.708 0.778 0.714 0.699 0.709 0.755 1.000 0.722 0.685 0.683 0.833 0.794 0.656 0.639 0.665 0.732 0.669 0.701 0.500 0.136  
0.581 0.602 0.736 0.732 0.762 0.741 0.783 0.796 0.755 0.742 0.678 0.751 1.000 0.799 0.741 0.709 0.714 0.703 0.592 0.619 0.690 0.658 0.759 0.502 0.141  
0.573 0.585 0.665 0.733 0.800 0.718 0.772 0.840 0.782 0.766 0.651 0.714 0.802 1.000 0.663 0.690 0.674 0.625 0.571 0.623 0.686 0.607 0.840 0.485 0.145  
0.589 0.614 0.920 0.685 0.670 0.717 0.721 0.681 0.658 0.697 0.676 0.719 0.751 0.670 1.000 0.754 0.697 0.832 0.587 0.612 0.681 0.647 0.662 0.498 0.126  
0.627 0.648 0.717 0.655 0.720 0.669 0.757 0.696 0.714 0.702 0.730 0.845 0.692 0.671 0.727 1.000 0.773 0.683 0.622 0.666 0.742 0.659 0.691 0.520 0.128  
0.617 0.636 0.672 0.653 0.715 0.686 0.751 0.694 0.709 0.697 0.726 0.804 0.695 0.655 0.670 0.771 1.000 0.654 0.619 0.621 0.699 0.641 0.693 0.512 0.131  
0.541 0.582 0.869 0.687 0.623 0.682 0.685 0.641 0.624 0.653 0.651 0.687 0.709 0.628 0.828 0.705 0.676 1.000 0.561 0.634 0.649 0.602 0.628 0.466 0.127  
0.558 0.566 0.571 0.572 0.582 0.611 0.620 0.588 0.573 0.590 0.638 0.663 0.592 0.569 0.579 0.637 0.635 0.556 1.000 0.522 0.639 0.535 0.594 0.426 0.121  
0.513 0.526 0.619 0.659 0.633 0.607 0.672 0.678 0.638 0.694 0.589 0.696 0.623 0.625 0.608 0.688 0.642 0.633 0.527 1.000 0.598 0.542 0.614 0.480 0.124  
0.719 0.659 0.660 0.628 0.690 0.650 0.715 0.683 0.688 0.671 0.735 0.740 0.670 0.664 0.653 0.739 0.697 0.626 0.622 0.577 1.000 0.761 0.683 0.484 0.128  
0.743 0.639 0.635 0.570 0.614 0.582 0.638 0.608 0.604 0.606 0.684 0.679 0.643 0.591 0.624 0.659 0.644 0.584 0.523 0.525 0.765 1.000 0.595 0.474 0.116  
0.582 0.609 0.674 0.729 0.861 0.716 0.818 0.891 0.842 0.769 0.672 0.744 0.774 0.855 0.666 0.722 0.726 0.635 0.606 0.622 0.716 0.621 1.000 0.501 0.149  
0.491 0.487 0.516 0.529 0.532 0.518 0.534 0.534 0.535 0.538 0.539 0.556 0.537 0.517 0.526 0.570 0.563 0.495 0.457 0.510 0.533 0.519 0.526 1.000 0.112  
0.139 0.149 0.151 0.161 0.174 0.156 0.169 0.175 0.171 0.166 0.162 0.168 0.168 0.173 0.148 0.156 0.160 0.150 0.144 0.146 0.157 0.141 0.174 0.125 1.000  
