1.000 0.613 0.613 0.641 0.634 0.672 0.666 0.650 0.639 0.658 0.679 0.714 0.628 0.623 0.632 0.697 0.669 0.593 0.632 0.613 0.827 0.831  
0.635 1.000 1.000 0.705 0.756 0.689 0.791 0.758 0.765 0.767 0.648 0.792 0.728 0.721 0.711 0.781 0.770 0.719 0.635 0.887 0.701 0.704  
0.635 1.000 1.000 0.705 0.756 0.689 0.791 0.758 0.765 0.767 0.648 0.792 0.728 0.721 0.711 0.781 0.770 0.719 0.635 0.887 0.701 0.704  
0.649 0.690 0.690 1.000 0.764 0.861 0.808 0.805 0.765 0.807 0.674 0.811 0.793 0.775 0.751 0.766 0.772 0.764 0.660 0.742 0.725 0.721  
0.639 0.736 0.736 0.761 1.000 0.751 0.856 0.951 0.983 0.832 0.696 0.815 0.802 0.847 0.716 0.797 0.816 0.691 0.659 0.777 0.733 0.744  
0.687 0.680 0.680 0.868 0.761 1.000 0.804 0.790 0.757 0.787 0.695 0.818 0.816 0.780 0.766 0.746 0.771 0.718 0.658 0.711 0.702 0.697  
0.664 0.762 0.762 0.795 0.847 0.784 1.000 0.886 0.845 0.877 0.722 0.900 0.836 0.823 0.755 0.831 0.854 0.747 0.696 0.816 0.762 0.771  
0.653 0.735 0.735 0.798 0.946 0.775 0.891 1.000 0.950 0.866 0.707 0.846 0.820 0.879 0.726 0.799 0.820 0.706 0.670 0.782 0.749 0.760  
0.642 0.742 0.742 0.759 0.980 0.745 0.852 0.952 1.000 0.828 0.704 0.824 0.808 0.849 0.714 0.806 0.825 0.699 0.665 0.773 0.741 0.752  
0.676 0.762 0.762 0.818 0.848 0.791 0.903 0.887 0.847 1.000 0.735 0.871 0.824 0.846 0.771 0.834 0.847 0.752 0.706 0.819 0.771 0.783  
0.670 0.617 0.617 0.656 0.681 0.672 0.714 0.695 0.691 0.706 1.000 0.753 0.671 0.648 0.649 0.733 0.728 0.628 0.668 0.648 0.714 0.707  
0.707 0.758 0.758 0.794 0.801 0.793 0.895 0.836 0.813 0.840 0.757 1.000 0.825 0.788 0.757 0.870 0.887 0.723 0.715 0.793 0.787 0.775  
0.633 0.709 0.709 0.789 0.801 0.804 0.844 0.823 0.810 0.808 0.685 0.838 1.000 0.798 0.801 0.777 0.801 0.781 0.647 0.747 0.776 0.785  
0.627 0.701 0.701 0.770 0.845 0.768 0.830 0.881 0.850 0.828 0.660 0.800 0.797 1.000 0.703 0.760 0.757 0.679 0.634 0.745 0.713 0.721  
0.649 0.705 0.705 0.761 0.729 0.770 0.777 0.743 0.730 0.771 0.675 0.784 0.817 0.717 1.000 0.832 0.766 0.879 0.657 0.735 0.769 0.760  
0.693 0.751 0.751 0.753 0.787 0.727 0.830 0.792 0.799 0.808 0.740 0.873 0.768 0.752 0.806 1.000 0.843 0.763 0.712 0.787 0.804 0.793  
0.660 0.734 0.734 0.753 0.799 0.745 0.846 0.807 0.811 0.815 0.729 0.884 0.785 0.743 0.737 0.836 1.000 0.722 0.695 0.777 0.758 0.747  
0.605 0.708 0.708 0.768 0.698 0.716 0.763 0.717 0.708 0.745 0.648 0.744 0.790 0.688 0.873 0.781 0.745 1.000 0.632 0.760 0.736 0.749  
0.642 0.623 0.623 0.662 0.664 0.655 0.709 0.678 0.672 0.698 0.687 0.733 0.652 0.641 0.650 0.727 0.715 0.630 1.000 0.651 0.690 0.694  
0.624 0.872 0.872 0.745 0.783 0.708 0.832 0.793 0.783 0.811 0.668 0.814 0.754 0.753 0.728 0.804 0.800 0.758 0.651 1.000 0.728 0.731  
0.811 0.665 0.665 0.702 0.713 0.674 0.749 0.733 0.724 0.736 0.709 0.779 0.756 0.695 0.735 0.792 0.753 0.708 0.666 0.702 1.000 0.973  
0.812 0.664 0.664 0.696 0.721 0.667 0.755 0.740 0.731 0.744 0.700 0.764 0.761 0.700 0.723 0.778 0.739 0.718 0.667 0.703 0.969 1.000  
