1.000 0.640 0.710 0.657 0.603 0.634 0.610 0.594 0.642 0.601 0.636 0.633 0.624 0.611 0.669 0.674 0.654 0.621 0.435 0.137 0.604  
0.656 1.000 0.713 0.729 0.673 0.827 0.746 0.657 0.955 0.627 0.689 0.697 0.682 0.651 0.672 0.646 0.670 0.673 0.458 0.143 0.824  
0.696 0.681 1.000 0.714 0.667 0.770 0.682 0.699 0.683 0.670 0.706 0.711 0.703 0.687 0.737 0.709 0.700 0.698 0.444 0.138 0.647  
0.670 0.724 0.743 1.000 0.676 0.717 0.713 0.650 0.727 0.669 0.701 0.714 0.687 0.680 0.745 0.680 0.663 0.695 0.472 0.136 0.684  
0.624 0.678 0.704 0.686 1.000 0.712 0.811 0.724 0.682 0.674 0.722 0.756 0.755 0.697 0.686 0.639 0.615 0.760 0.467 0.141 0.657  
0.632 0.804 0.783 0.700 0.685 1.000 0.769 0.706 0.812 0.661 0.690 0.707 0.736 0.695 0.693 0.670 0.709 0.718 0.449 0.143 0.726  
0.615 0.733 0.701 0.705 0.790 0.778 1.000 0.741 0.733 0.661 0.709 0.740 0.739 0.683 0.707 0.644 0.630 0.730 0.459 0.138 0.654  
0.612 0.660 0.735 0.657 0.721 0.730 0.758 1.000 0.663 0.687 0.692 0.697 0.769 0.703 0.654 0.624 0.606 0.771 0.458 0.129 0.611  
0.659 0.955 0.715 0.731 0.676 0.836 0.746 0.660 1.000 0.635 0.679 0.710 0.691 0.659 0.673 0.662 0.672 0.683 0.452 0.144 0.842  
0.621 0.632 0.707 0.679 0.673 0.685 0.678 0.689 0.640 1.000 0.760 0.740 0.801 0.869 0.694 0.647 0.615 0.790 0.441 0.153 0.635  
0.652 0.690 0.739 0.706 0.716 0.710 0.723 0.689 0.680 0.754 1.000 0.756 0.776 0.765 0.694 0.661 0.638 0.758 0.463 0.145 0.662  
0.655 0.704 0.752 0.726 0.757 0.736 0.761 0.701 0.717 0.741 0.763 1.000 0.810 0.771 0.735 0.698 0.665 0.801 0.472 0.152 0.679  
0.643 0.685 0.740 0.694 0.752 0.762 0.756 0.769 0.694 0.799 0.779 0.806 1.000 0.838 0.707 0.685 0.648 0.881 0.467 0.150 0.657  
0.623 0.647 0.715 0.680 0.687 0.711 0.692 0.696 0.656 0.857 0.760 0.759 0.830 1.000 0.695 0.663 0.644 0.810 0.441 0.149 0.638  
0.672 0.658 0.756 0.734 0.667 0.699 0.705 0.638 0.659 0.674 0.679 0.713 0.690 0.684 1.000 0.657 0.642 0.692 0.462 0.136 0.635  
0.672 0.628 0.721 0.665 0.616 0.670 0.637 0.604 0.643 0.623 0.642 0.672 0.663 0.648 0.652 1.000 0.762 0.653 0.447 0.123 0.609  
0.644 0.643 0.703 0.641 0.586 0.700 0.616 0.579 0.645 0.586 0.613 0.632 0.620 0.622 0.629 0.753 1.000 0.613 0.445 0.131 0.604  
0.634 0.670 0.727 0.696 0.750 0.736 0.739 0.764 0.680 0.780 0.754 0.789 0.873 0.811 0.703 0.669 0.635 1.000 0.454 0.147 0.641  
0.479 0.492 0.499 0.510 0.497 0.496 0.502 0.489 0.485 0.469 0.497 0.502 0.499 0.477 0.506 0.494 0.498 0.490 1.000 0.108 0.450  
0.159 0.162 0.164 0.155 0.159 0.167 0.159 0.146 0.163 0.172 0.164 0.170 0.169 0.170 0.157 0.143 0.154 0.167 0.114 1.000 0.162  
0.622 0.828 0.680 0.691 0.655 0.751 0.669 0.611 0.846 0.633 0.665 0.676 0.657 0.645 0.652 0.629 0.632 0.647 0.421 0.144 1.000  
