1.000 0.294 0.286 0.267 0.285 0.668 0.608 0.526 0.269 0.276 0.279 0.282 0.270 0.274 0.272 0.268 0.289 0.274 0.293 0.278 0.290 0.267 0.278 0.277 0.250 0.245 0.254 0.284 0.240 0.257 0.278 0.273 0.285 0.265 0.236 0.234 0.271 0.277 0.286 0.261 0.249 0.265 0.297 0.277 0.285 0.239 0.257 0.053 0.065 0.067 0.070 0.267 0.297 0.088  
0.268 1.000 0.660 0.359 0.453 0.268 0.262 0.283 0.299 0.304 0.278 0.751 0.804 0.771 0.602 0.592 0.618 0.637 0.662 0.616 0.621 0.602 0.629 0.586 0.486 0.511 0.499 0.630 0.502 0.506 0.594 0.543 0.616 0.537 0.488 0.464 0.573 0.910 0.631 0.515 0.529 0.496 0.515 0.610 0.453 0.371 0.409 0.073 0.100 0.084 0.110 0.359 0.555 0.141  
0.265 0.668 1.000 0.364 0.414 0.260 0.257 0.278 0.278 0.283 0.264 0.635 0.613 0.621 0.555 0.539 0.582 0.573 0.598 0.619 0.620 0.577 0.909 0.575 0.476 0.481 0.486 0.597 0.470 0.497 0.565 0.551 0.587 0.515 0.486 0.451 0.526 0.630 0.590 0.537 0.522 0.520 0.566 0.537 0.414 0.385 0.388 0.074 0.099 0.080 0.106 0.364 0.519 0.135  
0.272 0.401 0.401 1.000 0.414 0.257 0.249 0.287 0.250 0.257 0.251 0.391 0.388 0.384 0.390 0.384 0.393 0.408 0.369 0.388 0.377 0.395 0.383 0.396 0.347 0.350 0.363 0.392 0.349 0.356 0.400 0.398 0.380 0.358 0.336 0.325 0.397 0.379 0.394 0.373 0.346 0.364 0.401 0.403 0.414 0.359 0.393 0.070 0.089 0.081 0.089 1.000 0.390 0.117  
0.274 0.478 0.431 0.392 1.000 0.254 0.247 0.283 0.289 0.301 0.264 0.457 0.441 0.437 0.413 0.437 0.454 0.441 0.453 0.437 0.462 0.424 0.423 0.429 0.397 0.429 0.434 0.455 0.416 0.422 0.432 0.411 0.437 0.460 0.421 0.405 0.461 0.458 0.445 0.440 0.430 0.428 0.411 0.459 1.000 0.389 0.522 0.067 0.092 0.084 0.097 0.392 0.478 0.120  
0.678 0.298 0.286 0.256 0.267 1.000 0.693 0.506 0.286 0.298 0.276 0.290 0.282 0.280 0.275 0.272 0.296 0.276 0.292 0.293 0.294 0.274 0.285 0.282 0.258 0.250 0.246 0.293 0.244 0.249 0.290 0.282 0.282 0.266 0.228 0.225 0.266 0.285 0.284 0.259 0.259 0.250 0.287 0.277 0.267 0.258 0.263 0.057 0.065 0.070 0.074 0.256 0.271 0.096  
0.606 0.287 0.278 0.244 0.256 0.681 1.000 0.575 0.285 0.288 0.281 0.281 0.272 0.272 0.272 0.266 0.289 0.270 0.290 0.283 0.286 0.266 0.277 0.278 0.254 0.246 0.240 0.284 0.238 0.244 0.284 0.276 0.276 0.260 0.223 0.219 0.260 0.274 0.280 0.252 0.252 0.248 0.277 0.271 0.256 0.242 0.253 0.055 0.061 0.067 0.072 0.244 0.271 0.094  
0.526 0.310 0.301 0.282 0.294 0.498 0.576 1.000 0.302 0.296 0.297 0.300 0.285 0.285 0.289 0.278 0.306 0.288 0.308 0.291 0.312 0.285 0.292 0.294 0.260 0.262 0.262 0.305 0.256 0.274 0.292 0.285 0.299 0.279 0.255 0.243 0.293 0.296 0.306 0.275 0.263 0.274 0.299 0.293 0.294 0.247 0.269 0.054 0.070 0.065 0.072 0.282 0.315 0.091  
0.267 0.325 0.299 0.244 0.297 0.280 0.284 0.300 1.000 0.788 0.286 0.320 0.296 0.309 0.309 0.299 0.325 0.298 0.338 0.309 0.341 0.297 0.299 0.307 0.284 0.301 0.288 0.326 0.297 0.304 0.304 0.307 0.312 0.323 0.273 0.250 0.304 0.314 0.327 0.284 0.284 0.263 0.279 0.319 0.297 0.249 0.302 0.052 0.066 0.070 0.079 0.244 0.322 0.098  
0.273 0.330 0.302 0.249 0.309 0.290 0.285 0.293 0.785 1.000 0.286 0.327 0.300 0.313 0.309 0.298 0.329 0.303 0.345 0.308 0.340 0.298 0.302 0.307 0.292 0.310 0.297 0.331 0.305 0.313 0.308 0.312 0.315 0.331 0.282 0.254 0.310 0.319 0.325 0.289 0.291 0.269 0.284 0.323 0.309 0.255 0.315 0.054 0.068 0.069 0.079 0.249 0.338 0.098  
0.279 0.304 0.285 0.247 0.274 0.272 0.281 0.297 0.288 0.289 1.000 0.301 0.280 0.283 0.292 0.274 0.316 0.284 0.310 0.293 0.311 0.274 0.286 0.289 0.263 0.270 0.259 0.305 0.262 0.277 0.294 0.287 0.290 0.287 0.247 0.226 0.283 0.293 0.303 0.265 0.265 0.245 0.270 0.295 0.274 0.224 0.270 0.049 0.066 0.068 0.076 0.247 0.287 0.097  
0.258 0.752 0.627 0.350 0.433 0.261 0.257 0.274 0.295 0.302 0.275 1.000 0.745 0.773 0.583 0.588 0.608 0.579 0.645 0.620 0.611 0.553 0.624 0.575 0.484 0.529 0.503 0.610 0.511 0.496 0.581 0.555 0.586 0.546 0.495 0.457 0.527 0.816 0.608 0.516 0.532 0.489 0.513 0.559 0.433 0.369 0.410 0.070 0.095 0.078 0.118 0.350 0.543 0.135  
0.248 0.810 0.610 0.350 0.421 0.256 0.250 0.262 0.274 0.279 0.258 0.750 1.000 0.813 0.621 0.625 0.601 0.647 0.649 0.610 0.594 0.614 0.602 0.600 0.494 0.495 0.494 0.602 0.501 0.480 0.614 0.568 0.600 0.514 0.471 0.462 0.535 0.885 0.625 0.515 0.522 0.500 0.541 0.565 0.421 0.364 0.392 0.072 0.098 0.073 0.117 0.350 0.514 0.137  
0.251 0.774 0.616 0.345 0.415 0.253 0.250 0.261 0.285 0.291 0.260 0.776 0.811 1.000 0.634 0.597 0.597 0.612 0.666 0.601 0.596 0.595 0.611 0.607 0.508 0.502 0.504 0.600 0.511 0.490 0.591 0.585 0.593 0.520 0.477 0.448 0.527 0.799 0.621 0.523 0.535 0.504 0.533 0.552 0.415 0.365 0.388 0.071 0.097 0.077 0.115 0.345 0.524 0.135  
0.250 0.606 0.551 0.352 0.394 0.249 0.250 0.266 0.286 0.287 0.268 0.587 0.620 0.636 1.000 0.621 0.644 0.683 0.652 0.633 0.588 0.627 0.539 0.661 0.512 0.499 0.532 0.633 0.495 0.508 0.616 0.583 0.648 0.502 0.476 0.474 0.517 0.614 0.681 0.526 0.513 0.526 0.558 0.559 0.394 0.364 0.371 0.068 0.099 0.079 0.118 0.352 0.511 0.136  
0.246 0.597 0.536 0.347 0.417 0.246 0.245 0.256 0.278 0.278 0.252 0.592 0.625 0.599 0.622 1.000 0.604 0.661 0.662 0.623 0.593 0.654 0.532 0.650 0.509 0.475 0.509 0.578 0.488 0.486 0.637 0.585 0.621 0.468 0.458 0.466 0.518 0.608 0.643 0.512 0.496 0.506 0.551 0.520 0.417 0.366 0.368 0.065 0.092 0.075 0.116 0.347 0.518 0.138  
0.268 0.630 0.586 0.358 0.438 0.271 0.269 0.284 0.305 0.309 0.293 0.618 0.608 0.605 0.652 0.610 1.000 0.652 0.639 0.635 0.609 0.574 0.582 0.617 0.485 0.507 0.507 0.649 0.495 0.504 0.618 0.578 0.627 0.522 0.497 0.463 0.531 0.612 0.709 0.523 0.512 0.525 0.535 0.561 0.438 0.372 0.398 0.068 0.096 0.087 0.113 0.358 0.530 0.141  
0.256 0.651 0.579 0.374 0.427 0.254 0.252 0.269 0.281 0.286 0.265 0.591 0.657 0.623 0.694 0.671 0.655 1.000 0.634 0.656 0.590 0.659 0.557 0.667 0.507 0.480 0.521 0.633 0.492 0.492 0.647 0.597 0.671 0.504 0.482 0.485 0.534 0.652 0.718 0.551 0.525 0.534 0.565 0.578 0.427 0.378 0.379 0.069 0.100 0.079 0.118 0.374 0.517 0.137  
0.267 0.661 0.590 0.330 0.428 0.262 0.265 0.281 0.310 0.318 0.283 0.644 0.644 0.662 0.647 0.656 0.627 0.619 1.000 0.618 0.645 0.608 0.587 0.648 0.511 0.527 0.514 0.621 0.506 0.537 0.601 0.601 0.657 0.530 0.499 0.449 0.544 0.675 0.645 0.523 0.522 0.521 0.524 0.557 0.428 0.352 0.391 0.068 0.099 0.078 0.121 0.330 0.583 0.135  
0.256 0.621 0.616 0.350 0.417 0.265 0.261 0.268 0.287 0.287 0.270 0.624 0.611 0.603 0.634 0.623 0.629 0.647 0.624 1.000 0.626 0.626 0.614 0.663 0.521 0.487 0.522 0.628 0.492 0.489 0.639 0.595 0.633 0.510 0.476 0.464 0.507 0.622 0.624 0.547 0.540 0.532 0.538 0.540 0.417 0.367 0.388 0.068 0.099 0.081 0.116 0.350 0.507 0.134  
0.267 0.627 0.618 0.341 0.442 0.267 0.264 0.288 0.317 0.316 0.287 0.617 0.595 0.599 0.590 0.593 0.604 0.582 0.651 0.626 1.000 0.661 0.612 0.611 0.499 0.518 0.499 0.623 0.504 0.513 0.571 0.530 0.623 0.533 0.515 0.451 0.553 0.617 0.638 0.522 0.521 0.511 0.512 0.581 0.442 0.377 0.404 0.071 0.095 0.083 0.115 0.341 0.556 0.139  
0.247 0.610 0.577 0.359 0.406 0.249 0.246 0.263 0.276 0.279 0.254 0.560 0.618 0.600 0.631 0.658 0.571 0.653 0.617 0.629 0.663 1.000 0.569 0.700 0.485 0.456 0.483 0.576 0.461 0.470 0.628 0.575 0.658 0.470 0.477 0.468 0.525 0.615 0.622 0.513 0.500 0.517 0.533 0.553 0.406 0.362 0.364 0.068 0.094 0.078 0.115 0.359 0.490 0.133  
0.259 0.641 0.914 0.350 0.409 0.261 0.258 0.272 0.280 0.284 0.266 0.635 0.609 0.619 0.546 0.538 0.583 0.555 0.599 0.621 0.618 0.572 1.000 0.569 0.481 0.482 0.477 0.597 0.470 0.485 0.575 0.553 0.577 0.517 0.483 0.447 0.507 0.625 0.575 0.531 0.529 0.508 0.557 0.516 0.409 0.380 0.383 0.068 0.095 0.079 0.109 0.350 0.511 0.130  
0.255 0.592 0.573 0.358 0.409 0.256 0.256 0.271 0.285 0.286 0.266 0.580 0.601 0.610 0.662 0.650 0.611 0.658 0.655 0.664 0.611 0.697 0.563 1.000 0.513 0.483 0.519 0.595 0.485 0.492 0.607 0.597 0.704 0.507 0.505 0.490 0.519 0.602 0.647 0.542 0.526 0.529 0.558 0.539 0.409 0.366 0.376 0.068 0.095 0.082 0.116 0.358 0.505 0.132  
0.234 0.499 0.482 0.319 0.386 0.238 0.239 0.244 0.268 0.277 0.246 0.497 0.504 0.519 0.522 0.518 0.488 0.509 0.526 0.531 0.507 0.491 0.484 0.522 1.000 0.622 0.650 0.511 0.643 0.525 0.527 0.522 0.508 0.539 0.456 0.457 0.477 0.498 0.512 0.596 0.627 0.581 0.549 0.476 0.386 0.340 0.363 0.067 0.088 0.077 0.106 0.319 0.520 0.125  
0.227 0.519 0.482 0.318 0.412 0.228 0.228 0.243 0.281 0.291 0.250 0.537 0.498 0.507 0.503 0.478 0.505 0.476 0.535 0.490 0.520 0.456 0.480 0.486 0.614 1.000 0.713 0.531 0.791 0.576 0.489 0.479 0.488 0.604 0.500 0.458 0.476 0.522 0.501 0.541 0.585 0.526 0.483 0.501 0.412 0.357 0.399 0.067 0.093 0.077 0.119 0.318 0.554 0.122  
0.234 0.503 0.483 0.328 0.415 0.223 0.221 0.241 0.267 0.276 0.238 0.507 0.495 0.506 0.533 0.510 0.502 0.514 0.518 0.522 0.499 0.480 0.472 0.519 0.638 0.709 1.000 0.513 0.705 0.579 0.506 0.509 0.511 0.569 0.528 0.504 0.473 0.500 0.512 0.631 0.639 0.567 0.534 0.487 0.415 0.353 0.382 0.065 0.094 0.077 0.113 0.328 0.557 0.120  
0.261 0.633 0.592 0.353 0.433 0.264 0.261 0.280 0.301 0.307 0.280 0.612 0.600 0.600 0.632 0.576 0.640 0.621 0.625 0.625 0.620 0.571 0.589 0.592 0.500 0.526 0.511 1.000 0.517 0.527 0.603 0.578 0.636 0.536 0.508 0.443 0.538 0.625 0.656 0.532 0.520 0.519 0.524 0.571 0.433 0.375 0.400 0.069 0.093 0.083 0.119 0.353 0.537 0.139  
0.222 0.508 0.470 0.317 0.399 0.222 0.221 0.237 0.277 0.286 0.242 0.517 0.503 0.515 0.498 0.490 0.492 0.487 0.513 0.494 0.506 0.461 0.467 0.487 0.634 0.789 0.707 0.521 1.000 0.550 0.483 0.491 0.496 0.574 0.504 0.462 0.457 0.511 0.509 0.556 0.597 0.509 0.489 0.484 0.399 0.353 0.388 0.065 0.093 0.077 0.116 0.317 0.544 0.123  
0.239 0.515 0.498 0.324 0.406 0.227 0.227 0.255 0.284 0.293 0.257 0.504 0.484 0.496 0.513 0.490 0.502 0.488 0.546 0.493 0.516 0.472 0.484 0.495 0.519 0.577 0.583 0.533 0.552 1.000 0.482 0.475 0.484 0.565 0.515 0.467 0.469 0.502 0.519 0.526 0.534 0.498 0.495 0.493 0.406 0.343 0.393 0.063 0.095 0.076 0.116 0.324 0.558 0.118  
0.258 0.603 0.567 0.364 0.416 0.264 0.264 0.271 0.284 0.289 0.272 0.590 0.620 0.598 0.622 0.642 0.616 0.643 0.611 0.644 0.575 0.630 0.574 0.611 0.522 0.490 0.510 0.610 0.485 0.482 1.000 0.625 0.599 0.523 0.473 0.488 0.525 0.601 0.623 0.540 0.531 0.537 0.545 0.552 0.416 0.377 0.390 0.072 0.099 0.081 0.115 0.364 0.515 0.141  
0.251 0.546 0.547 0.359 0.392 0.255 0.254 0.262 0.284 0.289 0.263 0.558 0.567 0.585 0.583 0.584 0.571 0.587 0.605 0.594 0.528 0.571 0.546 0.595 0.511 0.475 0.508 0.579 0.488 0.470 0.619 1.000 0.583 0.487 0.457 0.453 0.489 0.567 0.566 0.521 0.510 0.523 0.531 0.512 0.392 0.361 0.387 0.067 0.095 0.080 0.117 0.359 0.509 0.133  
0.261 0.619 0.582 0.343 0.416 0.255 0.253 0.275 0.288 0.292 0.266 0.589 0.598 0.593 0.647 0.620 0.618 0.659 0.661 0.631 0.620 0.652 0.569 0.701 0.497 0.484 0.510 0.636 0.492 0.478 0.593 0.583 1.000 0.508 0.499 0.464 0.521 0.621 0.649 0.543 0.519 0.525 0.544 0.551 0.416 0.352 0.374 0.069 0.094 0.079 0.112 0.343 0.519 0.133  
0.244 0.541 0.511 0.323 0.438 0.240 0.240 0.257 0.299 0.308 0.263 0.549 0.513 0.521 0.502 0.467 0.516 0.496 0.534 0.509 0.532 0.467 0.511 0.506 0.528 0.600 0.568 0.537 0.571 0.560 0.518 0.487 0.509 1.000 0.579 0.513 0.482 0.535 0.508 0.547 0.568 0.518 0.473 0.505 0.438 0.367 0.420 0.065 0.096 0.080 0.113 0.323 0.552 0.116  
0.217 0.492 0.484 0.303 0.402 0.206 0.206 0.235 0.253 0.262 0.227 0.499 0.471 0.478 0.477 0.458 0.492 0.475 0.503 0.476 0.515 0.475 0.478 0.504 0.448 0.497 0.528 0.510 0.502 0.511 0.470 0.458 0.500 0.580 1.000 0.539 0.475 0.491 0.501 0.519 0.498 0.539 0.449 0.492 0.402 0.326 0.383 0.058 0.092 0.068 0.109 0.303 0.545 0.112  
0.218 0.473 0.454 0.297 0.392 0.206 0.204 0.226 0.235 0.240 0.211 0.466 0.468 0.455 0.480 0.472 0.464 0.484 0.459 0.470 0.456 0.471 0.448 0.496 0.455 0.460 0.511 0.450 0.466 0.469 0.490 0.459 0.471 0.520 0.545 1.000 0.442 0.468 0.472 0.568 0.545 0.585 0.488 0.456 0.392 0.316 0.365 0.060 0.086 0.065 0.106 0.297 0.498 0.114  
0.259 0.601 0.544 0.372 0.457 0.251 0.249 0.280 0.294 0.300 0.271 0.552 0.556 0.550 0.539 0.538 0.547 0.548 0.571 0.527 0.575 0.543 0.522 0.539 0.487 0.492 0.492 0.562 0.474 0.484 0.542 0.510 0.544 0.502 0.494 0.455 1.000 0.574 0.564 0.505 0.495 0.482 0.480 0.729 0.457 0.358 0.419 0.074 0.097 0.084 0.110 0.372 0.531 0.141  
0.253 0.912 0.623 0.339 0.434 0.257 0.251 0.270 0.289 0.295 0.268 0.816 0.880 0.796 0.611 0.604 0.601 0.638 0.677 0.617 0.612 0.607 0.614 0.597 0.486 0.515 0.496 0.622 0.505 0.495 0.592 0.564 0.618 0.532 0.487 0.459 0.548 1.000 0.616 0.517 0.534 0.493 0.508 0.583 0.434 0.365 0.404 0.071 0.099 0.074 0.122 0.339 0.533 0.135  
0.265 0.641 0.591 0.358 0.428 0.259 0.260 0.284 0.306 0.305 0.281 0.617 0.630 0.628 0.688 0.648 0.707 0.713 0.656 0.629 0.642 0.624 0.573 0.651 0.507 0.502 0.516 0.663 0.511 0.519 0.623 0.572 0.657 0.513 0.505 0.470 0.546 0.625 1.000 0.533 0.513 0.529 0.563 0.579 0.428 0.376 0.390 0.067 0.095 0.083 0.112 0.358 0.534 0.139  
0.240 0.520 0.535 0.337 0.420 0.235 0.233 0.253 0.263 0.270 0.244 0.520 0.516 0.526 0.527 0.512 0.518 0.544 0.528 0.548 0.523 0.511 0.526 0.543 0.586 0.538 0.632 0.535 0.554 0.523 0.537 0.523 0.545 0.549 0.519 0.562 0.487 0.521 0.529 1.000 0.785 0.714 0.562 0.488 0.420 0.344 0.386 0.067 0.091 0.074 0.110 0.337 0.525 0.126  
0.231 0.538 0.524 0.315 0.414 0.236 0.234 0.244 0.265 0.274 0.246 0.541 0.527 0.541 0.518 0.500 0.511 0.522 0.532 0.545 0.525 0.502 0.528 0.530 0.621 0.587 0.644 0.526 0.599 0.534 0.532 0.516 0.525 0.574 0.502 0.543 0.480 0.542 0.513 0.791 1.000 0.673 0.549 0.494 0.414 0.351 0.396 0.065 0.092 0.073 0.108 0.315 0.536 0.127  
0.243 0.500 0.517 0.329 0.408 0.226 0.228 0.252 0.243 0.250 0.226 0.491 0.499 0.505 0.526 0.505 0.518 0.525 0.525 0.531 0.510 0.514 0.502 0.527 0.570 0.522 0.566 0.520 0.506 0.493 0.532 0.523 0.525 0.518 0.538 0.576 0.462 0.496 0.524 0.712 0.666 1.000 0.555 0.468 0.408 0.332 0.359 0.064 0.092 0.073 0.108 0.329 0.524 0.127  
0.276 0.525 0.569 0.366 0.397 0.263 0.258 0.278 0.261 0.268 0.251 0.522 0.547 0.541 0.565 0.557 0.536 0.563 0.535 0.544 0.517 0.536 0.557 0.564 0.545 0.485 0.540 0.531 0.492 0.496 0.546 0.538 0.551 0.479 0.454 0.488 0.467 0.517 0.564 0.567 0.551 0.562 1.000 0.494 0.397 0.366 0.363 0.065 0.090 0.075 0.100 0.366 0.518 0.130  
0.262 0.631 0.549 0.373 0.450 0.258 0.256 0.277 0.303 0.308 0.278 0.578 0.581 0.568 0.575 0.534 0.570 0.584 0.577 0.554 0.595 0.565 0.524 0.552 0.479 0.511 0.499 0.588 0.495 0.502 0.562 0.526 0.567 0.519 0.504 0.462 0.719 0.603 0.589 0.500 0.503 0.481 0.501 1.000 0.450 0.387 0.433 0.075 0.101 0.084 0.118 0.373 0.538 0.141  
0.274 0.478 0.431 0.392 1.000 0.254 0.247 0.283 0.289 0.301 0.264 0.457 0.441 0.437 0.413 0.437 0.454 0.441 0.453 0.437 0.462 0.424 0.423 0.429 0.397 0.429 0.434 0.455 0.416 0.422 0.432 0.411 0.437 0.460 0.421 0.405 0.461 0.458 0.445 0.440 0.430 0.428 0.411 0.459 1.000 0.389 0.522 0.067 0.092 0.084 0.097 0.392 0.478 0.120  
0.237 0.402 0.412 0.349 0.399 0.251 0.240 0.245 0.248 0.255 0.222 0.400 0.392 0.394 0.392 0.394 0.396 0.401 0.382 0.395 0.405 0.388 0.404 0.393 0.359 0.382 0.379 0.405 0.378 0.366 0.403 0.390 0.380 0.395 0.350 0.336 0.370 0.396 0.401 0.369 0.375 0.358 0.389 0.405 0.399 1.000 0.384 0.064 0.083 0.079 0.104 0.349 0.386 0.111  
0.250 0.437 0.409 0.376 0.528 0.252 0.247 0.262 0.297 0.310 0.263 0.437 0.415 0.412 0.394 0.390 0.417 0.395 0.417 0.411 0.427 0.383 0.401 0.398 0.377 0.420 0.405 0.425 0.409 0.413 0.410 0.411 0.397 0.446 0.406 0.382 0.426 0.431 0.410 0.408 0.416 0.381 0.380 0.447 0.528 0.378 1.000 0.069 0.086 0.081 0.096 0.376 0.447 0.111  
0.051 0.078 0.077 0.067 0.067 0.054 0.053 0.052 0.050 0.053 0.047 0.074 0.076 0.075 0.072 0.069 0.071 0.071 0.072 0.071 0.074 0.071 0.071 0.071 0.069 0.069 0.068 0.073 0.068 0.066 0.075 0.070 0.072 0.068 0.061 0.062 0.075 0.075 0.069 0.070 0.067 0.067 0.067 0.077 0.067 0.062 0.068 1.000 0.103 0.026 0.037 0.067 0.067 0.039  
0.062 0.105 0.103 0.084 0.092 0.061 0.058 0.067 0.064 0.066 0.063 0.100 0.102 0.102 0.103 0.096 0.099 0.103 0.105 0.103 0.098 0.097 0.098 0.099 0.090 0.096 0.098 0.097 0.096 0.098 0.102 0.099 0.098 0.100 0.096 0.089 0.097 0.104 0.098 0.095 0.095 0.096 0.093 0.103 0.092 0.081 0.085 0.102 1.000 0.035 0.048 0.084 0.102 0.045  
0.062 0.086 0.080 0.073 0.081 0.065 0.063 0.061 0.065 0.065 0.063 0.079 0.074 0.078 0.080 0.076 0.087 0.078 0.079 0.082 0.084 0.078 0.079 0.082 0.076 0.077 0.078 0.084 0.078 0.076 0.081 0.081 0.080 0.081 0.068 0.065 0.081 0.075 0.083 0.074 0.073 0.073 0.075 0.083 0.081 0.074 0.077 0.025 0.034 1.000 0.040 0.073 0.081 0.039  
0.064 0.110 0.104 0.079 0.091 0.066 0.065 0.066 0.072 0.072 0.069 0.117 0.115 0.114 0.116 0.114 0.110 0.114 0.120 0.114 0.113 0.113 0.106 0.114 0.103 0.117 0.111 0.118 0.114 0.113 0.112 0.115 0.110 0.112 0.107 0.103 0.104 0.121 0.110 0.108 0.106 0.106 0.097 0.113 0.091 0.095 0.089 0.034 0.045 0.039 1.000 0.079 0.103 0.046  
0.272 0.401 0.401 1.000 0.414 0.257 0.249 0.287 0.250 0.257 0.251 0.391 0.388 0.384 0.390 0.384 0.393 0.408 0.369 0.388 0.377 0.395 0.383 0.396 0.347 0.350 0.363 0.392 0.349 0.356 0.400 0.398 0.380 0.358 0.336 0.325 0.397 0.379 0.394 0.373 0.346 0.364 0.401 0.403 0.414 0.359 0.393 0.070 0.089 0.081 0.089 1.000 0.390 0.117  
0.280 0.572 0.528 0.360 0.466 0.251 0.255 0.296 0.305 0.321 0.270 0.559 0.526 0.538 0.524 0.530 0.536 0.521 0.601 0.518 0.568 0.498 0.516 0.515 0.522 0.563 0.569 0.551 0.553 0.566 0.522 0.522 0.533 0.565 0.557 0.503 0.522 0.549 0.542 0.535 0.543 0.536 0.524 0.536 0.466 0.367 0.432 0.065 0.101 0.082 0.107 0.360 1.000 0.126  
0.088 0.154 0.145 0.114 0.124 0.095 0.094 0.091 0.098 0.099 0.096 0.148 0.148 0.147 0.147 0.150 0.152 0.146 0.147 0.146 0.150 0.144 0.140 0.143 0.133 0.131 0.130 0.151 0.133 0.127 0.151 0.144 0.144 0.126 0.121 0.121 0.147 0.147 0.149 0.136 0.136 0.138 0.139 0.149 0.124 0.112 0.114 0.040 0.047 0.042 0.050 0.114 0.134 1.000  
