1.000 0.751 0.422 0.514 0.803 0.864 0.845 0.694 0.705 0.700 0.712 0.720 0.719 0.681 0.680 0.720 0.683 0.586 0.585 0.602 0.699 0.588 0.588 0.685 0.655 0.687 0.589 0.551 0.548 0.644 0.902 0.709 0.611 0.623 0.600 0.612 0.674 0.514 0.429 0.458 0.089 0.118 0.097 0.131 0.422 0.621 0.173  
0.760 1.000 0.422 0.489 0.706 0.715 0.727 0.662 0.665 0.676 0.683 0.690 0.724 0.698 0.699 0.900 0.683 0.574 0.567 0.579 0.676 0.565 0.587 0.676 0.655 0.669 0.582 0.559 0.539 0.622 0.721 0.694 0.618 0.600 0.607 0.634 0.634 0.489 0.431 0.443 0.090 0.119 0.093 0.129 0.422 0.597 0.162  
0.474 0.468 1.000 0.482 0.457 0.451 0.452 0.456 0.445 0.465 0.469 0.443 0.460 0.451 0.455 0.449 0.464 0.407 0.409 0.422 0.461 0.414 0.411 0.463 0.455 0.451 0.416 0.406 0.383 0.457 0.451 0.468 0.428 0.407 0.424 0.448 0.472 0.482 0.431 0.460 0.085 0.104 0.089 0.102 1.000 0.457 0.136  
0.539 0.507 0.451 1.000 0.523 0.525 0.516 0.500 0.522 0.532 0.519 0.516 0.513 0.522 0.506 0.501 0.518 0.481 0.503 0.525 0.526 0.499 0.490 0.512 0.496 0.517 0.522 0.492 0.493 0.521 0.519 0.525 0.528 0.523 0.524 0.505 0.520 1.000 0.442 0.596 0.080 0.107 0.096 0.116 0.451 0.541 0.146  
0.804 0.698 0.408 0.499 1.000 0.847 0.843 0.685 0.719 0.682 0.681 0.707 0.709 0.674 0.663 0.695 0.671 0.576 0.600 0.603 0.678 0.593 0.573 0.688 0.651 0.662 0.587 0.548 0.545 0.604 0.875 0.690 0.602 0.616 0.584 0.606 0.637 0.499 0.431 0.455 0.086 0.113 0.091 0.142 0.408 0.593 0.167  
0.864 0.707 0.402 0.501 0.847 1.000 0.864 0.714 0.732 0.684 0.730 0.746 0.717 0.677 0.687 0.697 0.703 0.587 0.590 0.602 0.694 0.594 0.576 0.691 0.671 0.701 0.591 0.553 0.544 0.621 0.950 0.700 0.617 0.619 0.593 0.610 0.646 0.501 0.425 0.457 0.089 0.119 0.086 0.143 0.402 0.600 0.166  
0.846 0.719 0.403 0.492 0.843 0.864 1.000 0.706 0.708 0.669 0.711 0.740 0.698 0.671 0.684 0.713 0.693 0.583 0.584 0.598 0.678 0.590 0.576 0.684 0.676 0.683 0.586 0.551 0.536 0.622 0.869 0.687 0.611 0.622 0.591 0.601 0.644 0.492 0.424 0.443 0.089 0.120 0.092 0.142 0.403 0.592 0.168  
0.700 0.660 0.409 0.481 0.690 0.720 0.712 1.000 0.704 0.721 0.758 0.728 0.722 0.671 0.703 0.649 0.722 0.579 0.588 0.610 0.715 0.580 0.589 0.689 0.663 0.703 0.587 0.557 0.540 0.609 0.715 0.734 0.606 0.589 0.611 0.623 0.647 0.481 0.425 0.427 0.085 0.120 0.093 0.145 0.409 0.586 0.165  
0.710 0.663 0.400 0.501 0.724 0.738 0.713 0.704 1.000 0.716 0.729 0.759 0.715 0.708 0.724 0.660 0.736 0.576 0.579 0.597 0.692 0.584 0.575 0.690 0.663 0.720 0.567 0.561 0.542 0.617 0.729 0.746 0.610 0.593 0.595 0.643 0.624 0.501 0.422 0.429 0.082 0.111 0.087 0.142 0.400 0.613 0.167  
0.717 0.684 0.424 0.519 0.698 0.701 0.685 0.733 0.727 1.000 0.772 0.724 0.731 0.683 0.674 0.683 0.703 0.574 0.597 0.599 0.744 0.586 0.579 0.721 0.676 0.714 0.587 0.565 0.538 0.617 0.701 0.783 0.608 0.589 0.613 0.637 0.647 0.519 0.446 0.449 0.084 0.116 0.101 0.140 0.424 0.610 0.176  
0.726 0.689 0.426 0.505 0.695 0.744 0.725 0.767 0.738 0.768 1.000 0.735 0.727 0.678 0.709 0.667 0.749 0.577 0.583 0.605 0.723 0.585 0.588 0.710 0.672 0.743 0.590 0.561 0.552 0.622 0.732 0.803 0.622 0.597 0.605 0.637 0.658 0.505 0.428 0.438 0.084 0.120 0.092 0.145 0.426 0.604 0.167  
0.722 0.684 0.396 0.493 0.708 0.747 0.741 0.724 0.755 0.708 0.722 1.000 0.712 0.700 0.713 0.684 0.737 0.582 0.587 0.591 0.693 0.573 0.579 0.715 0.702 0.727 0.586 0.553 0.537 0.609 0.740 0.711 0.622 0.612 0.625 0.624 0.623 0.493 0.414 0.426 0.084 0.119 0.090 0.146 0.396 0.615 0.164  
0.723 0.720 0.412 0.492 0.713 0.720 0.701 0.720 0.713 0.718 0.716 0.714 1.000 0.716 0.702 0.714 0.731 0.584 0.578 0.587 0.714 0.573 0.577 0.703 0.668 0.700 0.578 0.543 0.522 0.602 0.724 0.713 0.594 0.586 0.593 0.610 0.638 0.492 0.420 0.442 0.084 0.120 0.093 0.145 0.412 0.587 0.166  
0.691 0.699 0.407 0.504 0.683 0.686 0.679 0.674 0.712 0.675 0.674 0.707 0.721 1.000 0.768 0.694 0.708 0.592 0.588 0.592 0.674 0.576 0.583 0.680 0.633 0.678 0.588 0.570 0.536 0.632 0.681 0.705 0.610 0.599 0.607 0.610 0.646 0.504 0.422 0.447 0.087 0.112 0.095 0.137 0.407 0.621 0.171  
0.687 0.698 0.410 0.487 0.669 0.693 0.690 0.704 0.725 0.665 0.702 0.718 0.706 0.765 1.000 0.692 0.766 0.566 0.570 0.580 0.676 0.567 0.569 0.686 0.659 0.739 0.570 0.572 0.530 0.616 0.696 0.702 0.609 0.592 0.603 0.607 0.637 0.487 0.414 0.429 0.083 0.113 0.090 0.141 0.410 0.584 0.161  
0.733 0.905 0.408 0.486 0.707 0.709 0.725 0.655 0.666 0.678 0.665 0.695 0.723 0.697 0.697 1.000 0.678 0.579 0.568 0.572 0.679 0.566 0.575 0.684 0.658 0.661 0.584 0.556 0.536 0.605 0.716 0.680 0.613 0.607 0.596 0.625 0.613 0.486 0.425 0.437 0.083 0.114 0.092 0.133 0.408 0.589 0.157  
0.689 0.680 0.417 0.498 0.676 0.708 0.698 0.722 0.736 0.692 0.741 0.741 0.733 0.704 0.765 0.672 1.000 0.572 0.573 0.595 0.693 0.574 0.571 0.672 0.675 0.762 0.581 0.588 0.548 0.622 0.705 0.718 0.620 0.594 0.601 0.617 0.638 0.498 0.421 0.434 0.084 0.115 0.095 0.143 0.417 0.581 0.161  
0.602 0.582 0.372 0.470 0.590 0.602 0.598 0.589 0.586 0.575 0.581 0.596 0.596 0.599 0.575 0.584 0.582 1.000 0.689 0.678 0.604 0.699 0.595 0.591 0.574 0.571 0.613 0.529 0.511 0.584 0.603 0.590 0.639 0.664 0.615 0.595 0.578 0.470 0.389 0.422 0.084 0.107 0.089 0.130 0.372 0.585 0.153  
0.596 0.571 0.371 0.489 0.611 0.601 0.594 0.594 0.585 0.594 0.582 0.597 0.586 0.591 0.575 0.569 0.579 0.684 1.000 0.784 0.601 0.846 0.639 0.597 0.564 0.561 0.655 0.568 0.556 0.543 0.603 0.593 0.631 0.675 0.638 0.586 0.574 0.489 0.420 0.447 0.080 0.112 0.091 0.144 0.371 0.604 0.149  
0.608 0.578 0.380 0.505 0.609 0.607 0.603 0.610 0.598 0.590 0.598 0.595 0.589 0.589 0.580 0.567 0.595 0.667 0.776 1.000 0.596 0.770 0.652 0.592 0.585 0.580 0.656 0.604 0.574 0.564 0.610 0.608 0.683 0.683 0.641 0.598 0.584 0.505 0.415 0.442 0.078 0.114 0.091 0.140 0.380 0.621 0.150  
0.705 0.674 0.414 0.506 0.684 0.700 0.684 0.716 0.693 0.733 0.716 0.697 0.717 0.671 0.675 0.673 0.693 0.594 0.595 0.596 1.000 0.600 0.584 0.716 0.677 0.705 0.580 0.557 0.528 0.612 0.699 0.744 0.610 0.596 0.604 0.619 0.643 0.506 0.431 0.442 0.084 0.111 0.098 0.139 0.414 0.601 0.173  
0.596 0.565 0.374 0.482 0.600 0.601 0.597 0.583 0.587 0.579 0.581 0.579 0.578 0.575 0.568 0.563 0.576 0.690 0.840 0.773 0.603 1.000 0.618 0.578 0.567 0.569 0.634 0.574 0.548 0.540 0.602 0.593 0.635 0.679 0.604 0.581 0.569 0.482 0.416 0.443 0.080 0.112 0.090 0.142 0.374 0.608 0.154  
0.603 0.595 0.376 0.479 0.587 0.590 0.590 0.599 0.584 0.579 0.590 0.592 0.588 0.590 0.577 0.579 0.580 0.594 0.643 0.662 0.593 0.626 1.000 0.581 0.557 0.559 0.630 0.572 0.565 0.537 0.593 0.594 0.609 0.621 0.591 0.592 0.567 0.479 0.403 0.433 0.076 0.111 0.089 0.135 0.376 0.611 0.145  
0.694 0.677 0.418 0.495 0.697 0.700 0.692 0.692 0.693 0.713 0.705 0.722 0.709 0.680 0.688 0.681 0.675 0.584 0.593 0.594 0.718 0.578 0.575 1.000 0.696 0.685 0.604 0.560 0.543 0.625 0.692 0.713 0.613 0.599 0.602 0.614 0.651 0.495 0.430 0.452 0.089 0.118 0.094 0.140 0.418 0.608 0.171  
0.659 0.651 0.408 0.476 0.654 0.675 0.679 0.661 0.661 0.664 0.662 0.704 0.668 0.628 0.657 0.651 0.673 0.563 0.557 0.583 0.675 0.563 0.546 0.691 1.000 0.673 0.562 0.541 0.511 0.584 0.683 0.651 0.590 0.573 0.576 0.601 0.622 0.476 0.421 0.443 0.082 0.114 0.094 0.144 0.408 0.589 0.162  
0.690 0.665 0.404 0.495 0.665 0.704 0.686 0.701 0.718 0.700 0.732 0.729 0.699 0.672 0.735 0.653 0.760 0.559 0.554 0.577 0.702 0.564 0.548 0.679 0.672 1.000 0.563 0.559 0.525 0.606 0.697 0.723 0.604 0.576 0.596 0.613 0.620 0.495 0.404 0.418 0.086 0.112 0.092 0.136 0.404 0.587 0.163  
0.598 0.583 0.376 0.504 0.595 0.599 0.594 0.591 0.570 0.581 0.586 0.593 0.583 0.588 0.572 0.582 0.584 0.606 0.652 0.660 0.583 0.635 0.623 0.605 0.567 0.568 1.000 0.624 0.592 0.546 0.594 0.587 0.599 0.630 0.591 0.558 0.573 0.504 0.431 0.462 0.080 0.115 0.095 0.132 0.376 0.618 0.142  
0.555 0.557 0.364 0.472 0.552 0.557 0.555 0.557 0.560 0.556 0.554 0.556 0.544 0.567 0.571 0.551 0.588 0.519 0.562 0.603 0.556 0.571 0.562 0.557 0.542 0.560 0.620 1.000 0.624 0.549 0.555 0.578 0.586 0.572 0.627 0.528 0.562 0.472 0.380 0.434 0.071 0.108 0.085 0.126 0.364 0.593 0.137  
0.556 0.540 0.346 0.477 0.553 0.552 0.543 0.544 0.546 0.533 0.549 0.544 0.526 0.537 0.532 0.535 0.552 0.505 0.553 0.577 0.531 0.549 0.560 0.545 0.516 0.530 0.593 0.629 1.000 0.530 0.551 0.550 0.631 0.603 0.646 0.558 0.539 0.477 0.378 0.436 0.071 0.104 0.081 0.128 0.346 0.578 0.138  
0.674 0.644 0.427 0.520 0.632 0.650 0.651 0.632 0.641 0.631 0.639 0.637 0.627 0.653 0.639 0.623 0.646 0.596 0.558 0.586 0.635 0.559 0.548 0.646 0.608 0.632 0.564 0.571 0.547 1.000 0.648 0.654 0.606 0.597 0.588 0.597 0.771 0.520 0.416 0.472 0.089 0.114 0.097 0.129 0.427 0.593 0.174  
0.903 0.712 0.402 0.495 0.874 0.949 0.869 0.709 0.724 0.684 0.718 0.738 0.720 0.672 0.690 0.703 0.699 0.588 0.591 0.604 0.693 0.595 0.578 0.683 0.679 0.694 0.586 0.551 0.543 0.619 1.000 0.697 0.618 0.630 0.598 0.608 0.648 0.495 0.425 0.453 0.088 0.118 0.087 0.146 0.402 0.597 0.166  
0.724 0.700 0.426 0.511 0.704 0.714 0.701 0.744 0.756 0.780 0.804 0.724 0.725 0.710 0.710 0.682 0.727 0.587 0.595 0.615 0.753 0.598 0.592 0.718 0.661 0.735 0.591 0.586 0.554 0.638 0.712 1.000 0.629 0.599 0.619 0.650 0.658 0.511 0.438 0.442 0.083 0.114 0.096 0.139 0.426 0.610 0.172  
0.617 0.617 0.385 0.508 0.608 0.623 0.617 0.607 0.612 0.600 0.616 0.627 0.597 0.607 0.608 0.608 0.621 0.628 0.625 0.683 0.610 0.633 0.600 0.611 0.592 0.607 0.596 0.588 0.628 0.584 0.624 0.622 1.000 0.800 0.759 0.615 0.581 0.508 0.397 0.450 0.082 0.110 0.088 0.136 0.385 0.616 0.157  
0.632 0.602 0.368 0.506 0.626 0.628 0.631 0.593 0.598 0.584 0.594 0.620 0.592 0.600 0.595 0.605 0.599 0.657 0.673 0.687 0.600 0.681 0.615 0.601 0.579 0.582 0.631 0.577 0.604 0.578 0.640 0.595 0.805 1.000 0.710 0.603 0.586 0.506 0.407 0.461 0.078 0.111 0.087 0.133 0.368 0.627 0.157  
0.603 0.603 0.380 0.502 0.586 0.595 0.593 0.609 0.594 0.601 0.597 0.626 0.593 0.602 0.600 0.589 0.599 0.602 0.629 0.639 0.601 0.600 0.579 0.598 0.575 0.596 0.586 0.625 0.639 0.564 0.601 0.609 0.755 0.703 1.000 0.605 0.562 0.502 0.387 0.428 0.077 0.110 0.088 0.132 0.380 0.628 0.157  
0.625 0.640 0.408 0.492 0.619 0.622 0.613 0.631 0.652 0.635 0.638 0.635 0.619 0.615 0.613 0.627 0.625 0.591 0.587 0.605 0.626 0.586 0.590 0.619 0.610 0.622 0.562 0.535 0.561 0.582 0.620 0.650 0.622 0.606 0.615 1.000 0.600 0.492 0.419 0.430 0.080 0.109 0.086 0.124 0.408 0.614 0.156  
0.697 0.648 0.435 0.512 0.658 0.667 0.665 0.663 0.640 0.653 0.667 0.643 0.656 0.659 0.652 0.623 0.654 0.582 0.583 0.598 0.659 0.581 0.571 0.664 0.639 0.637 0.584 0.577 0.549 0.761 0.670 0.666 0.595 0.596 0.578 0.607 1.000 0.512 0.442 0.490 0.089 0.120 0.097 0.137 0.435 0.607 0.174  
0.539 0.507 0.451 1.000 0.523 0.525 0.516 0.500 0.522 0.532 0.519 0.516 0.513 0.522 0.506 0.501 0.518 0.481 0.503 0.525 0.526 0.499 0.490 0.512 0.496 0.517 0.522 0.492 0.493 0.521 0.519 0.525 0.528 0.523 0.524 0.505 0.520 1.000 0.442 0.596 0.080 0.107 0.096 0.116 0.451 0.541 0.146  
0.466 0.462 0.417 0.456 0.467 0.461 0.459 0.458 0.454 0.473 0.456 0.448 0.454 0.452 0.444 0.453 0.453 0.411 0.448 0.447 0.464 0.445 0.426 0.461 0.454 0.436 0.462 0.409 0.404 0.431 0.461 0.465 0.426 0.435 0.417 0.445 0.464 0.456 1.000 0.441 0.077 0.098 0.089 0.124 0.417 0.449 0.131  
0.488 0.467 0.437 0.605 0.485 0.487 0.472 0.451 0.454 0.467 0.458 0.453 0.469 0.471 0.453 0.458 0.460 0.438 0.468 0.467 0.467 0.466 0.451 0.476 0.470 0.444 0.486 0.460 0.458 0.481 0.483 0.461 0.475 0.484 0.454 0.450 0.506 0.605 0.433 1.000 0.083 0.102 0.092 0.113 0.437 0.489 0.135  
0.095 0.095 0.080 0.081 0.091 0.094 0.094 0.089 0.086 0.087 0.087 0.089 0.088 0.091 0.087 0.087 0.088 0.087 0.083 0.082 0.088 0.084 0.079 0.093 0.086 0.091 0.083 0.074 0.074 0.090 0.093 0.085 0.086 0.082 0.082 0.083 0.091 0.081 0.075 0.083 1.000 0.108 0.030 0.041 0.080 0.078 0.045  
0.123 0.123 0.097 0.107 0.118 0.124 0.126 0.125 0.116 0.119 0.123 0.125 0.125 0.116 0.117 0.118 0.120 0.109 0.116 0.119 0.115 0.116 0.113 0.122 0.119 0.117 0.119 0.112 0.107 0.114 0.123 0.117 0.114 0.115 0.114 0.112 0.122 0.107 0.095 0.101 0.107 1.000 0.037 0.052 0.097 0.118 0.053  
0.098 0.093 0.081 0.092 0.092 0.087 0.093 0.093 0.087 0.100 0.091 0.091 0.094 0.095 0.090 0.092 0.095 0.088 0.090 0.091 0.098 0.090 0.088 0.094 0.094 0.092 0.094 0.085 0.081 0.094 0.088 0.095 0.088 0.087 0.089 0.085 0.095 0.092 0.083 0.087 0.029 0.036 1.000 0.047 0.081 0.093 0.044  
0.130 0.127 0.090 0.110 0.141 0.143 0.142 0.144 0.141 0.136 0.142 0.145 0.144 0.134 0.139 0.131 0.141 0.126 0.140 0.138 0.138 0.140 0.131 0.138 0.143 0.135 0.130 0.125 0.126 0.122 0.145 0.136 0.134 0.130 0.131 0.121 0.132 0.110 0.114 0.106 0.038 0.050 0.046 1.000 0.090 0.123 0.053  
0.474 0.468 1.000 0.482 0.457 0.451 0.452 0.456 0.445 0.465 0.469 0.443 0.460 0.451 0.455 0.449 0.464 0.407 0.409 0.422 0.461 0.414 0.411 0.463 0.455 0.451 0.416 0.406 0.383 0.457 0.451 0.468 0.428 0.407 0.424 0.448 0.472 0.482 0.431 0.460 0.085 0.104 0.089 0.102 1.000 0.457 0.136  
0.648 0.616 0.425 0.537 0.618 0.626 0.617 0.606 0.635 0.622 0.618 0.640 0.609 0.639 0.603 0.604 0.601 0.594 0.618 0.642 0.621 0.627 0.622 0.626 0.611 0.610 0.636 0.614 0.594 0.591 0.623 0.623 0.637 0.644 0.652 0.627 0.613 0.537 0.432 0.478 0.077 0.117 0.096 0.128 0.425 1.000 0.157  
0.189 0.175 0.132 0.152 0.182 0.181 0.183 0.179 0.181 0.188 0.179 0.179 0.181 0.184 0.174 0.169 0.175 0.162 0.160 0.162 0.187 0.166 0.154 0.184 0.176 0.177 0.153 0.148 0.148 0.182 0.182 0.184 0.170 0.169 0.171 0.167 0.184 0.152 0.132 0.138 0.047 0.055 0.047 0.059 0.132 0.164 1.000  
