1.000 0.337 0.251 0.541 0.597 0.550 0.537 0.580 0.558 0.454 0.583 0.559 0.581 0.430 0.591 0.507 0.569 0.538 0.549 0.550 0.552 0.525 0.557 0.554 0.473 0.309 0.286 0.311 0.296 0.324 0.302 0.335 0.323 0.323 0.328 0.296 0.339 0.299 0.343 0.300 0.249 0.292 0.288 0.234 0.229  
0.348 1.000 0.241 0.407 0.451 0.549 0.432 0.500 0.512 0.379 0.409 0.430 0.429 0.369 0.385 0.485 0.473 0.599 0.501 0.424 0.417 0.458 0.481 0.482 0.603 0.641 0.629 0.634 0.613 0.431 0.690 0.644 0.574 0.568 0.568 0.581 0.505 0.605 0.815 0.532 0.387 0.609 0.622 0.231 0.190  
0.290 0.270 1.000 0.282 0.317 0.315 0.293 0.296 0.305 0.288 0.312 0.279 0.310 0.277 0.257 0.301 0.321 0.321 0.313 0.277 0.299 0.287 0.337 0.315 0.338 0.238 0.233 0.253 0.253 0.210 0.245 0.262 0.232 0.246 0.231 0.228 0.243 0.234 0.282 0.231 0.204 0.228 0.254 0.254 0.189  
0.549 0.400 0.248 1.000 0.789 0.675 0.803 0.593 0.670 0.428 0.679 0.732 0.820 0.433 0.698 0.641 0.574 0.678 0.743 0.717 0.648 0.746 0.577 0.534 0.529 0.335 0.328 0.368 0.358 0.320 0.363 0.409 0.357 0.379 0.353 0.322 0.375 0.323 0.407 0.341 0.294 0.345 0.344 0.232 0.219  
0.607 0.445 0.279 0.791 1.000 0.718 0.764 0.682 0.714 0.451 0.777 0.732 0.869 0.460 0.719 0.667 0.694 0.723 0.792 0.669 0.668 0.765 0.663 0.598 0.587 0.375 0.364 0.409 0.401 0.331 0.399 0.450 0.388 0.418 0.349 0.360 0.380 0.369 0.454 0.356 0.319 0.383 0.382 0.249 0.228  
0.562 0.544 0.279 0.681 0.722 1.000 0.687 0.836 0.872 0.515 0.612 0.712 0.650 0.508 0.620 0.741 0.722 0.861 0.719 0.703 0.663 0.733 0.649 0.663 0.662 0.424 0.407 0.444 0.431 0.364 0.466 0.459 0.414 0.406 0.439 0.412 0.416 0.414 0.542 0.390 0.303 0.406 0.482 0.259 0.236  
0.548 0.427 0.258 0.808 0.767 0.685 1.000 0.643 0.653 0.436 0.658 0.706 0.751 0.464 0.633 0.630 0.620 0.693 0.749 0.682 0.666 0.742 0.622 0.547 0.567 0.347 0.340 0.376 0.367 0.313 0.378 0.412 0.357 0.376 0.360 0.331 0.365 0.338 0.434 0.337 0.284 0.356 0.368 0.229 0.226  
0.590 0.493 0.260 0.596 0.683 0.832 0.642 1.000 0.817 0.546 0.599 0.673 0.641 0.552 0.635 0.671 0.711 0.771 0.666 0.670 0.613 0.684 0.636 0.690 0.621 0.393 0.372 0.405 0.387 0.377 0.424 0.412 0.371 0.375 0.436 0.378 0.421 0.384 0.491 0.386 0.286 0.369 0.434 0.251 0.235  
0.574 0.511 0.271 0.679 0.722 0.877 0.658 0.826 1.000 0.503 0.645 0.759 0.674 0.498 0.637 0.769 0.714 0.808 0.726 0.704 0.656 0.757 0.676 0.652 0.640 0.409 0.389 0.424 0.411 0.340 0.436 0.443 0.403 0.396 0.391 0.397 0.383 0.400 0.511 0.360 0.289 0.392 0.452 0.252 0.232  
0.458 0.371 0.251 0.426 0.447 0.508 0.431 0.541 0.494 1.000 0.429 0.436 0.463 0.691 0.480 0.495 0.549 0.514 0.431 0.463 0.433 0.443 0.468 0.629 0.545 0.336 0.311 0.325 0.300 0.393 0.336 0.315 0.296 0.309 0.419 0.331 0.402 0.332 0.381 0.361 0.300 0.295 0.353 0.287 0.259  
0.595 0.404 0.276 0.683 0.779 0.610 0.657 0.599 0.639 0.433 1.000 0.637 0.758 0.446 0.606 0.611 0.638 0.627 0.704 0.577 0.633 0.654 0.633 0.556 0.568 0.359 0.347 0.386 0.381 0.304 0.366 0.435 0.383 0.406 0.302 0.344 0.343 0.354 0.415 0.321 0.309 0.368 0.344 0.254 0.236  
0.570 0.426 0.246 0.737 0.735 0.710 0.707 0.675 0.754 0.441 0.638 1.000 0.709 0.469 0.654 0.680 0.639 0.741 0.697 0.697 0.639 0.718 0.593 0.587 0.549 0.339 0.324 0.356 0.344 0.293 0.363 0.384 0.344 0.345 0.345 0.327 0.346 0.328 0.430 0.317 0.255 0.333 0.375 0.230 0.216  
0.587 0.421 0.271 0.817 0.864 0.642 0.743 0.636 0.662 0.463 0.752 0.702 1.000 0.465 0.731 0.653 0.625 0.658 0.757 0.686 0.639 0.734 0.602 0.580 0.559 0.358 0.350 0.397 0.389 0.342 0.385 0.442 0.382 0.417 0.364 0.343 0.407 0.351 0.429 0.376 0.330 0.371 0.358 0.253 0.225  
0.438 0.365 0.244 0.435 0.460 0.505 0.463 0.552 0.493 0.697 0.446 0.468 0.469 1.000 0.477 0.484 0.537 0.510 0.446 0.472 0.444 0.464 0.465 0.638 0.554 0.330 0.303 0.316 0.296 0.352 0.326 0.311 0.290 0.294 0.380 0.323 0.365 0.326 0.377 0.330 0.267 0.290 0.341 0.271 0.255  
0.588 0.372 0.222 0.686 0.704 0.603 0.618 0.621 0.617 0.473 0.592 0.638 0.720 0.466 1.000 0.584 0.534 0.578 0.613 0.687 0.553 0.631 0.510 0.620 0.483 0.309 0.297 0.334 0.316 0.373 0.336 0.354 0.326 0.349 0.410 0.297 0.418 0.302 0.377 0.371 0.293 0.305 0.326 0.228 0.228  
0.523 0.486 0.269 0.652 0.676 0.748 0.637 0.680 0.772 0.506 0.619 0.688 0.667 0.491 0.605 1.000 0.652 0.723 0.704 0.684 0.638 0.711 0.626 0.594 0.639 0.388 0.373 0.406 0.394 0.333 0.420 0.426 0.392 0.375 0.398 0.374 0.371 0.380 0.493 0.351 0.282 0.373 0.435 0.256 0.223  
0.579 0.467 0.283 0.576 0.694 0.718 0.619 0.711 0.707 0.554 0.637 0.637 0.630 0.537 0.546 0.643 1.000 0.711 0.647 0.582 0.683 0.644 0.725 0.750 0.640 0.407 0.373 0.400 0.379 0.347 0.401 0.409 0.372 0.372 0.361 0.392 0.357 0.399 0.473 0.334 0.270 0.372 0.414 0.258 0.236  
0.545 0.588 0.282 0.677 0.719 0.852 0.688 0.767 0.796 0.516 0.623 0.735 0.659 0.507 0.588 0.709 0.708 1.000 0.773 0.648 0.613 0.746 0.628 0.666 0.682 0.427 0.418 0.463 0.449 0.363 0.496 0.473 0.427 0.418 0.479 0.415 0.438 0.418 0.585 0.418 0.326 0.417 0.523 0.275 0.240  
0.558 0.494 0.276 0.745 0.792 0.715 0.746 0.665 0.718 0.434 0.703 0.694 0.762 0.445 0.626 0.693 0.646 0.776 1.000 0.632 0.624 0.755 0.650 0.565 0.626 0.390 0.380 0.428 0.419 0.322 0.432 0.460 0.403 0.418 0.375 0.373 0.378 0.383 0.503 0.360 0.309 0.397 0.430 0.243 0.223  
0.555 0.415 0.242 0.713 0.664 0.694 0.675 0.664 0.691 0.463 0.571 0.688 0.685 0.468 0.696 0.668 0.577 0.646 0.627 1.000 0.632 0.712 0.553 0.599 0.541 0.333 0.319 0.353 0.335 0.348 0.365 0.369 0.331 0.340 0.408 0.319 0.397 0.320 0.415 0.359 0.267 0.317 0.357 0.227 0.220  
0.558 0.410 0.262 0.647 0.665 0.657 0.660 0.610 0.646 0.434 0.629 0.634 0.640 0.442 0.563 0.626 0.680 0.613 0.621 0.634 1.000 0.659 0.780 0.591 0.592 0.378 0.347 0.373 0.353 0.331 0.363 0.389 0.353 0.360 0.324 0.362 0.346 0.370 0.417 0.312 0.254 0.353 0.352 0.233 0.229  
0.532 0.450 0.252 0.745 0.762 0.726 0.737 0.681 0.746 0.445 0.650 0.712 0.736 0.462 0.643 0.698 0.641 0.746 0.752 0.715 0.659 1.000 0.619 0.561 0.568 0.340 0.328 0.370 0.358 0.300 0.384 0.394 0.355 0.358 0.376 0.325 0.363 0.331 0.454 0.341 0.265 0.337 0.390 0.228 0.216  
0.559 0.468 0.293 0.571 0.655 0.637 0.612 0.627 0.660 0.466 0.623 0.583 0.598 0.459 0.515 0.609 0.715 0.623 0.642 0.550 0.773 0.614 1.000 0.627 0.645 0.434 0.395 0.420 0.400 0.350 0.409 0.431 0.395 0.400 0.331 0.417 0.355 0.427 0.476 0.323 0.272 0.404 0.410 0.264 0.241  
0.552 0.466 0.272 0.525 0.586 0.646 0.535 0.675 0.631 0.621 0.543 0.572 0.572 0.625 0.621 0.574 0.734 0.656 0.554 0.591 0.582 0.552 0.623 1.000 0.631 0.431 0.393 0.412 0.381 0.458 0.415 0.398 0.374 0.377 0.459 0.421 0.452 0.419 0.469 0.410 0.310 0.377 0.424 0.274 0.249  
0.486 0.601 0.301 0.536 0.594 0.665 0.571 0.628 0.639 0.555 0.573 0.552 0.569 0.560 0.499 0.637 0.647 0.692 0.633 0.552 0.601 0.577 0.660 0.651 1.000 0.534 0.501 0.534 0.512 0.414 0.537 0.542 0.502 0.481 0.439 0.517 0.423 0.530 0.621 0.417 0.357 0.503 0.548 0.284 0.237  
0.324 0.652 0.216 0.347 0.387 0.436 0.357 0.405 0.418 0.349 0.370 0.348 0.372 0.341 0.326 0.395 0.420 0.442 0.402 0.346 0.392 0.352 0.454 0.454 0.545 1.000 0.824 0.718 0.704 0.562 0.714 0.663 0.566 0.567 0.441 0.917 0.440 0.799 0.660 0.480 0.359 0.707 0.516 0.207 0.160  
0.299 0.637 0.210 0.338 0.373 0.415 0.347 0.381 0.394 0.322 0.355 0.331 0.361 0.310 0.311 0.377 0.382 0.431 0.390 0.330 0.357 0.338 0.411 0.412 0.509 0.819 1.000 0.773 0.781 0.529 0.725 0.659 0.584 0.587 0.462 0.812 0.465 0.724 0.637 0.536 0.410 0.735 0.541 0.198 0.157  
0.327 0.647 0.230 0.382 0.423 0.457 0.387 0.418 0.433 0.339 0.398 0.367 0.413 0.326 0.353 0.414 0.413 0.481 0.442 0.368 0.387 0.384 0.440 0.435 0.547 0.720 0.779 1.000 0.824 0.509 0.822 0.780 0.723 0.702 0.481 0.645 0.535 0.678 0.776 0.598 0.451 0.732 0.560 0.204 0.162  
0.309 0.622 0.229 0.369 0.412 0.440 0.376 0.398 0.418 0.311 0.391 0.353 0.403 0.304 0.332 0.399 0.389 0.464 0.431 0.347 0.365 0.369 0.417 0.400 0.521 0.701 0.783 0.819 1.000 0.519 0.796 0.771 0.598 0.673 0.485 0.666 0.558 0.673 0.710 0.599 0.457 0.760 0.564 0.200 0.153  
0.323 0.418 0.181 0.315 0.325 0.356 0.307 0.370 0.330 0.389 0.298 0.286 0.338 0.345 0.374 0.322 0.340 0.358 0.316 0.344 0.326 0.295 0.348 0.459 0.402 0.535 0.506 0.483 0.496 1.000 0.494 0.482 0.410 0.486 0.702 0.522 0.537 0.558 0.443 0.525 0.409 0.456 0.396 0.198 0.184  
0.315 0.699 0.221 0.374 0.410 0.477 0.387 0.435 0.443 0.348 0.375 0.372 0.398 0.334 0.353 0.426 0.411 0.512 0.444 0.378 0.375 0.397 0.426 0.435 0.546 0.711 0.727 0.816 0.796 0.517 1.000 0.715 0.632 0.625 0.548 0.637 0.540 0.658 0.822 0.624 0.425 0.675 0.624 0.211 0.167  
0.352 0.656 0.238 0.424 0.464 0.472 0.425 0.425 0.453 0.328 0.448 0.395 0.460 0.321 0.374 0.433 0.422 0.491 0.476 0.384 0.404 0.409 0.451 0.419 0.554 0.663 0.664 0.779 0.775 0.507 0.719 1.000 0.690 0.799 0.460 0.594 0.524 0.631 0.718 0.578 0.493 0.708 0.511 0.231 0.180  
0.335 0.576 0.207 0.364 0.395 0.419 0.362 0.377 0.406 0.304 0.389 0.348 0.391 0.294 0.339 0.393 0.378 0.437 0.411 0.340 0.360 0.363 0.408 0.389 0.505 0.558 0.580 0.711 0.592 0.425 0.626 0.680 1.000 0.659 0.413 0.500 0.448 0.570 0.656 0.481 0.415 0.574 0.477 0.205 0.167  
0.336 0.573 0.221 0.389 0.427 0.412 0.383 0.383 0.400 0.318 0.414 0.351 0.429 0.300 0.364 0.377 0.379 0.429 0.427 0.350 0.369 0.367 0.414 0.393 0.487 0.562 0.585 0.694 0.668 0.506 0.622 0.791 0.661 1.000 0.416 0.529 0.504 0.552 0.673 0.538 0.512 0.621 0.482 0.216 0.166  
0.322 0.541 0.196 0.342 0.337 0.422 0.347 0.420 0.374 0.408 0.291 0.332 0.354 0.366 0.404 0.379 0.348 0.465 0.362 0.397 0.315 0.364 0.324 0.452 0.420 0.413 0.435 0.449 0.456 0.691 0.515 0.430 0.392 0.393 1.000 0.417 0.561 0.424 0.540 0.563 0.418 0.392 0.488 0.222 0.202  
0.312 0.594 0.208 0.335 0.373 0.425 0.342 0.392 0.407 0.346 0.356 0.338 0.357 0.334 0.315 0.382 0.405 0.432 0.387 0.334 0.376 0.338 0.438 0.445 0.530 0.921 0.821 0.647 0.671 0.551 0.643 0.595 0.509 0.536 0.448 1.000 0.434 0.773 0.596 0.468 0.390 0.664 0.535 0.200 0.160  
0.338 0.489 0.210 0.369 0.373 0.407 0.358 0.413 0.372 0.398 0.336 0.339 0.403 0.358 0.420 0.359 0.350 0.432 0.372 0.393 0.341 0.358 0.353 0.454 0.411 0.419 0.446 0.508 0.533 0.538 0.517 0.498 0.432 0.484 0.570 0.412 1.000 0.429 0.491 0.744 0.415 0.455 0.439 0.190 0.189  
0.313 0.616 0.213 0.335 0.381 0.425 0.348 0.396 0.409 0.345 0.365 0.338 0.365 0.336 0.319 0.387 0.412 0.433 0.396 0.333 0.384 0.343 0.447 0.442 0.542 0.800 0.729 0.677 0.676 0.587 0.661 0.631 0.578 0.558 0.454 0.770 0.451 1.000 0.624 0.480 0.373 0.707 0.518 0.201 0.150  
0.356 0.820 0.253 0.417 0.463 0.549 0.441 0.501 0.516 0.392 0.422 0.437 0.440 0.384 0.392 0.496 0.482 0.599 0.513 0.426 0.427 0.465 0.492 0.488 0.627 0.652 0.634 0.765 0.704 0.460 0.816 0.708 0.657 0.672 0.571 0.587 0.510 0.616 1.000 0.567 0.420 0.642 0.690 0.234 0.196  
0.305 0.525 0.203 0.343 0.357 0.389 0.336 0.386 0.356 0.365 0.321 0.317 0.379 0.330 0.380 0.347 0.334 0.421 0.361 0.363 0.314 0.343 0.328 0.420 0.413 0.466 0.524 0.579 0.583 0.536 0.608 0.561 0.474 0.527 0.584 0.452 0.759 0.466 0.557 1.000 0.497 0.502 0.488 0.197 0.173  
0.259 0.391 0.184 0.302 0.327 0.309 0.290 0.293 0.293 0.310 0.316 0.261 0.340 0.274 0.307 0.285 0.276 0.335 0.316 0.275 0.261 0.273 0.282 0.324 0.361 0.356 0.409 0.447 0.455 0.427 0.424 0.488 0.418 0.513 0.444 0.385 0.432 0.370 0.422 0.508 1.000 0.410 0.382 0.204 0.165  
0.310 0.627 0.210 0.361 0.400 0.422 0.370 0.385 0.405 0.310 0.384 0.346 0.390 0.303 0.325 0.384 0.388 0.437 0.414 0.334 0.371 0.353 0.427 0.402 0.519 0.715 0.748 0.739 0.772 0.485 0.685 0.716 0.589 0.635 0.424 0.669 0.483 0.715 0.657 0.524 0.418 1.000 0.532 0.191 0.145  
0.301 0.630 0.230 0.355 0.392 0.493 0.377 0.446 0.459 0.365 0.353 0.384 0.370 0.350 0.342 0.440 0.425 0.540 0.442 0.370 0.364 0.403 0.427 0.445 0.558 0.514 0.542 0.557 0.564 0.415 0.624 0.508 0.482 0.484 0.519 0.530 0.459 0.516 0.696 0.501 0.383 0.524 1.000 0.223 0.174  
0.260 0.249 0.244 0.254 0.272 0.281 0.249 0.273 0.271 0.315 0.276 0.249 0.277 0.295 0.254 0.275 0.281 0.302 0.265 0.249 0.255 0.249 0.291 0.304 0.307 0.219 0.210 0.215 0.212 0.220 0.223 0.244 0.219 0.231 0.250 0.211 0.211 0.212 0.250 0.214 0.218 0.200 0.236 1.000 0.224  
0.266 0.215 0.190 0.251 0.260 0.268 0.257 0.269 0.263 0.299 0.270 0.246 0.259 0.291 0.266 0.251 0.270 0.276 0.255 0.254 0.263 0.248 0.280 0.291 0.269 0.178 0.175 0.179 0.170 0.215 0.185 0.200 0.188 0.185 0.239 0.177 0.220 0.167 0.220 0.197 0.184 0.159 0.194 0.235 1.000  
