1.000 0.409 0.895 0.893 0.895 0.878 0.877 0.895 0.895 0.895 0.925 0.849 0.822 0.843 0.875 0.927 0.863 0.775 0.833 0.808 0.567 0.317  
0.465 1.000 0.477 0.476 0.477 0.479 0.453 0.477 0.477 0.477 0.463 0.443 0.445 0.458 0.471 0.479 0.466 0.444 0.475 0.445 0.420 0.215  
0.893 0.419 1.000 0.991 1.000 0.928 0.946 1.000 1.000 1.000 0.903 0.931 0.894 0.814 0.963 0.950 0.888 0.785 0.871 0.829 0.602 0.339  
0.893 0.418 0.992 1.000 0.992 0.932 0.943 0.992 0.992 0.992 0.895 0.927 0.891 0.810 0.959 0.942 0.884 0.786 0.874 0.832 0.603 0.335  
0.893 0.419 1.000 0.991 1.000 0.928 0.946 1.000 1.000 1.000 0.903 0.931 0.894 0.814 0.963 0.950 0.888 0.785 0.871 0.829 0.602 0.339  
0.882 0.423 0.934 0.937 0.934 1.000 0.888 0.934 0.934 0.934 0.877 0.872 0.837 0.836 0.908 0.924 0.895 0.825 0.938 0.873 0.586 0.313  
0.878 0.399 0.950 0.945 0.950 0.885 1.000 0.950 0.950 0.950 0.924 0.936 0.877 0.814 0.939 0.903 0.864 0.770 0.839 0.820 0.596 0.339  
0.893 0.419 1.000 0.991 1.000 0.928 0.946 1.000 1.000 1.000 0.903 0.931 0.894 0.814 0.963 0.950 0.888 0.785 0.871 0.829 0.602 0.339  
0.893 0.419 1.000 0.991 1.000 0.928 0.946 1.000 1.000 1.000 0.903 0.931 0.894 0.814 0.963 0.950 0.888 0.785 0.871 0.829 0.602 0.339  
0.893 0.419 1.000 0.991 1.000 0.928 0.946 1.000 1.000 1.000 0.903 0.931 0.894 0.814 0.963 0.950 0.888 0.785 0.871 0.829 0.602 0.339  
0.932 0.410 0.911 0.902 0.911 0.879 0.929 0.911 0.911 0.911 1.000 0.873 0.838 0.818 0.899 0.955 0.861 0.775 0.846 0.819 0.571 0.321  
0.853 0.392 0.936 0.932 0.936 0.872 0.939 0.936 0.936 0.936 0.870 1.000 0.921 0.796 0.925 0.892 0.866 0.815 0.827 0.830 0.599 0.344  
0.830 0.395 0.906 0.902 0.906 0.842 0.885 0.906 0.906 0.906 0.840 0.927 1.000 0.818 0.893 0.870 0.872 0.833 0.842 0.838 0.582 0.339  
0.844 0.404 0.816 0.812 0.816 0.833 0.814 0.816 0.816 0.816 0.813 0.794 0.810 1.000 0.809 0.815 0.882 0.748 0.839 0.852 0.531 0.305  
0.876 0.415 0.967 0.961 0.967 0.906 0.940 0.967 0.967 0.967 0.894 0.923 0.885 0.810 1.000 0.931 0.896 0.785 0.869 0.830 0.600 0.337  
0.930 0.423 0.956 0.946 0.956 0.923 0.905 0.956 0.956 0.956 0.952 0.891 0.864 0.817 0.933 1.000 0.892 0.789 0.876 0.832 0.576 0.320  
0.868 0.412 0.896 0.890 0.896 0.896 0.868 0.896 0.896 0.896 0.860 0.868 0.868 0.887 0.900 0.895 1.000 0.787 0.881 0.881 0.576 0.323  
0.806 0.407 0.819 0.819 0.819 0.855 0.801 0.819 0.819 0.819 0.801 0.844 0.858 0.778 0.816 0.818 0.814 1.000 0.872 0.821 0.566 0.302  
0.853 0.428 0.893 0.894 0.893 0.956 0.857 0.893 0.893 0.893 0.859 0.842 0.852 0.857 0.887 0.893 0.896 0.857 1.000 0.883 0.569 0.302  
0.807 0.392 0.830 0.831 0.830 0.868 0.818 0.830 0.830 0.830 0.812 0.825 0.829 0.850 0.827 0.828 0.875 0.788 0.862 1.000 0.552 0.301  
0.604 0.394 0.643 0.642 0.643 0.621 0.634 0.643 0.643 0.643 0.604 0.635 0.614 0.565 0.638 0.611 0.610 0.579 0.592 0.589 1.000 0.387  
0.385 0.229 0.412 0.406 0.412 0.378 0.411 0.412 0.412 0.412 0.386 0.415 0.407 0.370 0.408 0.387 0.390 0.353 0.359 0.365 0.441 1.000  
