1.000 0.218 0.265 0.267 0.185 0.222 0.245 0.213 0.264 0.224 0.220 0.220 0.220 0.215 0.208 0.197 0.206 0.186 0.215 0.207 0.178 0.190 0.201 0.207 0.202 0.186 0.201 0.212 0.191 0.213 0.179 0.210 0.207 0.214 0.210 0.210 0.184 0.195 0.200  
0.194 1.000 0.215 0.202 0.153 0.220 0.202 0.174 0.182 0.783 0.827 0.685 0.685 0.711 0.681 0.649 0.680 0.642 0.689 0.650 0.622 0.648 0.660 0.666 0.663 0.631 0.622 0.633 0.632 0.675 0.622 0.672 0.637 0.675 0.653 0.668 0.650 0.673 0.655  
0.249 0.227 1.000 0.538 0.267 0.312 0.279 0.263 0.316 0.251 0.243 0.281 0.280 0.254 0.258 0.243 0.240 0.229 0.235 0.244 0.206 0.229 0.250 0.253 0.254 0.219 0.233 0.253 0.225 0.263 0.199 0.231 0.246 0.226 0.231 0.224 0.216 0.219 0.242  
0.250 0.212 0.535 1.000 0.282 0.287 0.277 0.273 0.347 0.218 0.212 0.242 0.242 0.242 0.240 0.202 0.212 0.192 0.213 0.216 0.175 0.201 0.210 0.214 0.219 0.188 0.206 0.215 0.199 0.223 0.176 0.212 0.212 0.197 0.194 0.203 0.182 0.187 0.208  
0.179 0.167 0.277 0.293 1.000 0.216 0.182 0.194 0.210 0.175 0.175 0.195 0.196 0.185 0.179 0.163 0.164 0.160 0.166 0.168 0.141 0.160 0.169 0.171 0.166 0.151 0.156 0.168 0.158 0.168 0.141 0.178 0.167 0.163 0.159 0.154 0.152 0.160 0.169  
0.210 0.234 0.314 0.291 0.210 1.000 0.290 0.285 0.300 0.253 0.248 0.284 0.283 0.264 0.263 0.253 0.244 0.240 0.248 0.247 0.213 0.249 0.265 0.253 0.253 0.248 0.241 0.243 0.237 0.256 0.211 0.255 0.241 0.240 0.231 0.240 0.218 0.229 0.245  
0.243 0.225 0.295 0.294 0.185 0.304 1.000 0.207 0.290 0.235 0.229 0.258 0.258 0.241 0.234 0.220 0.215 0.225 0.230 0.221 0.194 0.225 0.242 0.230 0.237 0.231 0.223 0.222 0.226 0.239 0.193 0.233 0.214 0.230 0.213 0.219 0.198 0.210 0.222  
0.203 0.187 0.267 0.279 0.190 0.288 0.199 1.000 0.283 0.205 0.201 0.226 0.226 0.198 0.205 0.199 0.202 0.178 0.190 0.205 0.169 0.175 0.193 0.206 0.209 0.181 0.191 0.205 0.190 0.215 0.164 0.192 0.205 0.196 0.197 0.187 0.177 0.183 0.204  
0.256 0.198 0.325 0.360 0.209 0.307 0.284 0.287 1.000 0.217 0.215 0.238 0.238 0.214 0.210 0.207 0.213 0.206 0.205 0.214 0.178 0.205 0.207 0.211 0.216 0.198 0.210 0.216 0.206 0.220 0.190 0.211 0.214 0.216 0.205 0.207 0.188 0.191 0.208  
0.197 0.774 0.235 0.205 0.158 0.235 0.209 0.189 0.197 1.000 0.865 0.717 0.717 0.688 0.704 0.681 0.712 0.678 0.746 0.704 0.657 0.686 0.714 0.727 0.717 0.649 0.675 0.691 0.679 0.754 0.650 0.675 0.678 0.667 0.687 0.701 0.680 0.678 0.704  
0.195 0.824 0.229 0.201 0.160 0.233 0.205 0.186 0.197 0.872 1.000 0.708 0.708 0.703 0.690 0.687 0.714 0.679 0.734 0.683 0.647 0.678 0.697 0.713 0.705 0.665 0.643 0.670 0.656 0.718 0.653 0.690 0.675 0.669 0.692 0.716 0.673 0.683 0.695  
0.197 0.691 0.268 0.232 0.180 0.269 0.234 0.212 0.220 0.732 0.717 1.000 0.999 0.844 0.825 0.726 0.725 0.774 0.740 0.728 0.690 0.737 0.739 0.763 0.737 0.706 0.671 0.712 0.676 0.745 0.648 0.748 0.707 0.688 0.682 0.710 0.691 0.716 0.724  
0.198 0.691 0.268 0.232 0.181 0.269 0.234 0.212 0.221 0.732 0.717 1.000 1.000 0.843 0.825 0.726 0.725 0.774 0.741 0.727 0.690 0.737 0.739 0.763 0.737 0.706 0.671 0.712 0.676 0.746 0.648 0.748 0.707 0.688 0.682 0.710 0.691 0.716 0.723  
0.191 0.711 0.241 0.231 0.169 0.248 0.217 0.184 0.197 0.697 0.706 0.837 0.836 1.000 0.854 0.662 0.669 0.769 0.701 0.673 0.643 0.727 0.714 0.726 0.686 0.663 0.629 0.664 0.646 0.681 0.622 0.707 0.662 0.649 0.637 0.688 0.665 0.690 0.697  
0.186 0.683 0.245 0.229 0.165 0.248 0.210 0.191 0.194 0.714 0.694 0.820 0.820 0.856 1.000 0.676 0.663 0.776 0.733 0.672 0.647 0.732 0.714 0.729 0.700 0.652 0.630 0.661 0.639 0.697 0.613 0.696 0.664 0.621 0.641 0.675 0.660 0.670 0.710  
0.174 0.643 0.228 0.191 0.148 0.236 0.196 0.184 0.189 0.683 0.684 0.714 0.713 0.656 0.668 1.000 0.676 0.690 0.680 0.677 0.646 0.648 0.688 0.697 0.725 0.672 0.612 0.686 0.621 0.708 0.623 0.678 0.693 0.683 0.701 0.653 0.650 0.681 0.705  
0.182 0.675 0.226 0.200 0.149 0.228 0.192 0.187 0.194 0.715 0.712 0.714 0.714 0.664 0.657 0.677 1.000 0.664 0.663 0.717 0.680 0.649 0.695 0.746 0.751 0.661 0.702 0.702 0.687 0.780 0.748 0.666 0.702 0.678 0.691 0.675 0.651 0.670 0.684  
0.167 0.647 0.218 0.185 0.148 0.228 0.203 0.167 0.191 0.692 0.687 0.774 0.774 0.775 0.780 0.702 0.674 1.000 0.702 0.675 0.671 0.755 0.727 0.725 0.707 0.703 0.657 0.669 0.674 0.701 0.669 0.715 0.664 0.664 0.656 0.693 0.672 0.680 0.703  
0.194 0.700 0.225 0.206 0.154 0.236 0.210 0.180 0.191 0.766 0.747 0.745 0.745 0.711 0.742 0.697 0.677 0.706 1.000 0.686 0.666 0.740 0.705 0.718 0.712 0.696 0.649 0.686 0.661 0.712 0.619 0.721 0.674 0.656 0.662 0.729 0.653 0.664 0.689  
0.184 0.649 0.231 0.206 0.154 0.232 0.198 0.191 0.196 0.711 0.685 0.721 0.720 0.672 0.669 0.682 0.721 0.669 0.675 1.000 0.697 0.657 0.709 0.710 0.740 0.647 0.727 0.772 0.748 0.747 0.682 0.649 0.761 0.661 0.687 0.679 0.673 0.666 0.687  
0.162 0.636 0.200 0.170 0.132 0.205 0.178 0.161 0.167 0.680 0.664 0.700 0.700 0.657 0.660 0.666 0.700 0.681 0.671 0.714 1.000 0.665 0.699 0.727 0.723 0.695 0.640 0.689 0.654 0.715 0.636 0.669 0.695 0.658 0.702 0.662 0.672 0.675 0.698  
0.169 0.648 0.217 0.191 0.147 0.234 0.202 0.163 0.189 0.694 0.681 0.731 0.731 0.726 0.729 0.653 0.653 0.749 0.729 0.657 0.650 1.000 0.718 0.737 0.664 0.701 0.634 0.657 0.652 0.676 0.628 0.686 0.650 0.626 0.629 0.686 0.652 0.679 0.691  
0.179 0.661 0.237 0.200 0.155 0.250 0.217 0.180 0.190 0.723 0.700 0.734 0.734 0.715 0.713 0.695 0.701 0.723 0.696 0.711 0.685 0.720 1.000 0.780 0.719 0.698 0.683 0.700 0.680 0.725 0.655 0.681 0.693 0.661 0.672 0.687 0.667 0.690 0.702  
0.183 0.662 0.238 0.202 0.156 0.236 0.205 0.191 0.192 0.730 0.711 0.751 0.751 0.721 0.722 0.699 0.746 0.715 0.703 0.706 0.706 0.732 0.774 1.000 0.755 0.703 0.683 0.723 0.677 0.761 0.655 0.675 0.715 0.676 0.709 0.689 0.672 0.704 0.726  
0.178 0.656 0.238 0.206 0.150 0.236 0.210 0.193 0.196 0.718 0.700 0.723 0.723 0.678 0.691 0.724 0.748 0.694 0.694 0.733 0.700 0.658 0.710 0.753 1.000 0.703 0.703 0.726 0.698 0.908 0.674 0.693 0.713 0.693 0.690 0.682 0.667 0.664 0.715  
0.165 0.629 0.206 0.179 0.138 0.232 0.206 0.168 0.181 0.655 0.665 0.697 0.697 0.661 0.648 0.676 0.663 0.694 0.684 0.646 0.677 0.699 0.694 0.706 0.707 1.000 0.619 0.653 0.641 0.684 0.622 0.666 0.652 0.668 0.663 0.654 0.630 0.647 0.654  
0.181 0.630 0.223 0.199 0.145 0.230 0.202 0.180 0.195 0.691 0.653 0.673 0.673 0.636 0.636 0.624 0.715 0.660 0.647 0.737 0.633 0.642 0.690 0.696 0.719 0.628 1.000 0.711 0.869 0.749 0.676 0.617 0.698 0.617 0.639 0.653 0.642 0.623 0.632  
0.188 0.632 0.239 0.204 0.154 0.228 0.199 0.191 0.198 0.698 0.672 0.705 0.705 0.663 0.659 0.691 0.706 0.663 0.675 0.773 0.673 0.657 0.698 0.727 0.733 0.654 0.702 1.000 0.720 0.751 0.667 0.652 0.899 0.703 0.756 0.673 0.672 0.663 0.678  
0.171 0.638 0.215 0.191 0.146 0.225 0.204 0.179 0.191 0.694 0.665 0.676 0.676 0.652 0.644 0.633 0.698 0.675 0.658 0.757 0.645 0.658 0.685 0.688 0.712 0.650 0.867 0.728 1.000 0.737 0.682 0.639 0.715 0.625 0.656 0.664 0.655 0.635 0.648  
0.188 0.668 0.246 0.211 0.153 0.239 0.213 0.198 0.200 0.756 0.714 0.732 0.732 0.674 0.689 0.708 0.777 0.689 0.695 0.741 0.693 0.670 0.717 0.759 0.909 0.680 0.733 0.745 0.723 1.000 0.692 0.684 0.724 0.700 0.693 0.686 0.679 0.680 0.717  
0.163 0.639 0.194 0.173 0.132 0.203 0.178 0.157 0.180 0.675 0.673 0.660 0.660 0.639 0.628 0.645 0.774 0.682 0.627 0.701 0.639 0.645 0.671 0.677 0.700 0.641 0.686 0.686 0.693 0.717 1.000 0.651 0.682 0.662 0.631 0.655 0.660 0.641 0.644  
0.189 0.681 0.221 0.204 0.165 0.243 0.212 0.182 0.197 0.692 0.701 0.751 0.751 0.716 0.703 0.693 0.679 0.718 0.720 0.658 0.662 0.695 0.689 0.689 0.709 0.677 0.618 0.661 0.641 0.699 0.642 1.000 0.660 0.697 0.664 0.712 0.650 0.689 0.705  
0.184 0.637 0.234 0.202 0.153 0.227 0.192 0.191 0.197 0.687 0.678 0.702 0.702 0.662 0.662 0.700 0.707 0.659 0.665 0.763 0.680 0.650 0.692 0.720 0.721 0.655 0.690 0.901 0.709 0.731 0.665 0.652 1.000 0.699 0.766 0.668 0.680 0.666 0.680  
0.190 0.674 0.214 0.188 0.149 0.225 0.206 0.182 0.198 0.674 0.670 0.681 0.680 0.647 0.618 0.687 0.681 0.657 0.645 0.660 0.642 0.625 0.658 0.679 0.698 0.669 0.608 0.702 0.618 0.705 0.643 0.686 0.697 1.000 0.724 0.663 0.654 0.668 0.653  
0.188 0.659 0.220 0.186 0.146 0.219 0.192 0.185 0.190 0.701 0.700 0.682 0.682 0.641 0.645 0.712 0.701 0.656 0.658 0.693 0.692 0.634 0.677 0.719 0.703 0.671 0.637 0.763 0.655 0.705 0.619 0.661 0.772 0.732 1.000 0.668 0.657 0.666 0.682  
0.188 0.671 0.213 0.194 0.142 0.227 0.197 0.175 0.191 0.713 0.721 0.707 0.707 0.690 0.676 0.662 0.682 0.690 0.721 0.682 0.650 0.689 0.688 0.696 0.692 0.659 0.648 0.676 0.660 0.696 0.640 0.706 0.670 0.667 0.665 1.000 0.672 0.659 0.679  
0.165 0.656 0.207 0.175 0.140 0.207 0.179 0.166 0.175 0.694 0.681 0.691 0.691 0.671 0.665 0.662 0.661 0.672 0.650 0.680 0.663 0.658 0.672 0.683 0.680 0.638 0.640 0.679 0.655 0.692 0.648 0.647 0.686 0.662 0.658 0.675 1.000 0.674 0.669  
0.175 0.678 0.209 0.179 0.148 0.217 0.190 0.172 0.177 0.691 0.690 0.715 0.715 0.695 0.673 0.692 0.680 0.679 0.660 0.672 0.665 0.684 0.694 0.714 0.676 0.654 0.620 0.668 0.634 0.692 0.628 0.685 0.670 0.675 0.666 0.661 0.673 1.000 0.813  
0.180 0.662 0.231 0.200 0.157 0.232 0.201 0.192 0.193 0.719 0.704 0.724 0.724 0.703 0.715 0.718 0.695 0.704 0.686 0.694 0.689 0.698 0.707 0.738 0.729 0.663 0.630 0.685 0.648 0.731 0.633 0.703 0.686 0.661 0.683 0.683 0.669 0.815 1.000  
