1.000 0.689 0.845 0.849 0.787 0.742 0.828 0.723 0.759 0.680 0.690 0.841 0.813 0.832 0.841 0.830 0.836 0.848 0.828 0.844 0.838 0.834 0.823 0.852 0.825 0.833 0.817 0.845 0.816 0.830 0.831 0.842 0.840 0.911 0.820 0.806 0.827 0.712 0.806 0.797 0.758 0.842 0.835 0.806 0.832 0.845 0.840 0.838 0.840 0.845 0.839 0.830 0.827 0.827 0.830 0.836 0.802 0.819 0.835 0.825 0.821 0.830 0.711 0.753 0.819 0.725 0.795 0.813  
0.711 1.000 0.752 0.748 0.751 0.721 0.726 0.750 0.762 0.941 0.854 0.800 0.781 0.808 0.785 0.779 0.805 0.748 0.779 0.774 0.787 0.772 0.775 0.751 0.781 0.778 0.775 0.781 0.767 0.777 0.777 0.777 0.773 0.696 0.735 0.766 0.749 0.711 0.781 0.756 0.727 0.803 0.778 0.758 0.770 0.775 0.778 0.791 0.791 0.803 0.778 0.768 0.774 0.771 0.783 0.795 0.752 0.764 0.764 0.773 0.753 0.778 0.717 0.740 0.742 0.713 0.777 0.778  
0.845 0.729 1.000 0.966 0.807 0.772 0.972 0.730 0.783 0.706 0.720 0.865 0.842 0.858 0.869 0.852 0.878 0.881 0.854 0.871 0.860 0.867 0.847 0.881 0.851 0.855 0.848 0.867 0.844 0.856 0.855 0.863 0.859 0.840 0.829 0.867 0.842 0.733 0.839 0.822 0.800 0.876 0.871 0.832 0.862 0.880 0.861 0.875 0.873 0.877 0.863 0.860 0.850 0.853 0.853 0.881 0.830 0.846 0.869 0.855 0.850 0.853 0.741 0.779 0.830 0.752 0.822 0.839  
0.849 0.724 0.966 1.000 0.811 0.774 0.950 0.734 0.775 0.709 0.716 0.861 0.847 0.855 0.873 0.857 0.872 0.887 0.855 0.874 0.863 0.871 0.850 0.889 0.855 0.858 0.850 0.869 0.841 0.859 0.857 0.866 0.862 0.842 0.819 0.861 0.842 0.726 0.837 0.826 0.797 0.869 0.876 0.835 0.863 0.887 0.862 0.869 0.866 0.870 0.868 0.863 0.852 0.856 0.858 0.876 0.833 0.849 0.871 0.856 0.845 0.858 0.742 0.781 0.831 0.756 0.826 0.844  
0.794 0.734 0.813 0.817 1.000 0.760 0.795 0.765 0.791 0.716 0.732 0.848 0.834 0.842 0.847 0.836 0.836 0.820 0.827 0.833 0.832 0.839 0.823 0.828 0.841 0.825 0.828 0.836 0.808 0.825 0.824 0.831 0.839 0.785 0.802 0.810 0.797 0.726 0.832 0.806 0.777 0.835 0.832 0.810 0.834 0.841 0.835 0.836 0.836 0.838 0.842 0.836 0.832 0.826 0.842 0.834 0.803 0.819 0.833 0.828 0.811 0.841 0.741 0.774 0.802 0.756 0.820 0.830  
0.751 0.707 0.781 0.783 0.763 1.000 0.783 0.704 0.725 0.726 0.724 0.822 0.830 0.807 0.838 0.849 0.826 0.812 0.833 0.826 0.826 0.833 0.832 0.816 0.834 0.828 0.830 0.829 0.794 0.828 0.827 0.828 0.837 0.768 0.811 0.796 0.796 0.707 0.808 0.783 0.740 0.822 0.825 0.826 0.825 0.822 0.826 0.827 0.823 0.820 0.830 0.848 0.837 0.834 0.833 0.809 0.832 0.840 0.844 0.839 0.792 0.841 0.764 0.796 0.802 0.762 0.824 0.835  
0.834 0.708 0.978 0.956 0.794 0.779 1.000 0.717 0.763 0.711 0.700 0.845 0.849 0.838 0.868 0.862 0.858 0.888 0.860 0.878 0.855 0.866 0.854 0.893 0.855 0.862 0.850 0.871 0.833 0.863 0.864 0.871 0.869 0.846 0.809 0.848 0.848 0.712 0.821 0.829 0.781 0.856 0.869 0.837 0.866 0.879 0.860 0.855 0.852 0.857 0.865 0.864 0.856 0.860 0.852 0.860 0.837 0.841 0.876 0.857 0.829 0.861 0.749 0.782 0.831 0.757 0.830 0.848  
0.742 0.745 0.748 0.752 0.779 0.713 0.731 1.000 0.799 0.734 0.764 0.798 0.784 0.788 0.785 0.782 0.779 0.767 0.772 0.774 0.781 0.782 0.769 0.779 0.783 0.770 0.774 0.777 0.748 0.769 0.768 0.771 0.781 0.725 0.732 0.759 0.736 0.691 0.777 0.763 0.720 0.780 0.778 0.751 0.775 0.783 0.779 0.766 0.780 0.779 0.779 0.770 0.780 0.778 0.786 0.778 0.750 0.762 0.771 0.776 0.743 0.784 0.716 0.728 0.743 0.714 0.768 0.784  
0.764 0.743 0.787 0.779 0.790 0.721 0.762 0.784 1.000 0.717 0.749 0.843 0.829 0.846 0.830 0.821 0.839 0.806 0.796 0.812 0.810 0.807 0.791 0.820 0.823 0.804 0.820 0.815 0.799 0.803 0.804 0.812 0.817 0.739 0.759 0.809 0.767 0.712 0.804 0.804 0.770 0.837 0.825 0.767 0.807 0.829 0.806 0.811 0.817 0.837 0.819 0.795 0.803 0.803 0.826 0.830 0.765 0.780 0.801 0.804 0.767 0.827 0.720 0.744 0.779 0.754 0.796 0.824  
0.701 0.940 0.727 0.730 0.733 0.739 0.728 0.738 0.735 1.000 0.844 0.782 0.795 0.776 0.792 0.791 0.782 0.760 0.785 0.782 0.786 0.778 0.787 0.764 0.790 0.785 0.788 0.787 0.755 0.787 0.783 0.786 0.789 0.697 0.718 0.733 0.753 0.681 0.762 0.764 0.697 0.779 0.784 0.765 0.778 0.779 0.782 0.763 0.777 0.775 0.785 0.774 0.786 0.785 0.790 0.767 0.762 0.765 0.773 0.782 0.733 0.793 0.729 0.748 0.742 0.725 0.783 0.795  
0.718 0.860 0.749 0.745 0.756 0.744 0.723 0.774 0.775 0.851 1.000 0.826 0.813 0.816 0.803 0.804 0.810 0.765 0.793 0.786 0.802 0.789 0.790 0.776 0.804 0.791 0.798 0.793 0.771 0.791 0.790 0.789 0.793 0.694 0.740 0.773 0.756 0.721 0.806 0.784 0.733 0.805 0.799 0.768 0.784 0.793 0.793 0.789 0.807 0.806 0.794 0.781 0.795 0.790 0.807 0.799 0.764 0.783 0.777 0.792 0.761 0.804 0.743 0.753 0.759 0.751 0.803 0.807  
0.822 0.757 0.845 0.841 0.822 0.794 0.820 0.761 0.819 0.741 0.776 1.000 0.948 0.974 0.948 0.958 0.953 0.901 0.927 0.929 0.946 0.924 0.922 0.916 0.952 0.934 0.947 0.944 0.917 0.936 0.937 0.938 0.936 0.804 0.826 0.871 0.890 0.758 0.931 0.905 0.839 0.947 0.930 0.880 0.927 0.935 0.926 0.906 0.933 0.941 0.940 0.912 0.926 0.931 0.955 0.920 0.883 0.893 0.923 0.937 0.879 0.954 0.797 0.831 0.881 0.831 0.906 0.943  
0.802 0.747 0.830 0.835 0.817 0.810 0.832 0.754 0.813 0.761 0.771 0.957 1.000 0.956 0.947 0.957 0.938 0.910 0.923 0.927 0.933 0.918 0.921 0.924 0.964 0.928 0.948 0.938 0.901 0.935 0.935 0.934 0.944 0.797 0.807 0.860 0.891 0.742 0.919 0.913 0.832 0.924 0.945 0.889 0.932 0.933 0.917 0.887 0.909 0.917 0.941 0.914 0.931 0.931 0.963 0.900 0.885 0.890 0.926 0.933 0.861 0.964 0.816 0.848 0.880 0.853 0.922 0.963  
0.814 0.765 0.838 0.836 0.817 0.780 0.814 0.751 0.822 0.736 0.767 0.974 0.948 1.000 0.934 0.938 0.954 0.892 0.916 0.923 0.933 0.911 0.908 0.903 0.954 0.922 0.935 0.934 0.913 0.924 0.925 0.928 0.931 0.797 0.817 0.870 0.890 0.768 0.932 0.899 0.848 0.947 0.933 0.878 0.924 0.927 0.913 0.906 0.921 0.940 0.937 0.897 0.920 0.915 0.954 0.926 0.869 0.877 0.908 0.921 0.878 0.947 0.793 0.827 0.880 0.824 0.899 0.933  
0.818 0.740 0.845 0.850 0.818 0.806 0.839 0.744 0.803 0.748 0.751 0.944 0.934 0.930 1.000 0.960 0.956 0.926 0.943 0.954 0.952 0.933 0.941 0.921 0.956 0.945 0.941 0.969 0.926 0.953 0.942 0.961 0.954 0.817 0.836 0.850 0.879 0.735 0.883 0.902 0.823 0.961 0.959 0.885 0.938 0.968 0.955 0.912 0.952 0.954 0.967 0.930 0.929 0.928 0.964 0.929 0.887 0.892 0.940 0.942 0.871 0.955 0.793 0.828 0.870 0.818 0.895 0.937  
0.810 0.736 0.831 0.837 0.810 0.819 0.836 0.744 0.797 0.749 0.755 0.957 0.946 0.937 0.963 1.000 0.944 0.924 0.939 0.947 0.951 0.935 0.941 0.939 0.968 0.948 0.960 0.957 0.916 0.956 0.955 0.953 0.959 0.810 0.820 0.848 0.888 0.731 0.895 0.903 0.825 0.942 0.943 0.899 0.946 0.949 0.935 0.897 0.928 0.936 0.959 0.936 0.945 0.950 0.967 0.913 0.907 0.904 0.950 0.955 0.865 0.975 0.815 0.844 0.873 0.830 0.911 0.953  
0.814 0.759 0.854 0.849 0.808 0.795 0.830 0.739 0.812 0.739 0.759 0.949 0.926 0.950 0.957 0.941 1.000 0.905 0.945 0.950 0.959 0.935 0.937 0.901 0.941 0.947 0.947 0.956 0.939 0.954 0.947 0.951 0.941 0.803 0.838 0.868 0.884 0.752 0.894 0.880 0.839 0.973 0.944 0.890 0.936 0.947 0.938 0.929 0.950 0.963 0.944 0.916 0.927 0.928 0.949 0.949 0.883 0.889 0.924 0.942 0.883 0.942 0.789 0.829 0.865 0.818 0.889 0.924  
0.825 0.704 0.855 0.861 0.791 0.780 0.858 0.727 0.779 0.716 0.714 0.896 0.897 0.887 0.925 0.920 0.903 1.000 0.907 0.928 0.911 0.898 0.906 0.972 0.920 0.914 0.903 0.929 0.891 0.918 0.912 0.926 0.918 0.832 0.808 0.840 0.854 0.709 0.853 0.866 0.807 0.905 0.931 0.862 0.916 0.941 0.910 0.880 0.897 0.897 0.933 0.897 0.895 0.904 0.915 0.895 0.865 0.859 0.918 0.906 0.847 0.919 0.771 0.798 0.844 0.786 0.870 0.907  
0.807 0.736 0.832 0.834 0.800 0.803 0.834 0.734 0.772 0.743 0.743 0.925 0.913 0.913 0.945 0.939 0.947 0.910 1.000 0.955 0.959 0.949 0.978 0.905 0.941 0.966 0.931 0.967 0.927 0.964 0.956 0.965 0.947 0.819 0.832 0.836 0.882 0.730 0.883 0.883 0.808 0.942 0.929 0.902 0.934 0.933 0.975 0.922 0.958 0.946 0.945 0.926 0.959 0.951 0.943 0.941 0.896 0.895 0.928 0.950 0.878 0.937 0.799 0.838 0.860 0.818 0.901 0.921  
0.822 0.730 0.847 0.851 0.804 0.795 0.849 0.734 0.786 0.738 0.735 0.925 0.914 0.918 0.954 0.944 0.949 0.929 0.953 1.000 0.953 0.942 0.941 0.926 0.945 0.971 0.935 0.979 0.933 0.961 0.951 0.979 0.962 0.826 0.835 0.848 0.884 0.731 0.870 0.891 0.811 0.951 0.942 0.895 0.951 0.957 0.953 0.908 0.939 0.941 0.963 0.928 0.930 0.932 0.945 0.932 0.889 0.885 0.939 0.939 0.877 0.941 0.790 0.828 0.869 0.807 0.889 0.923  
0.817 0.743 0.838 0.841 0.805 0.796 0.828 0.742 0.785 0.743 0.752 0.944 0.922 0.930 0.954 0.950 0.960 0.914 0.959 0.955 1.000 0.940 0.960 0.914 0.946 0.969 0.942 0.972 0.945 0.970 0.964 0.967 0.956 0.812 0.836 0.844 0.885 0.735 0.888 0.889 0.822 0.957 0.940 0.899 0.952 0.947 0.958 0.913 0.947 0.942 0.953 0.927 0.938 0.949 0.957 0.929 0.898 0.900 0.934 0.951 0.881 0.945 0.796 0.837 0.860 0.815 0.897 0.931  
0.814 0.729 0.845 0.849 0.812 0.803 0.840 0.744 0.782 0.736 0.740 0.922 0.907 0.909 0.935 0.935 0.936 0.902 0.949 0.944 0.941 1.000 0.956 0.903 0.934 0.941 0.928 0.941 0.908 0.938 0.933 0.935 0.939 0.816 0.835 0.848 0.870 0.726 0.880 0.872 0.811 0.924 0.928 0.901 0.933 0.935 0.948 0.914 0.947 0.932 0.936 0.921 0.959 0.943 0.943 0.949 0.900 0.908 0.925 0.943 0.881 0.935 0.797 0.840 0.855 0.811 0.884 0.915  
0.803 0.733 0.826 0.829 0.796 0.802 0.828 0.732 0.768 0.745 0.741 0.921 0.911 0.906 0.944 0.941 0.939 0.909 0.978 0.944 0.961 0.956 1.000 0.905 0.934 0.960 0.926 0.960 0.926 0.960 0.955 0.960 0.948 0.813 0.830 0.830 0.877 0.725 0.878 0.884 0.802 0.938 0.924 0.906 0.939 0.932 0.972 0.915 0.964 0.944 0.945 0.926 0.967 0.955 0.941 0.945 0.905 0.898 0.928 0.954 0.877 0.937 0.800 0.840 0.856 0.817 0.900 0.923  
0.828 0.706 0.855 0.863 0.798 0.783 0.861 0.738 0.792 0.720 0.725 0.910 0.909 0.896 0.919 0.934 0.898 0.971 0.901 0.924 0.911 0.899 0.901 1.000 0.924 0.911 0.915 0.928 0.889 0.914 0.917 0.929 0.930 0.829 0.801 0.847 0.859 0.708 0.864 0.877 0.814 0.902 0.925 0.864 0.921 0.939 0.907 0.870 0.888 0.895 0.927 0.900 0.906 0.917 0.923 0.889 0.871 0.861 0.921 0.914 0.841 0.932 0.782 0.808 0.847 0.798 0.876 0.919  
0.806 0.738 0.830 0.834 0.814 0.805 0.829 0.745 0.799 0.748 0.754 0.950 0.954 0.952 0.958 0.968 0.944 0.924 0.941 0.948 0.948 0.934 0.934 0.929 1.000 0.946 0.954 0.960 0.913 0.953 0.946 0.952 0.958 0.807 0.818 0.844 0.888 0.735 0.908 0.901 0.833 0.938 0.957 0.896 0.943 0.950 0.939 0.896 0.925 0.929 0.961 0.922 0.943 0.939 0.982 0.913 0.891 0.894 0.934 0.942 0.867 0.971 0.812 0.844 0.871 0.826 0.904 0.948  
0.812 0.734 0.833 0.836 0.798 0.797 0.834 0.732 0.779 0.742 0.741 0.931 0.917 0.919 0.946 0.947 0.948 0.916 0.965 0.972 0.969 0.940 0.959 0.914 0.945 1.000 0.935 0.975 0.946 0.981 0.973 0.977 0.951 0.820 0.832 0.838 0.886 0.729 0.880 0.888 0.813 0.944 0.932 0.912 0.952 0.940 0.949 0.907 0.935 0.933 0.955 0.926 0.936 0.948 0.948 0.919 0.904 0.895 0.935 0.950 0.880 0.943 0.798 0.839 0.862 0.812 0.899 0.929  
0.802 0.736 0.832 0.834 0.806 0.804 0.828 0.740 0.800 0.750 0.752 0.951 0.943 0.938 0.949 0.965 0.954 0.911 0.937 0.943 0.948 0.934 0.931 0.924 0.959 0.942 1.000 0.946 0.920 0.948 0.945 0.945 0.949 0.797 0.814 0.855 0.885 0.730 0.895 0.895 0.830 0.939 0.939 0.892 0.943 0.948 0.928 0.897 0.924 0.930 0.947 0.920 0.936 0.940 0.959 0.918 0.890 0.890 0.930 0.946 0.861 0.966 0.803 0.837 0.872 0.833 0.906 0.943  
0.822 0.735 0.842 0.844 0.806 0.797 0.842 0.736 0.788 0.742 0.741 0.939 0.924 0.928 0.967 0.953 0.955 0.929 0.964 0.978 0.969 0.938 0.956 0.929 0.956 0.972 0.937 1.000 0.947 0.975 0.964 0.988 0.970 0.828 0.839 0.844 0.889 0.735 0.880 0.899 0.815 0.962 0.944 0.897 0.953 0.959 0.968 0.919 0.947 0.949 0.967 0.933 0.938 0.944 0.957 0.931 0.893 0.887 0.944 0.948 0.881 0.952 0.796 0.833 0.872 0.811 0.896 0.932  
0.801 0.729 0.827 0.825 0.786 0.770 0.813 0.715 0.780 0.719 0.727 0.920 0.896 0.916 0.933 0.921 0.947 0.899 0.932 0.941 0.951 0.913 0.931 0.898 0.918 0.952 0.921 0.956 1.000 0.952 0.952 0.955 0.932 0.795 0.826 0.850 0.864 0.727 0.866 0.875 0.828 0.951 0.911 0.883 0.935 0.929 0.937 0.911 0.934 0.940 0.935 0.910 0.912 0.921 0.925 0.927 0.873 0.874 0.916 0.927 0.872 0.919 0.769 0.814 0.864 0.804 0.875 0.902  
0.809 0.734 0.834 0.837 0.797 0.798 0.835 0.731 0.778 0.744 0.741 0.934 0.924 0.921 0.955 0.955 0.955 0.921 0.964 0.963 0.970 0.937 0.959 0.918 0.952 0.981 0.942 0.978 0.945 1.000 0.978 0.973 0.954 0.818 0.833 0.835 0.887 0.726 0.877 0.886 0.811 0.949 0.941 0.907 0.948 0.950 0.953 0.909 0.941 0.937 0.952 0.926 0.938 0.948 0.954 0.922 0.902 0.897 0.938 0.949 0.874 0.950 0.800 0.836 0.861 0.813 0.895 0.933  
0.812 0.735 0.835 0.837 0.799 0.798 0.838 0.731 0.781 0.742 0.742 0.936 0.925 0.924 0.945 0.956 0.950 0.917 0.957 0.954 0.966 0.934 0.956 0.922 0.947 0.975 0.941 0.969 0.948 0.980 1.000 0.970 0.950 0.817 0.828 0.837 0.892 0.729 0.881 0.893 0.812 0.945 0.931 0.912 0.953 0.941 0.949 0.910 0.935 0.939 0.948 0.930 0.943 0.953 0.948 0.925 0.904 0.896 0.940 0.947 0.877 0.950 0.801 0.842 0.868 0.815 0.902 0.926  
0.820 0.732 0.839 0.843 0.802 0.796 0.842 0.732 0.785 0.742 0.738 0.933 0.921 0.923 0.960 0.950 0.950 0.927 0.963 0.979 0.965 0.933 0.957 0.930 0.949 0.976 0.937 0.989 0.947 0.972 0.966 1.000 0.967 0.823 0.836 0.841 0.889 0.731 0.876 0.900 0.811 0.959 0.937 0.896 0.953 0.952 0.964 0.916 0.945 0.947 0.963 0.931 0.937 0.944 0.950 0.929 0.893 0.884 0.942 0.948 0.878 0.948 0.796 0.833 0.872 0.811 0.898 0.930  
0.816 0.727 0.834 0.837 0.809 0.804 0.838 0.740 0.789 0.744 0.740 0.930 0.929 0.925 0.953 0.955 0.939 0.917 0.943 0.960 0.952 0.935 0.944 0.930 0.953 0.947 0.939 0.969 0.923 0.951 0.944 0.966 1.000 0.811 0.827 0.842 0.891 0.731 0.881 0.897 0.809 0.948 0.931 0.898 0.955 0.945 0.950 0.897 0.936 0.934 0.959 0.930 0.953 0.946 0.959 0.920 0.892 0.887 0.944 0.946 0.871 0.966 0.806 0.839 0.876 0.821 0.895 0.939  
0.914 0.676 0.841 0.844 0.780 0.761 0.843 0.708 0.737 0.678 0.669 0.825 0.810 0.817 0.842 0.832 0.827 0.858 0.841 0.850 0.835 0.839 0.835 0.856 0.829 0.843 0.814 0.854 0.812 0.841 0.838 0.848 0.837 1.000 0.810 0.810 0.816 0.710 0.807 0.798 0.755 0.832 0.834 0.822 0.839 0.846 0.847 0.842 0.832 0.836 0.849 0.844 0.830 0.838 0.827 0.830 0.817 0.827 0.847 0.834 0.828 0.827 0.719 0.761 0.811 0.722 0.811 0.817  
0.819 0.711 0.827 0.818 0.794 0.800 0.802 0.712 0.753 0.695 0.710 0.843 0.816 0.834 0.857 0.839 0.859 0.830 0.851 0.857 0.856 0.854 0.849 0.823 0.836 0.852 0.828 0.861 0.840 0.853 0.846 0.857 0.849 0.806 1.000 0.804 0.812 0.729 0.813 0.796 0.766 0.870 0.838 0.830 0.846 0.848 0.859 0.867 0.877 0.869 0.853 0.852 0.842 0.840 0.842 0.862 0.829 0.855 0.855 0.848 0.849 0.833 0.734 0.777 0.813 0.731 0.809 0.825  
0.796 0.733 0.856 0.850 0.794 0.777 0.832 0.730 0.794 0.702 0.734 0.880 0.860 0.879 0.862 0.857 0.881 0.853 0.846 0.860 0.855 0.858 0.840 0.861 0.854 0.849 0.860 0.858 0.855 0.845 0.846 0.854 0.856 0.797 0.795 1.000 0.816 0.748 0.866 0.820 0.835 0.879 0.855 0.839 0.856 0.869 0.850 0.880 0.863 0.876 0.862 0.866 0.848 0.851 0.858 0.877 0.837 0.856 0.859 0.853 0.836 0.858 0.755 0.796 0.868 0.793 0.858 0.859  
0.824 0.722 0.837 0.838 0.787 0.782 0.838 0.714 0.759 0.727 0.723 0.906 0.898 0.905 0.899 0.905 0.904 0.875 0.900 0.904 0.904 0.887 0.894 0.880 0.905 0.905 0.897 0.910 0.876 0.906 0.909 0.910 0.913 0.810 0.810 0.822 1.000 0.749 0.870 0.892 0.802 0.895 0.891 0.874 0.906 0.888 0.891 0.874 0.887 0.894 0.905 0.893 0.904 0.897 0.906 0.879 0.866 0.871 0.904 0.901 0.853 0.914 0.776 0.814 0.874 0.797 0.871 0.894  
0.756 0.731 0.778 0.771 0.765 0.742 0.751 0.716 0.752 0.702 0.736 0.823 0.799 0.834 0.802 0.796 0.820 0.775 0.794 0.798 0.801 0.790 0.789 0.774 0.800 0.795 0.790 0.803 0.786 0.791 0.793 0.798 0.800 0.752 0.776 0.804 0.800 1.000 0.808 0.791 0.751 0.824 0.789 0.779 0.800 0.793 0.799 0.820 0.810 0.821 0.810 0.802 0.794 0.788 0.803 0.815 0.769 0.788 0.799 0.790 0.796 0.798 0.711 0.744 0.804 0.723 0.799 0.800  
0.799 0.750 0.831 0.830 0.818 0.792 0.808 0.751 0.793 0.733 0.768 0.944 0.924 0.945 0.900 0.909 0.910 0.870 0.898 0.887 0.904 0.895 0.892 0.882 0.922 0.895 0.904 0.897 0.875 0.892 0.894 0.892 0.899 0.798 0.807 0.870 0.867 0.754 1.000 0.872 0.838 0.903 0.901 0.882 0.898 0.892 0.897 0.894 0.902 0.902 0.906 0.895 0.902 0.904 0.925 0.893 0.876 0.890 0.890 0.909 0.872 0.915 0.795 0.836 0.877 0.837 0.925 0.912  
0.795 0.731 0.819 0.824 0.798 0.772 0.822 0.742 0.798 0.739 0.752 0.924 0.923 0.918 0.925 0.923 0.902 0.889 0.904 0.914 0.910 0.892 0.904 0.901 0.922 0.909 0.911 0.923 0.890 0.907 0.912 0.923 0.921 0.794 0.796 0.829 0.894 0.743 0.878 1.000 0.819 0.903 0.902 0.862 0.917 0.915 0.911 0.873 0.894 0.905 0.928 0.892 0.903 0.904 0.923 0.886 0.858 0.859 0.903 0.907 0.851 0.926 0.793 0.815 0.858 0.805 0.895 0.931  
0.751 0.698 0.793 0.790 0.764 0.725 0.769 0.696 0.759 0.670 0.698 0.850 0.836 0.859 0.838 0.838 0.854 0.823 0.821 0.826 0.836 0.823 0.814 0.830 0.846 0.826 0.838 0.830 0.836 0.824 0.824 0.826 0.825 0.746 0.760 0.838 0.799 0.700 0.838 0.813 1.000 0.846 0.843 0.794 0.828 0.838 0.822 0.824 0.829 0.841 0.835 0.815 0.818 0.825 0.849 0.840 0.791 0.799 0.820 0.832 0.795 0.837 0.706 0.746 0.794 0.751 0.818 0.827  
0.818 0.756 0.851 0.845 0.805 0.790 0.826 0.739 0.808 0.734 0.752 0.941 0.910 0.941 0.959 0.938 0.971 0.904 0.938 0.949 0.954 0.921 0.934 0.903 0.934 0.942 0.930 0.961 0.942 0.946 0.940 0.958 0.948 0.806 0.847 0.865 0.874 0.754 0.886 0.879 0.830 1.000 0.927 0.880 0.936 0.945 0.948 0.933 0.966 0.976 0.948 0.922 0.923 0.920 0.938 0.955 0.880 0.888 0.931 0.939 0.885 0.934 0.782 0.819 0.865 0.808 0.883 0.912  
0.815 0.735 0.849 0.855 0.806 0.796 0.843 0.740 0.800 0.742 0.749 0.929 0.934 0.931 0.962 0.942 0.946 0.934 0.929 0.945 0.941 0.928 0.924 0.929 0.957 0.933 0.934 0.947 0.905 0.942 0.930 0.940 0.936 0.812 0.819 0.845 0.874 0.725 0.887 0.882 0.830 0.931 1.000 0.876 0.919 0.962 0.932 0.888 0.919 0.919 0.952 0.902 0.915 0.917 0.964 0.916 0.869 0.876 0.913 0.924 0.860 0.947 0.787 0.822 0.853 0.811 0.888 0.928  
0.791 0.720 0.816 0.819 0.789 0.801 0.816 0.718 0.748 0.728 0.724 0.883 0.884 0.880 0.892 0.904 0.897 0.870 0.907 0.902 0.905 0.906 0.911 0.873 0.901 0.917 0.892 0.905 0.883 0.912 0.916 0.904 0.906 0.804 0.815 0.834 0.861 0.719 0.873 0.847 0.786 0.888 0.881 1.000 0.922 0.885 0.900 0.902 0.893 0.891 0.907 0.921 0.916 0.916 0.902 0.886 0.965 0.910 0.909 0.913 0.876 0.905 0.821 0.889 0.863 0.804 0.884 0.888  
0.810 0.726 0.838 0.840 0.805 0.794 0.838 0.735 0.781 0.735 0.734 0.924 0.920 0.920 0.939 0.943 0.937 0.917 0.932 0.952 0.951 0.931 0.937 0.923 0.940 0.951 0.936 0.954 0.928 0.946 0.950 0.954 0.958 0.815 0.826 0.844 0.887 0.733 0.882 0.895 0.814 0.938 0.917 0.916 1.000 0.934 0.937 0.903 0.929 0.932 0.954 0.940 0.944 0.945 0.942 0.923 0.908 0.892 0.953 0.947 0.881 0.945 0.802 0.845 0.876 0.811 0.896 0.929  
0.823 0.731 0.856 0.863 0.812 0.791 0.850 0.743 0.803 0.736 0.742 0.931 0.920 0.922 0.968 0.946 0.946 0.942 0.931 0.958 0.946 0.933 0.929 0.941 0.948 0.938 0.940 0.960 0.921 0.949 0.938 0.952 0.947 0.822 0.827 0.856 0.868 0.727 0.875 0.892 0.823 0.946 0.959 0.879 0.934 1.000 0.942 0.895 0.933 0.933 0.962 0.914 0.916 0.919 0.957 0.931 0.873 0.876 0.924 0.930 0.866 0.947 0.784 0.819 0.859 0.806 0.888 0.928  
0.816 0.732 0.836 0.837 0.804 0.793 0.830 0.738 0.778 0.736 0.740 0.920 0.902 0.907 0.953 0.930 0.935 0.909 0.970 0.951 0.954 0.944 0.968 0.907 0.934 0.946 0.918 0.968 0.928 0.949 0.943 0.962 0.950 0.820 0.836 0.836 0.870 0.730 0.879 0.886 0.806 0.948 0.928 0.892 0.935 0.940 1.000 0.929 0.965 0.955 0.951 0.926 0.952 0.942 0.939 0.946 0.888 0.892 0.927 0.942 0.884 0.930 0.789 0.827 0.857 0.810 0.893 0.908  
0.815 0.745 0.850 0.845 0.807 0.795 0.826 0.727 0.784 0.720 0.738 0.901 0.875 0.901 0.911 0.894 0.927 0.880 0.919 0.908 0.911 0.911 0.912 0.871 0.893 0.905 0.889 0.919 0.903 0.906 0.906 0.916 0.898 0.817 0.845 0.867 0.854 0.751 0.877 0.850 0.809 0.934 0.885 0.894 0.902 0.895 0.930 1.000 0.932 0.949 0.906 0.934 0.904 0.905 0.892 0.931 0.886 0.910 0.919 0.897 0.897 0.893 0.780 0.826 0.867 0.794 0.869 0.871  
0.817 0.746 0.849 0.842 0.807 0.791 0.824 0.740 0.790 0.734 0.755 0.929 0.897 0.917 0.952 0.925 0.950 0.898 0.956 0.939 0.945 0.944 0.961 0.889 0.922 0.934 0.916 0.948 0.926 0.939 0.932 0.945 0.937 0.808 0.855 0.851 0.868 0.742 0.885 0.872 0.814 0.968 0.916 0.886 0.928 0.932 0.967 0.933 1.000 0.976 0.937 0.922 0.954 0.927 0.926 0.971 0.885 0.899 0.923 0.938 0.894 0.921 0.782 0.823 0.856 0.807 0.881 0.899  
0.821 0.756 0.852 0.845 0.808 0.788 0.827 0.738 0.809 0.730 0.753 0.935 0.903 0.934 0.952 0.932 0.961 0.897 0.943 0.940 0.939 0.928 0.939 0.896 0.925 0.930 0.921 0.949 0.931 0.934 0.933 0.945 0.934 0.810 0.846 0.862 0.873 0.751 0.884 0.881 0.825 0.976 0.915 0.883 0.930 0.932 0.955 0.948 0.975 1.000 0.938 0.925 0.936 0.925 0.925 0.966 0.883 0.894 0.926 0.934 0.890 0.927 0.782 0.821 0.862 0.806 0.884 0.900  
0.817 0.734 0.840 0.845 0.813 0.798 0.837 0.739 0.793 0.742 0.743 0.936 0.929 0.933 0.968 0.956 0.945 0.935 0.943 0.963 0.952 0.934 0.943 0.930 0.959 0.954 0.940 0.969 0.927 0.951 0.945 0.964 0.961 0.824 0.832 0.850 0.886 0.742 0.890 0.906 0.821 0.950 0.950 0.900 0.954 0.963 0.953 0.908 0.937 0.940 1.000 0.930 0.932 0.936 0.965 0.925 0.890 0.887 0.941 0.941 0.884 0.956 0.799 0.833 0.877 0.818 0.907 0.938  
0.809 0.725 0.838 0.841 0.808 0.817 0.837 0.731 0.771 0.732 0.732 0.910 0.903 0.894 0.931 0.935 0.917 0.900 0.925 0.929 0.927 0.920 0.925 0.903 0.921 0.926 0.914 0.936 0.904 0.926 0.928 0.933 0.934 0.821 0.832 0.855 0.875 0.736 0.880 0.871 0.802 0.925 0.901 0.915 0.942 0.915 0.929 0.937 0.923 0.928 0.931 1.000 0.927 0.932 0.920 0.908 0.919 0.916 0.972 0.942 0.877 0.923 0.798 0.852 0.884 0.811 0.893 0.906  
0.808 0.732 0.829 0.832 0.806 0.807 0.831 0.743 0.779 0.744 0.746 0.925 0.921 0.918 0.932 0.945 0.930 0.899 0.959 0.933 0.939 0.960 0.968 0.911 0.943 0.937 0.932 0.942 0.907 0.939 0.942 0.940 0.957 0.808 0.824 0.839 0.886 0.730 0.889 0.884 0.806 0.927 0.915 0.911 0.946 0.919 0.956 0.907 0.957 0.941 0.935 0.928 1.000 0.956 0.941 0.947 0.904 0.903 0.937 0.947 0.877 0.952 0.809 0.852 0.865 0.826 0.898 0.923  
0.807 0.728 0.831 0.834 0.798 0.803 0.833 0.739 0.778 0.742 0.740 0.928 0.920 0.912 0.930 0.949 0.929 0.907 0.951 0.934 0.949 0.942 0.954 0.920 0.938 0.948 0.934 0.947 0.915 0.948 0.951 0.946 0.949 0.815 0.821 0.841 0.879 0.724 0.889 0.883 0.812 0.923 0.916 0.910 0.946 0.921 0.946 0.907 0.929 0.928 0.937 0.932 0.955 1.000 0.944 0.919 0.909 0.902 0.940 0.953 0.872 0.950 0.805 0.848 0.862 0.821 0.901 0.923  
0.810 0.740 0.832 0.837 0.815 0.803 0.826 0.748 0.801 0.748 0.757 0.954 0.953 0.952 0.966 0.966 0.951 0.919 0.944 0.948 0.958 0.943 0.941 0.928 0.982 0.950 0.954 0.961 0.920 0.955 0.946 0.953 0.963 0.805 0.823 0.848 0.888 0.738 0.911 0.903 0.836 0.942 0.964 0.897 0.944 0.960 0.944 0.895 0.929 0.930 0.967 0.921 0.941 0.945 1.000 0.913 0.890 0.896 0.933 0.948 0.871 0.971 0.809 0.844 0.870 0.829 0.908 0.952  
0.814 0.750 0.857 0.853 0.805 0.778 0.832 0.738 0.803 0.724 0.747 0.917 0.888 0.922 0.929 0.910 0.949 0.896 0.939 0.933 0.928 0.947 0.943 0.891 0.911 0.918 0.911 0.932 0.919 0.921 0.922 0.930 0.922 0.806 0.840 0.865 0.860 0.747 0.877 0.865 0.825 0.956 0.914 0.879 0.923 0.931 0.949 0.932 0.972 0.968 0.925 0.907 0.944 0.918 0.911 1.000 0.871 0.882 0.908 0.918 0.888 0.913 0.775 0.817 0.851 0.798 0.875 0.886  
0.787 0.715 0.814 0.817 0.782 0.806 0.816 0.717 0.747 0.725 0.721 0.886 0.880 0.872 0.894 0.912 0.890 0.873 0.901 0.896 0.904 0.905 0.910 0.880 0.895 0.909 0.890 0.902 0.873 0.907 0.908 0.900 0.901 0.800 0.815 0.832 0.854 0.711 0.867 0.844 0.783 0.889 0.874 0.965 0.915 0.880 0.897 0.894 0.893 0.891 0.897 0.925 0.908 0.915 0.895 0.878 1.000 0.912 0.922 0.928 0.864 0.902 0.829 0.882 0.858 0.800 0.877 0.892  
0.804 0.726 0.829 0.833 0.797 0.815 0.820 0.729 0.761 0.728 0.738 0.897 0.885 0.880 0.899 0.909 0.895 0.867 0.900 0.893 0.906 0.914 0.903 0.870 0.899 0.901 0.890 0.895 0.874 0.903 0.900 0.892 0.896 0.810 0.841 0.851 0.859 0.728 0.881 0.844 0.791 0.897 0.881 0.910 0.899 0.883 0.901 0.919 0.906 0.903 0.893 0.922 0.907 0.908 0.901 0.889 0.912 1.000 0.908 0.906 0.881 0.903 0.794 0.839 0.868 0.812 0.880 0.886  
0.812 0.719 0.844 0.847 0.804 0.811 0.846 0.731 0.775 0.729 0.727 0.918 0.913 0.903 0.939 0.947 0.923 0.918 0.925 0.938 0.932 0.922 0.925 0.922 0.931 0.933 0.922 0.945 0.908 0.935 0.935 0.942 0.945 0.822 0.833 0.846 0.884 0.732 0.873 0.880 0.805 0.932 0.910 0.901 0.951 0.923 0.928 0.919 0.922 0.927 0.940 0.969 0.933 0.937 0.930 0.907 0.913 0.900 1.000 0.944 0.873 0.935 0.800 0.841 0.877 0.803 0.885 0.922  
0.806 0.732 0.834 0.836 0.802 0.810 0.831 0.738 0.781 0.741 0.743 0.936 0.923 0.920 0.945 0.956 0.945 0.910 0.951 0.942 0.953 0.944 0.955 0.919 0.943 0.952 0.941 0.953 0.922 0.950 0.947 0.952 0.951 0.812 0.829 0.844 0.884 0.727 0.895 0.887 0.819 0.944 0.924 0.909 0.949 0.933 0.947 0.900 0.942 0.939 0.943 0.944 0.948 0.955 0.948 0.921 0.924 0.902 0.948 1.000 0.875 0.946 0.809 0.852 0.865 0.827 0.907 0.940  
0.805 0.715 0.833 0.829 0.788 0.767 0.807 0.710 0.748 0.697 0.717 0.882 0.855 0.880 0.877 0.869 0.889 0.855 0.882 0.884 0.886 0.885 0.881 0.849 0.871 0.885 0.860 0.889 0.871 0.879 0.880 0.884 0.879 0.809 0.834 0.830 0.840 0.735 0.862 0.836 0.786 0.893 0.864 0.875 0.887 0.872 0.892 0.904 0.901 0.898 0.890 0.882 0.880 0.877 0.875 0.894 0.863 0.880 0.880 0.878 1.000 0.869 0.759 0.812 0.837 0.768 0.854 0.852  
0.811 0.736 0.832 0.837 0.814 0.812 0.835 0.747 0.803 0.752 0.755 0.953 0.954 0.945 0.958 0.976 0.945 0.923 0.938 0.945 0.947 0.936 0.937 0.937 0.972 0.944 0.962 0.956 0.914 0.952 0.950 0.952 0.971 0.806 0.815 0.849 0.897 0.733 0.901 0.906 0.825 0.939 0.947 0.901 0.948 0.950 0.935 0.897 0.924 0.932 0.959 0.925 0.952 0.952 0.972 0.915 0.898 0.898 0.939 0.946 0.865 1.000 0.816 0.846 0.879 0.838 0.913 0.953  
0.722 0.704 0.751 0.753 0.746 0.766 0.755 0.708 0.726 0.717 0.724 0.827 0.839 0.823 0.827 0.847 0.822 0.805 0.831 0.824 0.829 0.829 0.832 0.817 0.844 0.830 0.830 0.831 0.795 0.833 0.831 0.830 0.842 0.727 0.746 0.775 0.791 0.679 0.813 0.806 0.723 0.816 0.818 0.850 0.835 0.817 0.824 0.814 0.815 0.817 0.833 0.830 0.841 0.838 0.841 0.808 0.857 0.821 0.835 0.841 0.785 0.848 1.000 0.893 0.793 0.762 0.833 0.856  
0.754 0.718 0.779 0.782 0.769 0.788 0.778 0.710 0.741 0.726 0.725 0.851 0.860 0.847 0.851 0.866 0.853 0.823 0.860 0.852 0.859 0.863 0.862 0.833 0.866 0.862 0.854 0.858 0.830 0.859 0.863 0.857 0.864 0.760 0.779 0.808 0.819 0.701 0.845 0.818 0.754 0.844 0.844 0.907 0.869 0.843 0.853 0.850 0.847 0.846 0.857 0.875 0.874 0.871 0.866 0.840 0.900 0.857 0.866 0.874 0.830 0.868 0.881 1.000 0.821 0.782 0.858 0.871  
0.823 0.722 0.833 0.835 0.799 0.796 0.830 0.727 0.778 0.723 0.733 0.905 0.896 0.904 0.899 0.899 0.892 0.873 0.886 0.897 0.887 0.881 0.881 0.877 0.897 0.889 0.893 0.901 0.885 0.888 0.893 0.901 0.906 0.813 0.818 0.884 0.883 0.760 0.889 0.864 0.805 0.895 0.878 0.884 0.904 0.887 0.887 0.896 0.884 0.891 0.905 0.912 0.890 0.889 0.896 0.878 0.878 0.889 0.906 0.890 0.858 0.904 0.785 0.824 1.000 0.833 0.886 0.890  
0.746 0.712 0.774 0.779 0.773 0.775 0.774 0.717 0.772 0.724 0.744 0.875 0.890 0.868 0.866 0.876 0.865 0.833 0.864 0.854 0.861 0.856 0.862 0.846 0.872 0.858 0.874 0.859 0.844 0.859 0.860 0.858 0.871 0.742 0.754 0.827 0.825 0.701 0.870 0.831 0.780 0.857 0.856 0.844 0.858 0.853 0.859 0.840 0.854 0.855 0.865 0.857 0.871 0.867 0.875 0.844 0.840 0.853 0.850 0.872 0.807 0.884 0.773 0.804 0.854 1.000 0.884 0.886  
0.792 0.749 0.818 0.823 0.810 0.811 0.821 0.746 0.788 0.757 0.768 0.923 0.931 0.916 0.916 0.929 0.909 0.892 0.920 0.910 0.916 0.903 0.919 0.899 0.922 0.919 0.920 0.918 0.888 0.914 0.920 0.919 0.918 0.806 0.807 0.866 0.872 0.750 0.930 0.893 0.822 0.905 0.906 0.898 0.916 0.909 0.915 0.890 0.902 0.906 0.927 0.912 0.916 0.920 0.927 0.895 0.890 0.894 0.906 0.925 0.868 0.931 0.817 0.854 0.878 0.855 1.000 0.942  
0.796 0.738 0.821 0.826 0.807 0.808 0.825 0.749 0.802 0.756 0.760 0.945 0.956 0.934 0.942 0.956 0.929 0.914 0.924 0.929 0.935 0.919 0.926 0.926 0.951 0.933 0.941 0.939 0.900 0.938 0.928 0.936 0.947 0.798 0.809 0.852 0.879 0.738 0.901 0.913 0.818 0.919 0.931 0.887 0.934 0.933 0.916 0.877 0.905 0.907 0.944 0.910 0.926 0.928 0.956 0.891 0.891 0.885 0.928 0.943 0.851 0.955 0.826 0.852 0.867 0.842 0.926 1.000  
