1.000 0.516 0.596 0.514 0.633 0.621 0.625 0.520 0.641 0.590 0.500  
0.514 1.000 0.796 0.984 0.665 0.703 0.711 0.603 0.563 0.824 0.914  
0.580 0.779 1.000 0.787 0.781 0.791 0.823 0.745 0.574 0.960 0.741  
0.514 0.989 0.808 1.000 0.661 0.691 0.704 0.599 0.555 0.836 0.923  
0.619 0.654 0.784 0.646 1.000 0.823 0.921 0.760 0.704 0.754 0.618  
0.592 0.674 0.774 0.658 0.803 1.000 0.870 0.749 0.601 0.750 0.633  
0.600 0.686 0.811 0.676 0.905 0.876 1.000 0.808 0.730 0.786 0.645  
0.509 0.594 0.749 0.587 0.762 0.770 0.824 1.000 0.548 0.724 0.557  
0.635 0.560 0.584 0.550 0.714 0.625 0.753 0.555 1.000 0.583 0.518  
0.575 0.808 0.961 0.816 0.753 0.767 0.799 0.721 0.574 1.000 0.770  
0.509 0.934 0.774 0.938 0.643 0.675 0.683 0.578 0.531 0.803 1.000  
