1.000 0.788 0.885 0.919 0.867 0.844 0.853 0.803 0.858 0.889 0.857 0.899 0.869 0.933 0.867 0.853 0.861 0.864 0.772 0.876 0.811 0.862 0.843 0.871 0.849 0.790 0.852 0.760 0.810 0.776 0.772 0.789 0.788 0.800 0.761 0.780 0.779 0.787 0.785 0.788 0.798 0.718 0.803 0.803 0.803 0.803 0.780 0.808 0.811 0.799 0.786 0.762 0.786 0.806 0.779 0.775 0.809 0.771 0.769 0.781 0.738 0.772 0.800 0.769 0.781 0.787 0.801 0.759 0.785 0.755 0.781 0.704 0.710 0.695  
0.737 1.000 0.734 0.739 0.723 0.702 0.693 0.686 0.727 0.742 0.707 0.742 0.718 0.753 0.720 0.721 0.725 0.713 0.657 0.729 0.682 0.730 0.747 0.755 0.753 0.680 0.727 0.657 0.689 0.736 0.855 0.852 0.884 0.872 0.814 0.837 0.834 0.847 0.845 0.848 0.870 0.766 0.874 0.875 0.862 0.872 0.847 0.889 0.833 0.861 0.835 0.844 0.830 0.822 0.862 0.865 0.860 0.822 0.843 0.827 0.805 0.824 0.814 0.818 0.805 0.813 0.826 0.787 0.837 0.804 0.821 0.697 0.699 0.679  
0.868 0.770 1.000 0.872 0.937 0.836 0.858 0.842 0.928 0.899 0.857 0.903 0.918 0.925 0.915 0.834 0.866 0.878 0.781 0.893 0.801 0.928 0.920 0.886 0.859 0.819 0.876 0.750 0.785 0.779 0.769 0.764 0.778 0.780 0.761 0.770 0.769 0.783 0.785 0.784 0.790 0.717 0.787 0.797 0.795 0.797 0.769 0.797 0.803 0.790 0.782 0.758 0.784 0.777 0.777 0.766 0.801 0.760 0.765 0.778 0.734 0.769 0.776 0.762 0.769 0.778 0.789 0.749 0.765 0.746 0.765 0.694 0.701 0.680  
0.904 0.778 0.874 1.000 0.884 0.847 0.800 0.824 0.857 0.877 0.816 0.855 0.862 0.876 0.867 0.822 0.857 0.836 0.746 0.881 0.764 0.850 0.843 0.889 0.842 0.759 0.816 0.730 0.771 0.769 0.765 0.771 0.776 0.785 0.747 0.760 0.757 0.776 0.774 0.773 0.784 0.706 0.786 0.788 0.788 0.788 0.764 0.790 0.790 0.781 0.774 0.752 0.768 0.782 0.767 0.761 0.792 0.751 0.758 0.762 0.726 0.755 0.781 0.758 0.770 0.776 0.786 0.751 0.771 0.742 0.766 0.699 0.707 0.688  
0.851 0.759 0.938 0.882 1.000 0.847 0.855 0.883 0.919 0.901 0.850 0.890 0.943 0.901 0.924 0.841 0.861 0.870 0.791 0.897 0.812 0.921 0.926 0.877 0.864 0.825 0.865 0.754 0.788 0.768 0.764 0.752 0.769 0.770 0.744 0.755 0.754 0.770 0.771 0.771 0.778 0.707 0.773 0.781 0.778 0.783 0.757 0.783 0.789 0.780 0.770 0.746 0.770 0.764 0.768 0.758 0.786 0.747 0.757 0.760 0.722 0.753 0.763 0.749 0.752 0.762 0.773 0.732 0.749 0.729 0.748 0.682 0.689 0.677  
0.837 0.746 0.845 0.854 0.856 1.000 0.813 0.814 0.851 0.860 0.818 0.841 0.856 0.854 0.850 0.800 0.842 0.861 0.746 0.846 0.769 0.824 0.805 0.850 0.818 0.769 0.804 0.723 0.749 0.754 0.738 0.742 0.747 0.752 0.738 0.744 0.744 0.770 0.762 0.762 0.765 0.711 0.753 0.769 0.768 0.770 0.751 0.764 0.772 0.753 0.757 0.735 0.754 0.748 0.751 0.735 0.773 0.737 0.732 0.751 0.712 0.743 0.750 0.731 0.744 0.757 0.760 0.736 0.748 0.733 0.739 0.696 0.701 0.682  
0.843 0.731 0.863 0.803 0.860 0.809 1.000 0.815 0.834 0.877 0.855 0.909 0.863 0.915 0.832 0.819 0.800 0.838 0.769 0.838 0.834 0.845 0.826 0.822 0.818 0.843 0.851 0.773 0.795 0.726 0.723 0.730 0.736 0.739 0.720 0.740 0.734 0.736 0.750 0.750 0.753 0.702 0.750 0.762 0.749 0.764 0.738 0.755 0.776 0.755 0.741 0.722 0.752 0.743 0.750 0.731 0.765 0.740 0.725 0.743 0.693 0.742 0.738 0.716 0.721 0.734 0.747 0.709 0.730 0.712 0.727 0.673 0.678 0.662  
0.788 0.721 0.843 0.823 0.883 0.806 0.811 1.000 0.832 0.837 0.873 0.827 0.850 0.830 0.830 0.826 0.807 0.839 0.836 0.858 0.806 0.844 0.840 0.844 0.843 0.785 0.798 0.749 0.769 0.734 0.725 0.722 0.729 0.731 0.715 0.722 0.718 0.730 0.738 0.739 0.742 0.697 0.728 0.745 0.734 0.748 0.719 0.743 0.755 0.733 0.734 0.717 0.736 0.730 0.737 0.724 0.752 0.725 0.722 0.727 0.691 0.725 0.723 0.710 0.709 0.724 0.732 0.700 0.716 0.702 0.713 0.658 0.667 0.656  
0.836 0.758 0.922 0.849 0.912 0.836 0.824 0.826 1.000 0.881 0.830 0.877 0.905 0.897 0.931 0.811 0.841 0.861 0.761 0.884 0.777 0.900 0.887 0.856 0.844 0.792 0.845 0.722 0.758 0.771 0.767 0.751 0.765 0.765 0.753 0.765 0.751 0.779 0.776 0.775 0.778 0.726 0.771 0.781 0.799 0.782 0.752 0.783 0.782 0.771 0.769 0.750 0.770 0.757 0.767 0.755 0.782 0.744 0.753 0.762 0.723 0.752 0.765 0.753 0.754 0.765 0.773 0.744 0.751 0.736 0.747 0.682 0.692 0.673  
0.870 0.777 0.896 0.872 0.898 0.848 0.869 0.834 0.885 1.000 0.864 0.921 0.901 0.931 0.898 0.832 0.857 0.848 0.776 0.870 0.803 0.881 0.853 0.870 0.859 0.823 0.878 0.739 0.775 0.767 0.773 0.770 0.783 0.789 0.767 0.775 0.776 0.780 0.801 0.794 0.803 0.721 0.794 0.811 0.798 0.812 0.773 0.797 0.817 0.804 0.781 0.763 0.790 0.779 0.791 0.771 0.810 0.770 0.762 0.787 0.733 0.780 0.774 0.765 0.767 0.775 0.789 0.751 0.773 0.750 0.766 0.693 0.699 0.678  
0.840 0.742 0.856 0.813 0.848 0.808 0.849 0.871 0.834 0.865 1.000 0.891 0.866 0.887 0.835 0.861 0.827 0.845 0.860 0.862 0.833 0.838 0.817 0.829 0.835 0.800 0.826 0.757 0.785 0.735 0.729 0.743 0.748 0.752 0.733 0.749 0.741 0.748 0.758 0.761 0.765 0.717 0.759 0.772 0.761 0.772 0.745 0.767 0.783 0.757 0.754 0.736 0.758 0.760 0.755 0.740 0.779 0.754 0.737 0.757 0.709 0.753 0.748 0.728 0.741 0.752 0.764 0.729 0.751 0.733 0.749 0.663 0.668 0.653  
0.878 0.776 0.900 0.849 0.886 0.828 0.899 0.823 0.879 0.919 0.889 1.000 0.883 0.952 0.873 0.857 0.848 0.866 0.804 0.866 0.822 0.877 0.865 0.859 0.850 0.846 0.894 0.759 0.785 0.766 0.769 0.771 0.782 0.785 0.761 0.778 0.773 0.782 0.797 0.796 0.801 0.726 0.802 0.811 0.803 0.811 0.777 0.803 0.826 0.799 0.788 0.766 0.800 0.787 0.794 0.772 0.815 0.778 0.769 0.792 0.736 0.783 0.787 0.765 0.769 0.779 0.796 0.750 0.777 0.754 0.776 0.685 0.692 0.676  
0.852 0.753 0.918 0.859 0.942 0.846 0.857 0.848 0.910 0.903 0.866 0.886 1.000 0.902 0.908 0.843 0.856 0.867 0.786 0.877 0.813 0.906 0.883 0.851 0.841 0.821 0.846 0.754 0.783 0.742 0.746 0.748 0.760 0.762 0.740 0.750 0.753 0.755 0.765 0.760 0.771 0.703 0.771 0.777 0.769 0.778 0.748 0.775 0.781 0.774 0.755 0.735 0.759 0.760 0.761 0.750 0.782 0.747 0.745 0.754 0.713 0.749 0.748 0.737 0.747 0.754 0.767 0.729 0.747 0.727 0.749 0.667 0.673 0.657  
0.912 0.787 0.922 0.870 0.897 0.841 0.906 0.827 0.900 0.930 0.885 0.953 0.900 1.000 0.894 0.853 0.861 0.867 0.791 0.889 0.830 0.893 0.881 0.871 0.870 0.845 0.898 0.767 0.797 0.774 0.777 0.781 0.793 0.796 0.770 0.788 0.785 0.795 0.807 0.806 0.812 0.731 0.809 0.821 0.813 0.821 0.788 0.815 0.829 0.810 0.798 0.771 0.806 0.798 0.801 0.782 0.824 0.785 0.776 0.800 0.745 0.792 0.797 0.773 0.782 0.790 0.805 0.761 0.783 0.760 0.782 0.696 0.704 0.685  
0.850 0.755 0.914 0.864 0.923 0.839 0.826 0.828 0.935 0.899 0.835 0.876 0.908 0.896 1.000 0.809 0.851 0.862 0.768 0.883 0.775 0.908 0.888 0.856 0.855 0.792 0.851 0.719 0.755 0.770 0.760 0.746 0.761 0.762 0.747 0.755 0.744 0.772 0.775 0.768 0.774 0.714 0.768 0.777 0.788 0.778 0.747 0.779 0.777 0.769 0.770 0.741 0.763 0.752 0.762 0.750 0.779 0.738 0.748 0.756 0.719 0.746 0.760 0.749 0.758 0.768 0.774 0.749 0.752 0.739 0.746 0.690 0.695 0.675  
0.836 0.756 0.833 0.819 0.839 0.790 0.813 0.824 0.815 0.833 0.861 0.859 0.842 0.855 0.808 1.000 0.813 0.825 0.815 0.827 0.805 0.815 0.807 0.839 0.829 0.765 0.803 0.751 0.787 0.761 0.752 0.752 0.765 0.763 0.734 0.754 0.748 0.761 0.759 0.765 0.768 0.709 0.771 0.776 0.769 0.775 0.754 0.782 0.791 0.769 0.765 0.747 0.765 0.768 0.758 0.754 0.782 0.750 0.758 0.755 0.720 0.750 0.764 0.743 0.744 0.756 0.768 0.726 0.756 0.734 0.750 0.673 0.676 0.666  
0.852 0.767 0.873 0.862 0.868 0.839 0.802 0.813 0.854 0.866 0.834 0.859 0.864 0.872 0.859 0.820 1.000 0.836 0.782 0.865 0.788 0.838 0.824 0.873 0.842 0.770 0.822 0.730 0.758 0.769 0.757 0.762 0.767 0.775 0.757 0.760 0.754 0.769 0.781 0.774 0.784 0.721 0.778 0.789 0.795 0.789 0.756 0.789 0.788 0.777 0.774 0.748 0.775 0.772 0.774 0.759 0.796 0.763 0.760 0.764 0.723 0.758 0.768 0.754 0.766 0.771 0.785 0.747 0.776 0.756 0.768 0.684 0.686 0.668  
0.841 0.742 0.870 0.826 0.862 0.844 0.825 0.831 0.859 0.843 0.838 0.862 0.860 0.863 0.855 0.819 0.822 1.000 0.786 0.865 0.795 0.857 0.838 0.852 0.845 0.768 0.810 0.760 0.771 0.752 0.752 0.740 0.759 0.754 0.733 0.744 0.743 0.767 0.752 0.758 0.763 0.697 0.760 0.769 0.765 0.767 0.746 0.774 0.776 0.758 0.760 0.738 0.755 0.752 0.748 0.745 0.769 0.735 0.757 0.748 0.717 0.739 0.750 0.742 0.745 0.757 0.766 0.736 0.742 0.723 0.751 0.680 0.682 0.667  
0.759 0.690 0.781 0.744 0.791 0.739 0.765 0.836 0.766 0.779 0.862 0.808 0.788 0.795 0.769 0.817 0.776 0.793 1.000 0.790 0.781 0.766 0.762 0.768 0.794 0.737 0.761 0.707 0.728 0.694 0.693 0.692 0.700 0.699 0.684 0.693 0.683 0.698 0.708 0.712 0.712 0.670 0.700 0.718 0.710 0.718 0.685 0.717 0.733 0.700 0.712 0.686 0.714 0.704 0.709 0.692 0.726 0.703 0.700 0.699 0.661 0.696 0.699 0.683 0.683 0.699 0.708 0.670 0.693 0.678 0.694 0.621 0.627 0.619  
0.851 0.758 0.885 0.870 0.888 0.828 0.825 0.849 0.881 0.864 0.854 0.862 0.869 0.884 0.876 0.820 0.850 0.864 0.782 1.000 0.806 0.866 0.854 0.876 0.856 0.778 0.824 0.737 0.783 0.755 0.753 0.755 0.762 0.763 0.735 0.757 0.749 0.771 0.762 0.762 0.769 0.703 0.769 0.773 0.782 0.772 0.759 0.786 0.776 0.775 0.761 0.738 0.758 0.758 0.754 0.752 0.775 0.740 0.748 0.751 0.714 0.744 0.753 0.739 0.751 0.763 0.773 0.739 0.752 0.736 0.751 0.677 0.683 0.669  
0.788 0.708 0.792 0.754 0.803 0.752 0.820 0.797 0.774 0.797 0.825 0.817 0.805 0.824 0.767 0.798 0.773 0.794 0.772 0.805 1.000 0.781 0.773 0.777 0.796 0.785 0.789 0.762 0.772 0.701 0.702 0.703 0.713 0.711 0.695 0.727 0.712 0.714 0.711 0.722 0.718 0.704 0.722 0.726 0.723 0.727 0.720 0.728 0.746 0.726 0.715 0.701 0.718 0.724 0.714 0.708 0.730 0.722 0.707 0.707 0.668 0.713 0.711 0.689 0.691 0.709 0.717 0.690 0.711 0.700 0.704 0.635 0.643 0.638  
0.848 0.768 0.930 0.849 0.923 0.817 0.842 0.845 0.908 0.886 0.841 0.883 0.909 0.898 0.912 0.817 0.833 0.866 0.767 0.877 0.791 1.000 0.917 0.876 0.860 0.821 0.866 0.755 0.791 0.782 0.767 0.770 0.776 0.778 0.757 0.761 0.766 0.771 0.780 0.775 0.786 0.709 0.779 0.789 0.786 0.791 0.757 0.793 0.793 0.786 0.772 0.749 0.776 0.768 0.776 0.764 0.794 0.753 0.762 0.770 0.729 0.760 0.764 0.761 0.763 0.769 0.782 0.741 0.758 0.738 0.758 0.693 0.696 0.678  
0.819 0.776 0.911 0.832 0.916 0.788 0.813 0.831 0.884 0.847 0.810 0.860 0.875 0.876 0.880 0.800 0.809 0.837 0.754 0.854 0.773 0.906 1.000 0.839 0.843 0.800 0.850 0.749 0.773 0.819 0.775 0.764 0.790 0.783 0.784 0.764 0.793 0.776 0.790 0.779 0.790 0.714 0.785 0.790 0.788 0.792 0.764 0.793 0.794 0.803 0.779 0.756 0.779 0.771 0.779 0.770 0.812 0.758 0.774 0.774 0.753 0.767 0.769 0.781 0.776 0.774 0.783 0.741 0.757 0.743 0.758 0.715 0.713 0.696  
0.854 0.791 0.885 0.885 0.875 0.840 0.816 0.842 0.861 0.871 0.829 0.861 0.850 0.873 0.856 0.839 0.864 0.858 0.766 0.883 0.784 0.872 0.846 1.000 0.886 0.769 0.825 0.746 0.776 0.782 0.780 0.773 0.791 0.792 0.759 0.772 0.768 0.792 0.788 0.787 0.797 0.718 0.791 0.802 0.795 0.801 0.777 0.806 0.806 0.795 0.789 0.772 0.785 0.784 0.783 0.779 0.805 0.767 0.781 0.777 0.738 0.771 0.783 0.769 0.777 0.787 0.801 0.761 0.782 0.762 0.778 0.700 0.699 0.681  
0.830 0.787 0.856 0.836 0.860 0.806 0.810 0.839 0.847 0.858 0.832 0.850 0.838 0.870 0.853 0.827 0.832 0.850 0.791 0.861 0.802 0.855 0.848 0.884 1.000 0.771 0.824 0.752 0.787 0.788 0.788 0.772 0.791 0.792 0.756 0.762 0.767 0.783 0.792 0.785 0.798 0.711 0.784 0.797 0.782 0.800 0.767 0.798 0.805 0.801 0.787 0.768 0.786 0.775 0.792 0.781 0.802 0.763 0.778 0.774 0.739 0.767 0.781 0.768 0.768 0.777 0.790 0.743 0.766 0.746 0.761 0.700 0.704 0.690  
0.782 0.720 0.826 0.763 0.832 0.767 0.845 0.791 0.804 0.832 0.808 0.856 0.828 0.856 0.800 0.772 0.770 0.781 0.743 0.793 0.800 0.826 0.815 0.777 0.780 1.000 0.867 0.788 0.795 0.739 0.713 0.719 0.725 0.721 0.722 0.729 0.729 0.733 0.737 0.746 0.741 0.705 0.731 0.751 0.745 0.753 0.722 0.744 0.763 0.740 0.732 0.711 0.748 0.732 0.738 0.720 0.755 0.733 0.716 0.732 0.685 0.735 0.732 0.710 0.709 0.721 0.732 0.695 0.715 0.701 0.714 0.651 0.656 0.646  
0.847 0.773 0.887 0.824 0.876 0.806 0.857 0.807 0.861 0.892 0.838 0.909 0.857 0.913 0.863 0.814 0.826 0.827 0.770 0.843 0.807 0.875 0.870 0.837 0.838 0.871 1.000 0.750 0.783 0.783 0.771 0.765 0.779 0.777 0.768 0.773 0.774 0.784 0.785 0.793 0.792 0.729 0.786 0.800 0.798 0.801 0.767 0.797 0.812 0.793 0.783 0.758 0.796 0.779 0.784 0.768 0.804 0.771 0.764 0.788 0.745 0.786 0.784 0.765 0.759 0.770 0.783 0.740 0.764 0.742 0.761 0.689 0.690 0.675  
0.739 0.684 0.744 0.722 0.747 0.709 0.762 0.743 0.721 0.735 0.752 0.756 0.748 0.764 0.714 0.746 0.718 0.760 0.700 0.738 0.763 0.747 0.750 0.741 0.749 0.775 0.734 1.000 0.788 0.692 0.698 0.696 0.704 0.700 0.697 0.701 0.712 0.695 0.692 0.701 0.699 0.675 0.694 0.706 0.690 0.706 0.687 0.710 0.720 0.696 0.704 0.685 0.701 0.714 0.694 0.695 0.715 0.699 0.724 0.688 0.671 0.692 0.688 0.688 0.681 0.692 0.700 0.679 0.686 0.674 0.698 0.633 0.643 0.635  
0.798 0.726 0.788 0.772 0.791 0.744 0.793 0.772 0.766 0.780 0.789 0.792 0.787 0.803 0.759 0.791 0.755 0.781 0.730 0.793 0.783 0.792 0.783 0.780 0.793 0.791 0.776 0.798 1.000 0.735 0.726 0.728 0.735 0.733 0.710 0.727 0.734 0.733 0.716 0.724 0.728 0.675 0.738 0.733 0.739 0.730 0.729 0.751 0.744 0.743 0.729 0.710 0.725 0.735 0.717 0.725 0.737 0.712 0.731 0.711 0.685 0.710 0.726 0.714 0.706 0.718 0.728 0.688 0.717 0.700 0.711 0.660 0.664 0.652  
0.765 0.776 0.782 0.770 0.770 0.748 0.725 0.737 0.779 0.772 0.739 0.772 0.746 0.780 0.774 0.765 0.766 0.762 0.697 0.765 0.711 0.783 0.831 0.787 0.794 0.736 0.777 0.701 0.735 1.000 0.769 0.758 0.774 0.772 0.777 0.752 0.777 0.771 0.774 0.769 0.773 0.720 0.766 0.773 0.790 0.773 0.749 0.786 0.771 0.779 0.775 0.751 0.766 0.757 0.765 0.760 0.787 0.746 0.765 0.758 0.737 0.750 0.766 0.777 0.766 0.775 0.777 0.742 0.766 0.749 0.753 0.712 0.701 0.681  
0.720 0.853 0.730 0.725 0.726 0.693 0.683 0.688 0.733 0.736 0.693 0.734 0.709 0.742 0.723 0.716 0.713 0.720 0.659 0.723 0.674 0.727 0.744 0.742 0.751 0.672 0.723 0.668 0.687 0.728 1.000 0.829 0.908 0.870 0.827 0.839 0.832 0.860 0.851 0.855 0.868 0.769 0.831 0.851 0.850 0.850 0.809 0.881 0.826 0.842 0.838 0.849 0.828 0.809 0.838 0.878 0.839 0.789 0.871 0.812 0.839 0.800 0.814 0.853 0.784 0.786 0.796 0.766 0.786 0.768 0.782 0.703 0.708 0.698  
0.769 0.889 0.759 0.765 0.747 0.730 0.722 0.717 0.751 0.768 0.739 0.770 0.744 0.779 0.742 0.748 0.751 0.742 0.687 0.758 0.707 0.763 0.767 0.770 0.771 0.709 0.750 0.697 0.720 0.750 0.867 1.000 0.895 0.926 0.835 0.853 0.845 0.857 0.865 0.877 0.892 0.799 0.883 0.899 0.861 0.901 0.843 0.887 0.874 0.859 0.857 0.871 0.864 0.890 0.873 0.879 0.891 0.856 0.868 0.861 0.836 0.859 0.863 0.833 0.814 0.824 0.836 0.795 0.839 0.810 0.825 0.738 0.751 0.737  
0.736 0.883 0.741 0.736 0.731 0.703 0.696 0.694 0.732 0.747 0.712 0.748 0.724 0.757 0.725 0.729 0.724 0.728 0.665 0.732 0.685 0.737 0.759 0.754 0.756 0.685 0.731 0.675 0.697 0.734 0.910 0.856 1.000 0.901 0.834 0.846 0.849 0.860 0.860 0.863 0.896 0.773 0.870 0.884 0.859 0.884 0.845 0.891 0.850 0.867 0.850 0.870 0.842 0.836 0.847 0.899 0.878 0.824 0.891 0.845 0.858 0.833 0.822 0.842 0.808 0.805 0.817 0.772 0.809 0.789 0.807 0.713 0.715 0.699  
0.773 0.901 0.768 0.770 0.757 0.732 0.723 0.719 0.758 0.779 0.740 0.776 0.751 0.786 0.751 0.752 0.756 0.748 0.687 0.758 0.707 0.764 0.778 0.781 0.783 0.704 0.755 0.695 0.719 0.757 0.901 0.917 0.932 1.000 0.868 0.869 0.878 0.868 0.882 0.883 0.918 0.799 0.890 0.907 0.872 0.908 0.856 0.912 0.879 0.890 0.865 0.875 0.865 0.889 0.875 0.894 0.901 0.855 0.880 0.859 0.847 0.851 0.859 0.860 0.828 0.834 0.850 0.792 0.842 0.811 0.830 0.742 0.751 0.735  
0.719 0.823 0.733 0.718 0.716 0.703 0.689 0.688 0.730 0.741 0.706 0.736 0.713 0.744 0.721 0.707 0.723 0.712 0.658 0.715 0.676 0.727 0.762 0.732 0.731 0.690 0.730 0.677 0.681 0.745 0.838 0.809 0.844 0.849 1.000 0.869 0.911 0.822 0.859 0.865 0.871 0.840 0.819 0.864 0.863 0.862 0.799 0.845 0.852 0.824 0.834 0.827 0.837 0.818 0.845 0.829 0.892 0.837 0.823 0.822 0.815 0.825 0.805 0.836 0.789 0.792 0.801 0.777 0.793 0.788 0.789 0.722 0.710 0.689  
0.729 0.836 0.733 0.721 0.718 0.700 0.700 0.687 0.733 0.740 0.714 0.743 0.714 0.753 0.720 0.719 0.717 0.714 0.660 0.728 0.699 0.722 0.735 0.737 0.728 0.688 0.727 0.673 0.689 0.714 0.840 0.817 0.846 0.841 0.859 1.000 0.898 0.867 0.822 0.846 0.839 0.836 0.852 0.849 0.888 0.839 0.871 0.865 0.853 0.831 0.833 0.839 0.823 0.854 0.822 0.848 0.845 0.839 0.822 0.816 0.795 0.827 0.819 0.807 0.776 0.800 0.803 0.808 0.827 0.818 0.804 0.698 0.700 0.685  
0.732 0.838 0.736 0.723 0.722 0.704 0.699 0.687 0.724 0.745 0.711 0.743 0.722 0.754 0.713 0.717 0.716 0.718 0.654 0.724 0.689 0.732 0.767 0.737 0.737 0.692 0.732 0.688 0.700 0.741 0.839 0.814 0.854 0.855 0.906 0.904 1.000 0.837 0.826 0.831 0.841 0.778 0.848 0.844 0.850 0.836 0.850 0.863 0.840 0.858 0.816 0.809 0.806 0.838 0.814 0.835 0.863 0.818 0.821 0.799 0.801 0.803 0.795 0.821 0.787 0.788 0.797 0.754 0.798 0.791 0.782 0.722 0.715 0.693  
0.729 0.839 0.740 0.731 0.726 0.719 0.691 0.688 0.740 0.738 0.707 0.742 0.713 0.753 0.730 0.719 0.720 0.731 0.659 0.735 0.681 0.726 0.740 0.749 0.742 0.686 0.731 0.661 0.690 0.725 0.855 0.814 0.854 0.832 0.806 0.859 0.825 1.000 0.823 0.856 0.845 0.790 0.843 0.850 0.876 0.840 0.861 0.897 0.840 0.834 0.871 0.841 0.830 0.821 0.815 0.838 0.837 0.811 0.839 0.826 0.804 0.819 0.837 0.807 0.781 0.802 0.807 0.781 0.800 0.791 0.789 0.731 0.724 0.711  
0.740 0.853 0.754 0.742 0.740 0.724 0.716 0.709 0.751 0.772 0.729 0.769 0.735 0.778 0.746 0.730 0.744 0.729 0.680 0.739 0.690 0.748 0.767 0.758 0.764 0.702 0.745 0.671 0.686 0.740 0.861 0.836 0.868 0.861 0.858 0.829 0.828 0.838 1.000 0.901 0.905 0.823 0.850 0.903 0.865 0.914 0.822 0.879 0.896 0.855 0.886 0.859 0.884 0.821 0.908 0.850 0.927 0.859 0.849 0.869 0.831 0.862 0.839 0.855 0.838 0.835 0.850 0.800 0.824 0.807 0.820 0.730 0.731 0.714  
0.745 0.857 0.755 0.742 0.741 0.725 0.717 0.711 0.751 0.766 0.734 0.769 0.732 0.779 0.740 0.738 0.739 0.736 0.684 0.740 0.702 0.744 0.757 0.759 0.759 0.712 0.753 0.680 0.694 0.737 0.866 0.849 0.873 0.863 0.865 0.855 0.835 0.873 0.902 1.000 0.917 0.837 0.847 0.923 0.875 0.912 0.835 0.878 0.912 0.843 0.884 0.885 0.892 0.847 0.883 0.847 0.912 0.871 0.850 0.897 0.836 0.897 0.856 0.855 0.811 0.834 0.841 0.802 0.824 0.815 0.820 0.724 0.726 0.710  
0.752 0.877 0.759 0.751 0.747 0.727 0.719 0.712 0.752 0.774 0.736 0.773 0.742 0.784 0.744 0.739 0.747 0.740 0.683 0.747 0.697 0.753 0.767 0.767 0.769 0.707 0.751 0.677 0.696 0.740 0.878 0.862 0.905 0.897 0.869 0.847 0.844 0.860 0.905 0.916 1.000 0.818 0.877 0.954 0.874 0.957 0.846 0.883 0.903 0.865 0.885 0.885 0.895 0.851 0.908 0.888 0.923 0.873 0.855 0.895 0.857 0.886 0.859 0.851 0.817 0.821 0.840 0.795 0.822 0.795 0.826 0.726 0.725 0.708  
0.677 0.773 0.689 0.677 0.679 0.675 0.670 0.669 0.702 0.694 0.689 0.701 0.676 0.705 0.687 0.682 0.686 0.676 0.643 0.682 0.684 0.679 0.692 0.691 0.686 0.671 0.692 0.653 0.646 0.689 0.778 0.772 0.780 0.780 0.838 0.843 0.780 0.803 0.823 0.835 0.818 1.000 0.771 0.820 0.833 0.822 0.780 0.806 0.815 0.748 0.819 0.813 0.814 0.795 0.818 0.792 0.823 0.852 0.779 0.804 0.772 0.817 0.790 0.778 0.753 0.775 0.774 0.779 0.796 0.795 0.774 0.678 0.677 0.661  
0.745 0.867 0.744 0.741 0.730 0.704 0.705 0.688 0.733 0.752 0.718 0.761 0.729 0.768 0.726 0.729 0.729 0.724 0.661 0.734 0.689 0.734 0.749 0.748 0.744 0.685 0.733 0.661 0.695 0.721 0.827 0.840 0.864 0.855 0.804 0.846 0.837 0.844 0.836 0.831 0.863 0.759 1.000 0.863 0.889 0.856 0.901 0.878 0.878 0.890 0.829 0.827 0.818 0.829 0.831 0.849 0.868 0.816 0.814 0.816 0.781 0.810 0.807 0.800 0.788 0.798 0.808 0.762 0.810 0.783 0.796 0.698 0.697 0.680  
0.756 0.880 0.764 0.753 0.749 0.729 0.726 0.714 0.754 0.779 0.740 0.781 0.745 0.790 0.746 0.745 0.750 0.743 0.688 0.748 0.703 0.755 0.765 0.770 0.767 0.714 0.757 0.682 0.700 0.738 0.858 0.866 0.890 0.883 0.860 0.854 0.845 0.863 0.900 0.920 0.951 0.818 0.876 1.000 0.875 0.966 0.854 0.885 0.915 0.859 0.894 0.893 0.901 0.854 0.903 0.871 0.922 0.878 0.870 0.890 0.837 0.892 0.865 0.850 0.818 0.830 0.846 0.802 0.833 0.802 0.833 0.724 0.725 0.705  
0.741 0.851 0.748 0.739 0.731 0.714 0.701 0.690 0.757 0.753 0.716 0.759 0.724 0.768 0.742 0.724 0.741 0.726 0.667 0.743 0.688 0.737 0.748 0.748 0.739 0.695 0.741 0.655 0.693 0.740 0.842 0.815 0.849 0.834 0.843 0.877 0.834 0.873 0.847 0.855 0.855 0.816 0.885 0.858 1.000 0.846 0.867 0.880 0.848 0.857 0.841 0.825 0.837 0.821 0.835 0.836 0.858 0.818 0.824 0.816 0.782 0.806 0.834 0.822 0.794 0.814 0.822 0.788 0.812 0.795 0.805 0.699 0.698 0.681  
0.755 0.878 0.764 0.754 0.751 0.730 0.728 0.717 0.754 0.780 0.742 0.781 0.747 0.791 0.747 0.744 0.750 0.742 0.688 0.748 0.704 0.756 0.767 0.769 0.770 0.716 0.758 0.683 0.698 0.739 0.858 0.869 0.891 0.885 0.859 0.845 0.838 0.853 0.912 0.909 0.955 0.820 0.869 0.966 0.862 1.000 0.843 0.880 0.925 0.860 0.880 0.890 0.906 0.858 0.926 0.878 0.934 0.883 0.858 0.902 0.837 0.903 0.867 0.848 0.815 0.828 0.843 0.799 0.828 0.802 0.829 0.725 0.727 0.706  
0.721 0.837 0.724 0.718 0.713 0.700 0.690 0.676 0.713 0.729 0.702 0.734 0.704 0.744 0.704 0.711 0.706 0.709 0.645 0.721 0.685 0.711 0.726 0.733 0.725 0.674 0.713 0.653 0.684 0.702 0.802 0.799 0.836 0.819 0.781 0.861 0.836 0.858 0.805 0.817 0.829 0.765 0.898 0.839 0.868 0.828 1.000 0.857 0.857 0.874 0.823 0.821 0.804 0.825 0.811 0.829 0.835 0.820 0.801 0.805 0.756 0.814 0.801 0.783 0.765 0.783 0.790 0.761 0.800 0.786 0.784 0.698 0.695 0.677  
0.751 0.885 0.755 0.747 0.742 0.717 0.712 0.704 0.747 0.758 0.728 0.765 0.735 0.775 0.740 0.742 0.742 0.740 0.679 0.752 0.697 0.750 0.759 0.765 0.760 0.699 0.746 0.679 0.709 0.742 0.879 0.846 0.888 0.878 0.832 0.861 0.855 0.901 0.867 0.865 0.872 0.795 0.881 0.875 0.887 0.869 0.863 1.000 0.863 0.869 0.885 0.841 0.853 0.844 0.846 0.859 0.874 0.835 0.868 0.831 0.812 0.822 0.843 0.841 0.830 0.829 0.851 0.793 0.841 0.814 0.829 0.714 0.710 0.696  
0.760 0.835 0.767 0.752 0.753 0.728 0.736 0.720 0.751 0.782 0.748 0.791 0.746 0.794 0.743 0.756 0.746 0.747 0.699 0.748 0.720 0.755 0.765 0.770 0.771 0.722 0.765 0.693 0.708 0.733 0.829 0.839 0.853 0.853 0.845 0.855 0.837 0.850 0.890 0.905 0.897 0.810 0.887 0.911 0.861 0.920 0.869 0.869 1.000 0.877 0.874 0.856 0.899 0.860 0.889 0.843 0.923 0.872 0.836 0.883 0.809 0.885 0.856 0.837 0.803 0.821 0.837 0.799 0.827 0.797 0.832 0.722 0.719 0.703  
0.741 0.854 0.746 0.736 0.737 0.704 0.709 0.692 0.733 0.762 0.717 0.758 0.732 0.768 0.727 0.727 0.728 0.722 0.661 0.739 0.694 0.741 0.767 0.752 0.760 0.693 0.740 0.663 0.700 0.733 0.838 0.816 0.861 0.855 0.809 0.824 0.846 0.835 0.841 0.828 0.851 0.735 0.890 0.847 0.861 0.847 0.878 0.867 0.868 1.000 0.820 0.804 0.819 0.813 0.834 0.841 0.866 0.805 0.818 0.815 0.780 0.803 0.809 0.817 0.795 0.791 0.805 0.745 0.792 0.780 0.782 0.712 0.711 0.693  
0.738 0.839 0.748 0.739 0.736 0.717 0.704 0.702 0.741 0.749 0.722 0.757 0.723 0.766 0.738 0.733 0.734 0.734 0.681 0.735 0.691 0.737 0.753 0.756 0.756 0.695 0.739 0.679 0.694 0.738 0.844 0.825 0.855 0.841 0.829 0.837 0.815 0.883 0.882 0.879 0.881 0.816 0.839 0.892 0.856 0.877 0.836 0.893 0.876 0.830 1.000 0.861 0.870 0.838 0.863 0.841 0.874 0.851 0.860 0.857 0.823 0.848 0.856 0.842 0.823 0.841 0.838 0.822 0.836 0.820 0.827 0.727 0.720 0.707  
0.717 0.849 0.727 0.719 0.715 0.697 0.688 0.687 0.724 0.734 0.707 0.737 0.706 0.743 0.712 0.718 0.712 0.714 0.658 0.714 0.679 0.716 0.732 0.742 0.740 0.676 0.718 0.663 0.678 0.717 0.857 0.841 0.877 0.852 0.824 0.845 0.810 0.855 0.857 0.882 0.883 0.812 0.839 0.894 0.841 0.890 0.836 0.851 0.860 0.816 0.863 1.000 0.854 0.840 0.866 0.883 0.867 0.860 0.864 0.861 0.852 0.865 0.835 0.836 0.785 0.813 0.813 0.793 0.811 0.799 0.806 0.705 0.701 0.683  
0.747 0.845 0.760 0.743 0.746 0.723 0.725 0.713 0.751 0.768 0.735 0.779 0.736 0.784 0.741 0.743 0.745 0.738 0.692 0.742 0.704 0.751 0.762 0.762 0.765 0.719 0.762 0.685 0.700 0.739 0.845 0.842 0.858 0.852 0.842 0.838 0.816 0.853 0.891 0.898 0.903 0.821 0.839 0.911 0.863 0.916 0.828 0.873 0.913 0.840 0.882 0.863 1.000 0.852 0.916 0.860 0.900 0.887 0.856 0.888 0.832 0.881 0.877 0.848 0.814 0.826 0.840 0.801 0.816 0.804 0.834 0.729 0.729 0.712  
0.779 0.850 0.766 0.768 0.752 0.728 0.727 0.719 0.751 0.769 0.749 0.778 0.749 0.789 0.741 0.758 0.754 0.748 0.693 0.754 0.721 0.755 0.767 0.774 0.766 0.715 0.757 0.709 0.721 0.742 0.838 0.882 0.865 0.890 0.837 0.883 0.862 0.856 0.842 0.867 0.872 0.815 0.864 0.878 0.860 0.881 0.863 0.877 0.887 0.848 0.863 0.862 0.865 1.000 0.856 0.869 0.878 0.881 0.855 0.854 0.819 0.869 0.879 0.830 0.819 0.835 0.842 0.808 0.850 0.831 0.835 0.740 0.743 0.730  
0.736 0.870 0.748 0.736 0.739 0.715 0.717 0.708 0.742 0.763 0.727 0.767 0.733 0.773 0.734 0.730 0.738 0.726 0.682 0.733 0.695 0.745 0.757 0.755 0.765 0.704 0.745 0.674 0.687 0.733 0.848 0.845 0.856 0.856 0.845 0.831 0.818 0.831 0.909 0.883 0.909 0.820 0.846 0.907 0.855 0.929 0.828 0.858 0.896 0.849 0.867 0.868 0.909 0.836 1.000 0.882 0.910 0.887 0.846 0.880 0.821 0.876 0.855 0.837 0.808 0.818 0.830 0.788 0.811 0.797 0.824 0.717 0.718 0.700  
0.726 0.867 0.731 0.724 0.723 0.694 0.694 0.691 0.725 0.738 0.707 0.740 0.717 0.749 0.717 0.720 0.718 0.717 0.660 0.724 0.683 0.727 0.742 0.744 0.748 0.682 0.724 0.669 0.689 0.722 0.882 0.844 0.901 0.867 0.822 0.850 0.832 0.847 0.844 0.840 0.882 0.787 0.858 0.867 0.849 0.873 0.840 0.865 0.843 0.850 0.839 0.879 0.847 0.842 0.875 1.000 0.856 0.843 0.862 0.838 0.841 0.839 0.838 0.823 0.790 0.798 0.810 0.777 0.805 0.787 0.811 0.703 0.701 0.688  
0.763 0.868 0.770 0.759 0.755 0.735 0.731 0.723 0.756 0.781 0.750 0.787 0.752 0.795 0.750 0.752 0.758 0.746 0.697 0.753 0.709 0.761 0.789 0.775 0.774 0.720 0.763 0.693 0.706 0.753 0.849 0.861 0.887 0.880 0.891 0.853 0.866 0.852 0.927 0.911 0.924 0.824 0.883 0.925 0.877 0.936 0.853 0.887 0.930 0.881 0.879 0.869 0.892 0.856 0.909 0.862 1.000 0.888 0.861 0.891 0.838 0.883 0.849 0.854 0.832 0.837 0.848 0.793 0.829 0.810 0.835 0.733 0.731 0.713  
0.737 0.840 0.740 0.728 0.726 0.710 0.716 0.705 0.728 0.752 0.735 0.761 0.727 0.767 0.719 0.731 0.736 0.722 0.684 0.728 0.710 0.731 0.745 0.748 0.746 0.708 0.740 0.686 0.690 0.723 0.808 0.838 0.843 0.846 0.846 0.858 0.832 0.836 0.870 0.881 0.884 0.863 0.840 0.892 0.846 0.896 0.848 0.858 0.889 0.829 0.866 0.873 0.891 0.871 0.897 0.859 0.899 1.000 0.834 0.871 0.808 0.893 0.841 0.814 0.802 0.816 0.830 0.796 0.840 0.829 0.834 0.712 0.711 0.695  
0.717 0.841 0.727 0.719 0.719 0.688 0.685 0.686 0.721 0.726 0.701 0.734 0.709 0.740 0.712 0.721 0.716 0.726 0.665 0.718 0.679 0.722 0.743 0.743 0.743 0.675 0.717 0.694 0.692 0.724 0.872 0.830 0.890 0.850 0.812 0.820 0.814 0.845 0.840 0.839 0.846 0.771 0.819 0.862 0.832 0.851 0.809 0.871 0.833 0.823 0.854 0.856 0.839 0.825 0.836 0.858 0.851 0.814 1.000 0.818 0.837 0.808 0.818 0.826 0.796 0.805 0.818 0.774 0.799 0.796 0.812 0.703 0.712 0.698  
0.745 0.844 0.756 0.739 0.738 0.722 0.718 0.707 0.745 0.767 0.737 0.773 0.734 0.781 0.735 0.735 0.737 0.733 0.679 0.738 0.694 0.746 0.760 0.756 0.755 0.706 0.757 0.675 0.689 0.734 0.830 0.842 0.863 0.848 0.830 0.833 0.811 0.851 0.879 0.906 0.906 0.813 0.840 0.903 0.843 0.914 0.831 0.853 0.899 0.839 0.871 0.873 0.891 0.843 0.889 0.854 0.901 0.870 0.837 1.000 0.851 0.934 0.847 0.824 0.806 0.826 0.830 0.793 0.818 0.807 0.827 0.718 0.714 0.695  
0.710 0.829 0.721 0.711 0.708 0.691 0.676 0.677 0.714 0.722 0.696 0.725 0.700 0.734 0.707 0.708 0.704 0.710 0.648 0.707 0.663 0.714 0.746 0.725 0.728 0.667 0.722 0.663 0.670 0.720 0.866 0.825 0.885 0.845 0.830 0.819 0.821 0.835 0.848 0.852 0.875 0.789 0.811 0.857 0.816 0.857 0.788 0.840 0.831 0.810 0.844 0.872 0.843 0.816 0.837 0.865 0.855 0.815 0.864 0.859 1.000 0.861 0.814 0.843 0.792 0.790 0.797 0.773 0.788 0.776 0.793 0.717 0.715 0.695  
0.734 0.837 0.745 0.728 0.729 0.712 0.715 0.701 0.733 0.757 0.729 0.761 0.726 0.770 0.723 0.728 0.728 0.722 0.673 0.727 0.697 0.734 0.750 0.748 0.746 0.706 0.751 0.676 0.684 0.723 0.815 0.837 0.847 0.838 0.829 0.841 0.812 0.840 0.868 0.903 0.893 0.823 0.830 0.901 0.830 0.911 0.837 0.839 0.897 0.823 0.858 0.873 0.880 0.855 0.882 0.851 0.890 0.888 0.823 0.930 0.850 1.000 0.839 0.814 0.794 0.815 0.821 0.795 0.816 0.807 0.816 0.717 0.713 0.691  
0.779 0.848 0.770 0.773 0.757 0.736 0.728 0.717 0.764 0.770 0.743 0.784 0.743 0.794 0.755 0.759 0.756 0.751 0.693 0.755 0.713 0.757 0.770 0.778 0.778 0.720 0.768 0.688 0.717 0.757 0.850 0.862 0.858 0.867 0.830 0.854 0.824 0.880 0.867 0.883 0.887 0.816 0.848 0.895 0.880 0.897 0.844 0.883 0.890 0.850 0.887 0.864 0.898 0.886 0.882 0.872 0.877 0.858 0.854 0.864 0.823 0.860 1.000 0.847 0.828 0.844 0.853 0.818 0.834 0.815 0.831 0.764 0.759 0.749  
0.724 0.823 0.731 0.725 0.718 0.693 0.682 0.681 0.727 0.736 0.699 0.737 0.707 0.745 0.719 0.713 0.717 0.718 0.655 0.716 0.668 0.728 0.756 0.739 0.739 0.675 0.725 0.666 0.682 0.742 0.861 0.804 0.848 0.838 0.832 0.813 0.823 0.820 0.854 0.852 0.850 0.777 0.812 0.851 0.838 0.848 0.797 0.851 0.841 0.829 0.844 0.836 0.839 0.808 0.834 0.827 0.852 0.802 0.833 0.813 0.824 0.806 0.818 1.000 0.813 0.810 0.825 0.783 0.798 0.775 0.805 0.726 0.709 0.693  
0.741 0.818 0.744 0.742 0.727 0.712 0.693 0.686 0.734 0.743 0.718 0.747 0.724 0.759 0.734 0.720 0.735 0.727 0.661 0.734 0.675 0.736 0.758 0.753 0.745 0.680 0.725 0.664 0.680 0.738 0.798 0.792 0.821 0.814 0.792 0.789 0.795 0.801 0.844 0.816 0.823 0.758 0.806 0.825 0.817 0.822 0.786 0.847 0.814 0.814 0.833 0.792 0.812 0.804 0.813 0.801 0.837 0.797 0.810 0.802 0.780 0.794 0.807 0.820 1.000 0.926 0.933 0.859 0.849 0.808 0.865 0.704 0.702 0.680  
0.741 0.819 0.746 0.743 0.731 0.718 0.700 0.694 0.739 0.746 0.723 0.751 0.724 0.761 0.737 0.727 0.734 0.733 0.671 0.739 0.687 0.736 0.750 0.756 0.748 0.686 0.730 0.669 0.686 0.740 0.794 0.795 0.812 0.813 0.789 0.806 0.790 0.815 0.833 0.831 0.820 0.774 0.810 0.831 0.830 0.828 0.798 0.839 0.825 0.803 0.843 0.813 0.818 0.813 0.816 0.802 0.835 0.804 0.812 0.816 0.773 0.808 0.816 0.811 0.919 1.000 0.941 0.855 0.843 0.817 0.852 0.703 0.702 0.684  
0.755 0.832 0.758 0.752 0.741 0.721 0.712 0.702 0.746 0.759 0.734 0.767 0.737 0.776 0.743 0.737 0.747 0.742 0.678 0.749 0.696 0.748 0.758 0.769 0.761 0.697 0.742 0.677 0.696 0.743 0.804 0.807 0.824 0.828 0.798 0.809 0.798 0.820 0.849 0.839 0.838 0.773 0.820 0.847 0.838 0.843 0.805 0.862 0.842 0.818 0.841 0.813 0.832 0.820 0.828 0.814 0.847 0.818 0.826 0.819 0.779 0.813 0.824 0.825 0.925 0.941 1.000 0.856 0.850 0.808 0.877 0.699 0.696 0.678  
0.716 0.795 0.721 0.720 0.704 0.700 0.678 0.672 0.720 0.724 0.701 0.724 0.701 0.735 0.720 0.699 0.712 0.713 0.644 0.717 0.670 0.711 0.719 0.732 0.717 0.663 0.702 0.659 0.659 0.710 0.775 0.769 0.780 0.773 0.775 0.816 0.757 0.796 0.800 0.802 0.795 0.780 0.776 0.805 0.806 0.801 0.777 0.804 0.804 0.758 0.826 0.795 0.795 0.788 0.788 0.782 0.793 0.786 0.782 0.784 0.757 0.789 0.793 0.785 0.853 0.857 0.857 1.000 0.851 0.827 0.898 0.686 0.681 0.660  
0.737 0.839 0.732 0.735 0.715 0.707 0.694 0.684 0.723 0.741 0.719 0.746 0.715 0.752 0.719 0.723 0.736 0.715 0.662 0.726 0.687 0.723 0.731 0.749 0.734 0.678 0.721 0.661 0.683 0.729 0.791 0.806 0.812 0.818 0.787 0.830 0.796 0.810 0.820 0.819 0.818 0.792 0.820 0.831 0.825 0.825 0.813 0.849 0.828 0.801 0.836 0.808 0.804 0.825 0.806 0.806 0.824 0.825 0.803 0.804 0.767 0.805 0.803 0.795 0.839 0.839 0.847 0.846 1.000 0.865 0.857 0.688 0.676 0.661  
0.715 0.814 0.720 0.713 0.702 0.699 0.682 0.677 0.715 0.725 0.708 0.730 0.702 0.736 0.713 0.709 0.723 0.703 0.653 0.717 0.682 0.710 0.724 0.736 0.723 0.671 0.706 0.655 0.673 0.719 0.780 0.786 0.800 0.795 0.789 0.828 0.797 0.809 0.810 0.816 0.798 0.798 0.799 0.807 0.816 0.806 0.805 0.829 0.806 0.796 0.827 0.803 0.800 0.814 0.799 0.795 0.813 0.822 0.808 0.800 0.763 0.804 0.792 0.779 0.805 0.822 0.812 0.830 0.872 1.000 0.825 0.704 0.701 0.682  
0.736 0.828 0.735 0.733 0.718 0.702 0.694 0.684 0.722 0.738 0.720 0.748 0.720 0.754 0.717 0.721 0.732 0.728 0.666 0.729 0.683 0.726 0.736 0.748 0.733 0.680 0.721 0.676 0.680 0.720 0.791 0.797 0.815 0.810 0.787 0.811 0.784 0.803 0.819 0.818 0.826 0.774 0.809 0.835 0.822 0.830 0.800 0.840 0.837 0.794 0.830 0.807 0.826 0.814 0.823 0.816 0.834 0.823 0.821 0.817 0.776 0.809 0.804 0.806 0.858 0.853 0.878 0.897 0.861 0.822 1.000 0.678 0.671 0.653  
0.703 0.744 0.706 0.709 0.693 0.700 0.680 0.669 0.699 0.707 0.675 0.700 0.679 0.711 0.703 0.685 0.690 0.698 0.631 0.695 0.652 0.703 0.734 0.713 0.715 0.656 0.692 0.649 0.668 0.721 0.753 0.755 0.762 0.767 0.763 0.745 0.766 0.787 0.772 0.766 0.768 0.717 0.751 0.769 0.756 0.769 0.754 0.766 0.769 0.767 0.772 0.747 0.765 0.764 0.758 0.750 0.775 0.744 0.752 0.751 0.743 0.753 0.783 0.770 0.741 0.746 0.740 0.726 0.732 0.743 0.718 1.000 0.874 0.842  
0.711 0.749 0.716 0.719 0.703 0.708 0.688 0.680 0.711 0.715 0.682 0.709 0.688 0.722 0.710 0.691 0.694 0.703 0.639 0.704 0.663 0.709 0.735 0.715 0.721 0.664 0.696 0.662 0.675 0.712 0.761 0.771 0.767 0.779 0.752 0.750 0.762 0.782 0.776 0.770 0.770 0.719 0.752 0.772 0.757 0.773 0.754 0.764 0.768 0.768 0.768 0.746 0.768 0.770 0.762 0.749 0.776 0.745 0.765 0.750 0.744 0.751 0.781 0.754 0.741 0.746 0.741 0.723 0.722 0.742 0.713 0.877 1.000 0.877  
0.699 0.731 0.698 0.703 0.693 0.691 0.674 0.672 0.694 0.697 0.671 0.696 0.674 0.705 0.693 0.683 0.679 0.690 0.635 0.692 0.661 0.693 0.721 0.699 0.710 0.657 0.683 0.657 0.666 0.695 0.753 0.760 0.754 0.766 0.734 0.737 0.742 0.772 0.762 0.756 0.755 0.705 0.737 0.754 0.742 0.755 0.737 0.753 0.755 0.752 0.758 0.730 0.753 0.760 0.746 0.739 0.760 0.732 0.753 0.732 0.726 0.731 0.774 0.740 0.721 0.731 0.724 0.704 0.709 0.725 0.697 0.849 0.881 1.000  
