   1.494    2.963   -1.292    1.436   -2.204  
  -3.005    1.042    1.151    2.944   -1.231  
   1.209   -2.283   -3.026    2.306    1.920  
   3.029   -1.233    0.763   -2.095   -2.814  
   2.314    1.278    3.012   -1.433    1.830  
  -2.308    2.978    1.197    2.657   -3.084  
  -1.532    1.178   -2.343    3.028    1.105  
  -2.006   -2.557   -1.425    1.084   -2.292  
   3.042    0.980   -0.888   -2.255   -1.382  
   0.943   -2.328    2.890    0.587   -1.675  
  -2.336   -1.161    1.435   -2.056    3.107  
   0.625   -2.248   -2.576   -1.227    1.054  
  -2.224   -3.072    2.318   -1.110   -2.216  
  -1.443    0.975   -2.370   -2.401   -1.770  
  -3.001   -2.726   -1.328    0.941   -2.580  
   2.791    0.748    1.830   -3.023   -1.244  
   1.386   -2.333   -2.394    3.006    1.775  
   3.123   -1.579    1.358   -2.517   -2.742  
  -1.207    1.277    2.989   -1.649    0.726  
  -2.576   -2.435   -2.279    2.514   -2.795  
  -1.604    0.891   -2.912   -2.912    2.783  
  -2.336   -2.599   -1.511    1.372    3.105  
  -2.757   -2.760   -0.919   -2.486   -1.427  
   1.081   -2.294   -2.664    2.059   -2.188  
  -2.456   -1.290    1.009   -2.647    2.903  
   1.155   -1.313   -2.033   -1.202    1.185  
  -2.447   -2.898    2.418   -1.768   -2.487  
  -1.383    0.950   -2.514   -2.625   -2.815  
  -1.493   -2.697   -1.343    1.188   -2.219  
  -2.244   -2.824   -1.532   -2.428   -1.128  
   1.250   -2.709   -2.982    2.884   -1.255  
  -2.423   -1.275    0.857   -2.575   -3.065  
   1.701   -1.863   -2.436   -1.335    1.445  
  -2.770    2.835    1.107   -1.362   -2.480  
  -1.579    1.220   -2.931    2.956    0.981  
  -1.853   -2.289   -1.469    1.285   -2.959  
   2.840    1.258   -1.423   -2.311   -1.506  
   1.315    2.982    2.960    1.547   -1.590  
  -2.472   -1.455    1.083    3.089    2.708  
   0.873   -2.033   -2.491   -1.359    0.793  
  -2.838    2.916    1.091   -0.988   -2.124  
  -1.247    0.923   -2.820   -3.051    1.764  
  -1.170   -2.477   -1.434    1.214   -2.830  
   3.093    1.961    3.080   -3.051   -1.699  
   1.315   -2.506   -3.083    1.259    2.362  
  -3.117   -1.812    0.917   -2.543    2.891  
   1.299    1.937    3.097   -1.835    0.766  
  -2.354    3.061    1.391    1.586    3.138  
  -1.706    1.049   -2.453   -2.897    2.276  
   1.856    2.990   -1.765    1.055   -2.645  
   3.053    1.699    1.187    3.041   -1.493  
   0.831   -2.139   -3.033    1.504    1.065  
   3.033   -1.319    1.142   -2.386   -2.678  
   2.980    1.833    3.061   -1.306    1.130  
  -2.314   -2.173   -2.089    1.697    2.937  
  -1.511    1.098   -2.719   -2.788   -0.980  
   1.542    3.052   -1.825    1.273   -2.810  
  -3.078    0.304    1.632    3.014   -1.582  
   1.039   -2.961    2.684    0.951    1.439  
   2.744   -1.582    1.168   -2.859    3.065  
   1.373    1.676    2.627   -1.810    1.307  
  -2.758    3.050    0.827    1.630    2.880  
  -2.019    1.207   -2.448   -3.087    1.020  
   1.713    2.994   -2.289    0.803   -2.635  
   3.018    1.126    2.457    2.959   -2.053  
   0.829   -2.570   -3.040    1.836    1.558  
   3.010   -1.809    1.205   -2.811    3.033  
   1.614    1.034    3.039   -1.774    1.512  
  -2.720    3.082    0.319    2.008    2.788  
  -1.855    1.015   -2.631    3.027    0.674  
   2.100    2.880   -2.012    0.773   -2.965  
   2.883    1.529    0.890    3.097   -1.475  
   1.169   -2.465   -3.062    0.990    1.849  
  -3.118   -1.411    1.391   -2.854    3.001  
   0.926   -2.815   -2.865   -1.692    0.882  
   3.131    2.952    1.383   -1.694   -2.560  
  -1.682    0.676   -2.957    2.888    0.912  
  -1.716   -2.626   -1.815    1.186   -2.825  
   2.984    0.439   -2.075   -2.946   -2.488  
   0.940    3.053    2.991    0.499   -2.917  
  -2.999   -2.837    0.424    2.496    2.430  
   1.283   -1.966   -3.048   -2.562    0.522  
  -2.996    2.799    1.164   -1.353   -2.791  
  -2.232    0.971   -2.864    3.043    1.128  
  -1.331   -2.695   -2.345    1.034   -3.068  
   2.822    0.890   -1.316   -2.660   -2.395  
   0.897   -2.626   -2.424   -0.867   -1.440  
  -2.961   -2.474    0.649   -2.556   -2.600  
  -1.294   -1.662   -2.885   -2.484    0.750  
  -2.545   -2.217   -2.379   -1.849   -2.866  
  -2.497    0.816   -3.085   -2.830   -2.661  
  -1.659   -2.737   -2.570    1.038   -2.977  
  -2.338   -2.849   -1.637   -2.981   -2.425  
   1.108   -2.667   -2.557    3.030   -1.657  
  -2.889   -2.968    1.069   -2.851   -2.561  
   2.556   -2.265   -2.969   -2.632    0.971  
  -2.750   -2.841    2.533   -1.913   -3.097  
   3.067    1.036   -2.890   -2.495    2.612  
  -2.612    2.693    2.934    0.769   -2.991  
  -3.001    2.108   -1.954   -3.049   -3.047  
   0.869   -2.962   -3.005    1.512   -1.073  
  -2.840   -2.827    1.055   -2.849    3.132  
   1.728   -0.794   -2.911   -2.887    1.048  
  -2.702   -3.047    1.651   -1.068   -2.976  
  -2.158    0.547   -2.186   -2.929    1.801  
  -1.274   -2.778   -2.319    1.132   -2.585  
  -3.074    1.783   -1.266   -2.932   -2.999  
   1.117   -2.944   -2.826    2.057   -1.976  
   3.033   -3.007    0.719    3.059    3.098  
   1.876   -2.536   -2.870   -2.784    0.893  
   2.973    2.870    1.739   -1.954   -2.859  
  -2.977    1.146    3.017    3.114    1.681  
  -1.185   -3.101   -2.926    0.821    2.893  
   2.745    1.268   -1.596   -3.007   -2.960  
   0.631   -2.991   -2.828    1.320    2.544  
   2.683   -3.120    0.867    3.128    3.001  
   2.102    1.009    2.435    3.136    1.034  
  -2.626   -3.034    1.268    1.062    2.387  
  -2.987    0.996   -2.723    2.849    1.359  
   1.278    2.513   -2.632    0.993   -2.548  
  -3.106    1.654    1.390    2.332   -2.788  
   0.943   -2.865    3.085    1.960    1.388  
   2.787    3.084    0.949    2.883   -2.927  
   1.976    1.171    2.669   -2.576    0.946  
   2.807    2.938    2.197    1.694    2.649  
  -2.143    0.865   -3.052    3.085    1.371  
   1.109    2.709   -1.991    1.025   -2.946  
  -2.976    2.299    1.222    2.716   -2.048  
   0.980   -2.742   -2.878    2.105    1.845  
   2.863   -1.895    1.474   -2.689    2.813  
   0.875    1.488    2.694   -1.735    0.496  
  -2.495    2.970    1.247    1.985    2.740  
  -1.844    1.350   -2.686   -2.981    1.943  
   1.893    2.794   -1.843    0.986   -2.796  
   3.038    1.485    1.263    2.992   -1.641  
   1.021   -2.850    3.077    1.556    1.880  
   2.982   -1.598    0.460   -2.664    3.098  
   1.251    1.552    2.768   -1.572    1.278  
  -2.444    3.099    0.801    1.481    2.987  
  -1.508    0.771   -2.571   -3.078    1.391  
   2.295    3.112   -1.591    1.064   -2.800  
  -3.132    2.223    0.935    2.885   -1.588  
   1.149   -2.439   -2.463    2.900    1.047  
   2.768   -1.758    1.129   -2.515   -2.368  
  -2.122    1.989    3.007   -1.480    1.171  
  -2.347   -2.347   -2.817    2.891   -2.826  
  -1.216    1.017   -2.682   -2.659   -2.851  
   1.659    3.013   -1.273    1.152   -2.814  
  -2.492   -2.904    0.767   -3.005   -1.449  
   1.251   -2.924   -2.430   -2.518   -0.232  
  -2.633   -1.485    1.135   -2.775   -2.156  
  -2.539    0.404   -3.040   -1.435    1.075  
  -2.791   -2.473   -2.657    1.349   -3.127  
  -1.477    1.397   -2.782   -2.371   -2.449  
  -3.089   -2.539   -1.391    1.362   -2.707  
  -2.276   -2.543   -1.027   -2.479   -1.422  
   1.025   -3.080   -2.653    2.953   -2.165  
  -2.844   -1.400    0.972    2.972   -2.621  
  -3.034   -1.656   -2.538   -1.552    1.520  
   2.895   -2.735   -2.897   -2.586   -2.883  
  -1.376    0.776   -3.099   -2.918    2.432  
  -1.453   -2.556   -1.368    0.961   -2.921  
  -2.913    2.390   -2.651   -2.638   -1.478  
   1.538   -3.082   -2.617   -2.874    1.781  
   3.072   -1.614    1.004    2.725   -2.938  
  -2.611    1.217    3.074   -1.609    0.668  
   2.752   -2.659   -2.983    1.742    2.935  
  -1.497    1.467    2.961   -2.718   -2.640  
  -3.127   -2.668   -1.698    0.866    3.024  
  -2.627   -2.195    2.891   -2.988   -1.532  
   0.895    3.085   -2.782   -2.984    1.069  
  -3.007   -1.246    1.793   -3.102   -2.567  
  -2.972   -0.182   -2.726   -1.332    0.900  
   2.436   -2.907   -2.631   -0.690   -1.969  
  -1.312    1.108    2.934   -2.427   -2.526  
  -1.437   -2.479   -1.152    1.362    3.027  
  -2.691   -2.960   -1.415   -2.304   -1.211  
   1.938   -2.821   -2.293   -2.507   -1.401  
  -2.212   -1.243    0.809   -3.080   -2.812  
   3.026   -2.054   -2.564   -1.234    1.090  
  -2.916   -2.419   -2.653   -1.657   -2.252  
  -1.183    2.001   -2.889   -2.317   -2.732  
  -2.682   -2.770   -1.354    1.360   -3.133  
  -2.832   -2.785    1.740    3.079   -1.310  
   1.448   -2.650   -2.596   -3.131    0.914  
  -2.830   -1.096    0.789   -2.575   -2.667  
   2.872    0.118   -2.771   -1.020    1.721  
  -3.079   -3.048   -2.899    0.023   -2.774  
  -1.439    1.198   -2.491   -2.081   -2.754  
  -0.251   -2.668   -1.348    1.186   -2.743  
  -2.645    3.116    0.508   -2.862   -1.298  
   0.922   -2.891   -2.416   -2.382    0.005  
  -2.675   -1.226    1.175    3.120   -2.667  
  -2.260    0.192   -2.923   -1.387    1.255  
  -3.124   -2.616   -2.680    0.353   -2.965  
  -1.687    1.202   -2.626   -2.459   -2.093  
   0.212   -2.853   -1.636    0.634   -2.565  
  -2.390   -2.234   -0.142   -3.008   -1.711  
   1.673    3.101   -2.802   -1.185    0.244  
   3.113   -2.024    0.356    2.967    2.827  
   0.355    0.251   -2.838   -1.935    1.714  
  -3.120   -3.046   -0.707   -0.481   -2.830  
  -1.788    0.462   -2.837   -2.607   -0.757  
   0.239    3.072   -1.878    1.010    3.044  
   3.061   -0.196   -0.364   -2.586   -1.785  
   1.203    3.058   -2.591   -1.096   -0.728  
  -2.443   -1.633    1.683   -3.032   -2.755  
  -1.014   -1.611   -2.381   -1.301    1.386  
  -2.496   -2.627   -0.540   -2.208   -2.409  
  -1.473    1.098   -2.466   -3.100    0.138  
  -1.057   -2.388   -1.967    0.854   -2.504  
  -3.001    0.765   -1.491   -2.468   -1.818  
   1.038   -2.751    2.870    1.152   -1.183  
  -2.527   -1.721    1.035   -2.506    3.034  
   1.001   -2.654   -2.921   -1.628    0.899  
  -2.326   -3.005    1.791    2.823   -3.076  
  -1.623    1.165   -2.805    2.912    1.332  
   1.859    2.999   -2.126    1.159   -3.041  
  -2.887    1.775    1.484    3.011   -1.959  
   0.748   -2.608    3.044    1.073    1.572  
  -3.141   -1.643    0.977   -2.448   -2.904  
  -0.273    2.697   -2.875   -1.452    1.334  
  -2.474   -2.979   -0.367   -1.893   -2.251  
  -1.123    0.866   -2.344   -2.528   -1.149  
  -0.875   -2.441   -1.360    0.924   -2.453  
  -2.349   -1.037   -1.222   -2.700   -1.457  
   1.433   -2.764   -3.035   -0.028   -1.718  
  -2.631   -1.406    1.448   -2.582   -2.931  
  -0.226   -1.914   -2.187   -1.365    0.689  
  -2.208    3.021    0.255   -2.835   -3.079  
  -1.876    1.068   -2.177   -2.951    0.436  
   1.902    2.613   -2.346    1.423   -2.690  
   3.074    1.002    1.594    2.567   -2.445  
   0.659   -2.715    3.098    1.507    1.087  
   2.614   -2.299    0.870   -2.488   -3.011  
   0.857    1.214    2.457   -2.814    0.989  
  -2.818    3.076    1.303    1.356    2.541  
  -2.386    0.933   -2.525    2.951    1.297  
   1.251    2.847   -2.047    0.784   -2.412  
   3.132    1.418    1.400    2.660   -2.145  
   0.843   -2.606   -2.911    2.079    2.970  
   3.047   -2.390    1.020   -2.778    3.050  
   1.357   -0.979   -2.926   -2.971    1.217  
  -2.829   -3.140    1.178   -0.790    3.043  
  -3.076    0.434   -2.848   -2.908    2.249  
  -1.623   -2.800    3.138    1.210    3.034  
  -2.956    1.990   -2.881    3.048   -2.627  
   0.574   -3.003   -2.526    3.136   -2.566  
  -3.108   -2.060    1.510   -2.533   -2.029  
  -2.488   -1.297   -2.896   -2.134    0.654  
  -2.773   -2.410   -2.027   -2.007   -2.588  
  -2.160    0.946   -2.885   -2.452   -1.696  
  -2.533   -2.976   -2.077    1.334   -2.691  
  -2.514   -2.035   -1.777   -2.927   -2.113  
   0.694   -2.704   -2.659    2.720   -1.945  
  -2.779   -1.750    1.110   -2.486   -3.075  
   1.560   -1.082   -2.617   -1.826    1.079  
  -2.361   -3.053    0.752   -0.568   -2.815  
  -2.234    1.314   -2.595    3.075    0.501  
  -0.599   -3.031   -2.162    0.855   -2.505  
  -2.870   -0.345   -0.265    3.134   -1.890  
   1.033   -2.475   -3.048   -0.054    0.232  
   3.001   -2.260    0.951   -2.760   -2.964  
   0.036    0.460    2.865   -2.320    1.051  
  -2.759   -2.565   -0.791   -0.444   -2.714  
  -1.996    1.102   -2.773   -2.792   -1.095  
   0.036   -2.938   -1.985    1.121   -2.787  
   3.110    0.623    0.115    3.096   -1.864  
   0.991   -2.801    2.886    0.767   -0.321  
  -2.789   -2.106    0.731   -2.748    3.081  
   0.675   -0.082   -2.604   -1.931    1.113  
  -2.901    3.117    1.921    0.604    2.994  
  -1.925    1.011   -3.135    2.804    1.254  
   1.372    2.871   -1.813    0.917   -2.729  
   3.027    0.636    1.992   -3.097   -2.336  
   0.743   -2.590   -3.067    1.028    1.726  
   2.664   -2.516    0.921   -2.598   -2.790  
   2.351    1.453    2.649   -2.203    0.742  
  -2.702   -2.551   -3.111    1.360    2.735  
  -2.095    1.116   -2.653   -2.384   -1.644  
   1.230    2.888   -1.924    1.322   -2.269  
  -1.889   -2.018    1.306    2.640   -2.484  
   1.250   -2.566   -2.433   -2.283    1.972  
   2.689   -2.841    0.665   -2.663   -2.205  
  -2.395    1.524    2.864   -2.224    1.203  
  -2.706   -2.645   -2.419    1.497    2.811  
  -2.097    1.041   -2.723   -2.425   -2.368  
   1.630    2.619   -2.081    0.851   -2.495  
  -2.522   -2.422    1.477    2.818   -2.257  
   0.984   -2.509   -2.378   -2.879    1.463  
   2.829   -2.469    0.893   -2.902   -2.757  
  -2.293    2.645    3.115   -2.806    1.063  
  -2.844   -2.318   -2.258    1.442    2.305  
  -2.806    0.847   -2.691   -2.592   -2.979  
   1.915    2.544   -3.041    0.888   -2.765  
  -2.839    2.455    1.880    2.752   -2.693  
   0.884   -3.058   -3.034    2.565    1.698  
   2.711   -2.350    1.070   -2.632   -2.969  
   2.531    1.561    2.438   -2.682    0.893  
  -2.553   -2.922    2.249    1.390    2.536  
  -3.046    0.920   -2.931   -3.015    1.960  
   1.693    2.389   -2.701    0.749   -2.981  
   3.040    1.590    1.620    2.570   -2.658  
   0.939    3.090    3.032    1.121    1.586  
   2.433   -2.556    1.035   -2.875    3.072  
   0.186    2.970    2.952   -3.114    1.137  
   3.088   -2.769   -1.087    2.000    2.544  
  -2.808    1.123   -2.845   -2.552   -1.459  
   1.931    2.526   -2.620    1.137   -2.295  
  -2.122   -1.855    1.113    2.615   -2.562  
   1.112   -2.446   -2.635   -3.137    2.137  
   2.767   -2.487    1.094   -2.497   -2.180  
  -2.014    1.357    2.746   -2.574    0.781  
   2.951   -2.789   -1.883    1.135    2.830  
  -2.605    1.037   -3.067   -2.321   -2.566  
   0.923    2.775   -2.323    0.964   -2.761  
  -2.558   -2.379    0.984    2.843   -2.466  
   1.021   -2.910   -2.655   -3.116    2.261  
   2.645   -2.625    1.059   -2.898   -2.479  
  -2.308    1.242    2.629   -2.587    0.935  
  -3.096   -2.475   -2.024    1.985    2.852  
  -2.716    0.830   -3.072   -2.290   -2.612  
   1.687    2.970   -2.520    1.099   -2.959  
  -2.908    3.084    2.068    2.633   -2.825  
   1.143   -2.678   -2.477   -2.721    1.179  
   2.534   -2.913    0.534   -2.692   -2.576  
  -2.979    1.231    2.404   -2.998    0.722  
  -2.438   -2.412   -2.558    0.300    2.815  
  -2.835    0.962   -2.812   -2.498   -2.876  
   0.310   -3.099   -2.132    0.950   -3.000  
  -2.729   -2.693    0.395   -3.054   -1.744  
   0.812   -2.830   -2.691   -3.025   -0.205  
  -2.896   -1.547    0.874   -2.684   -2.684  
  -2.923    0.251   -3.004   -1.759    1.011  
  -2.924   -2.525   -2.456    0.106   -2.850  
  -1.781    0.783    2.932   -2.812   -2.862  
   0.122   -2.972   -1.924    1.104    3.098  
  -2.532   -2.360    0.531    3.139   -1.940  
   0.851   -3.049   -2.614    3.075    0.712  
   3.099   -2.076    0.965    2.999   -2.709  
  -2.680    0.829    2.941   -1.961    1.021  
   2.981   -2.926    2.858    0.484   -3.041  
  -1.915    0.727    3.037   -2.525    3.021  
  -0.912   -2.591   -1.676    1.227   -3.043  
  -2.657    3.072   -2.649   -2.540   -1.245  
   1.122   -2.915   -2.612   -2.607   -1.604  
  -2.358   -1.639    0.801    3.114   -2.525  
  -2.136   -0.955   -2.167   -1.598    1.209  
   3.133   -2.912   -2.999   -1.235   -2.588  
  -1.610    0.930   -2.813   -2.547    3.104  
  -1.676   -2.707   -2.052    0.902   -3.016  
  -2.500   -2.646   -1.419   -2.579   -2.487  
   1.077    2.925   -2.470   -1.920   -1.348  
  -2.834   -2.254    1.079    2.990   -2.443  
  -2.449   -1.513   -2.723   -1.709    0.892  
   3.007   -2.805    2.903   -1.526   -2.060  
  -1.768    0.767    2.364   -2.940   -2.838  
  -1.153   -2.825   -2.517    1.090    1.887  
  -2.903   -2.351   -0.762   -3.084   -2.810  
   0.958    1.865   -2.704   -2.376   -2.497  
  -3.029   -2.944    0.524    1.545    3.064  
  -2.158   -1.971   -2.884    3.115    0.924  
   1.331   -2.931   -2.456   -2.652    3.122  
  -2.971    1.241    1.207    3.032   -2.250  
  -1.316   -2.939    3.021    1.265    0.943  
   3.056   -1.875   -1.727   -2.799    2.741  
   1.122    0.880    2.802   -0.727   -1.751  
  -2.862    2.962    1.370    0.936    2.498  
  -0.329   -1.468    3.056    2.865    0.920  
   0.753    2.525   -0.095   -2.294   -3.041  
  -3.068    0.769    0.586    2.617    0.454  
  -1.216   -2.831   -2.861    0.997    0.239  
   2.507    0.786   -0.644   -3.082   -2.947  
   0.960    0.359    2.428    0.988   -0.020  
   2.953    2.997    0.752    0.667    2.289  
   1.075    0.374    2.682    2.889    0.862  
   0.781    2.374    1.259    0.513    2.523  
   3.037    1.117    0.641    2.520    1.582  
   0.218    2.951   -2.972    0.913    0.450  
   2.700    1.990    0.146    2.715   -3.119  
   0.963    0.659    2.582    1.749    0.484  
   2.683   -3.121    0.581    0.752    2.377  
   0.956    1.218    2.383    3.136    0.955  
   0.547    2.147    0.894    2.776    2.868  
  -3.075    1.091    0.746    2.659    0.816  
   1.598    2.845   -2.807    0.957    0.391  
   2.182    1.500    0.879    2.837   -2.658  
   0.992    0.520    2.401    1.103    2.531  
   2.996    3.097    0.701    0.118    2.592  
   1.683    1.908    2.820   -2.819    1.044  
   0.293    2.678    0.794    1.130   -3.091  
  -2.213    0.919    0.384    2.637    0.151  
   2.112    3.012   -1.972    0.791    0.270  
   2.689    1.029    1.117    3.064   -1.715  
   0.752   -0.120    2.872    2.385    0.700  
  -2.877   -1.679    1.265    0.405   -2.946  
   2.554   -0.408   -2.587   -1.584    1.092  
   0.278    2.086    1.481   -0.514   -2.544  
  -1.317    1.318    0.342    2.684    1.660  
   0.525   -2.789   -1.709    1.420    0.403  
   2.803    2.443   -0.171   -2.793   -2.372  
   0.812    0.546    2.626    1.919    0.855  
   2.909   -2.719    0.876    0.494    2.555  
   1.605    0.824    2.951   -2.683    0.960  
   0.769    2.466    1.645    1.200    2.279  
  -3.053    1.144    0.755    2.766    2.802  
   1.277    2.381    3.034    0.913    0.949  
  -2.779   -2.082    0.650    2.582   -2.911  
   0.743    0.474    2.689   -0.542    0.446  
   2.685   -2.760    0.824    0.569    2.879  
  -0.234    1.120    2.639    3.134    1.089  
   0.894    2.446   -0.024    1.034    2.358  
   2.931    0.667    0.867    2.486    0.197  
   0.157   -3.115   -2.773    1.044    0.587  
   2.357    0.250    0.391    3.083   -2.875  
   0.854    0.656    2.521    0.231    0.549  
   2.634   -2.935    0.610    0.717    2.188  
   0.209    0.093    2.907   -2.825    1.156  
   0.565    2.395    0.140   -0.139    3.097  
  -2.820    0.791    0.492    2.490   -0.044  
   0.059    3.111   -2.973    0.734    0.629  
   2.734   -0.256   -0.946   -3.000   -2.925  
   0.916    0.733    2.212    0.671   -2.041  
  -2.708   -2.620    0.962    0.828    2.203  
   0.932    3.122    2.976   -2.796    0.984  
   0.765    2.324    0.826   -2.458   -2.724  
  -2.535    0.752    0.740    2.469    1.300  
   2.473    2.884   -2.163    0.944    0.745  
   2.250    1.666   -2.380   -2.473   -1.669  
   1.140    0.458    2.898    2.042   -1.317  
  -2.071   -1.457    1.112   -0.026    2.955  
   2.597   -2.031   -2.317   -1.429    1.630  
   0.360    2.785    1.811   -0.999   -2.439  
  -1.752    1.300    0.518    2.342    1.511  
  -0.016   -2.912   -1.814    1.214    0.573  
   2.582    1.787    0.778    3.053   -1.415  
   1.097    0.035    2.452    1.579    1.085  
   3.141   -1.650    1.077    0.350    2.659  
   2.259    1.764    3.083   -1.662    1.128  
   0.648    2.556    1.721    2.654   -2.849  
  -1.672    1.357    0.701    2.337    0.840  
   2.126   -3.109   -1.791    1.182    0.425  
   2.246    1.105    1.714   -3.112   -1.679  
   1.129    0.500    2.349    0.936    2.307  
  -3.094   -1.573    1.312    0.351    2.259  
   1.052   -2.418   -2.651   -1.619    1.155  
   0.551    2.346    1.512   -2.408   -2.673  
  -1.934    1.255    0.905    2.606    2.073  
  -2.492   -2.615   -2.083    1.266    0.832  
   3.055   -2.312    2.822   -3.031   -2.065  
   1.132    0.775    2.682   -0.710    1.190  
  -3.027   -2.146    0.764    0.764    2.602  
  -0.458    1.157    2.994   -2.456    0.995  
   1.035    2.807   -1.110    2.750   -2.916  
  -2.201    1.147    1.267   -3.076   -1.864  
  -2.062   -2.496   -1.910    1.269    1.154  
   3.005   -2.769   -1.548   -2.192   -1.974  
   1.305    1.053    2.823    2.555   -1.234  
  -2.230   -1.973    1.015    1.252    3.001  
  -3.022   -1.452   -2.433   -2.018    1.153  
   0.904    2.962   -1.098   -0.979   -2.184  
  -1.795    1.047    0.575    2.507   -0.188  
  -1.153   -2.395   -1.484    1.040    0.414  
   2.780   -0.335   -1.338   -2.457   -1.524  
   1.144    0.182    2.652   -1.001   -1.219  
  -2.121   -1.504    1.246    0.471    3.053  
  -1.151   -1.441   -2.365   -1.856    0.985  
   0.428    2.902   -1.039   -1.037   -2.440  
  -1.644    1.002    0.512    3.054   -0.795  
  -1.175   -2.520   -1.700    1.512    0.560  
   2.769   -0.832   -1.941   -2.495   -1.581  
   1.279    0.489    2.868   -0.686   -1.583  
  -2.257   -1.855    0.665    0.333    2.801  
  -0.733   -1.451   -2.039   -1.720    1.071  
   0.611    2.903   -0.762   -1.286   -2.218  
  -1.482    1.669    0.545    2.364    0.490  
  -1.594   -2.538   -1.370    1.345    0.252  
   2.445    1.193   -1.497   -2.460   -1.476  
   1.148    0.177    2.342    0.751   -1.196  
  -2.437   -1.780    1.035    0.657    2.595  
   1.731   -0.575   -2.333   -2.044    0.669  
   0.433    2.555    2.560   -1.457   -2.251  
  -1.837    0.991    0.513   -3.040   -2.800  
  -0.937   -2.308   -1.561    1.676    0.450  
  -3.044   -2.156   -1.109   -2.457   -1.853  
   0.881    0.478    3.017   -3.070   -1.417  
  -2.615   -2.072    0.827    0.461    2.967  
  -2.954    2.769   -2.734   -1.689    0.980  
   0.132   -3.122   -2.669    1.854   -3.082  
  -1.481    0.867    0.113   -2.956   -2.924  
   1.713   -2.942   -1.486    0.976    0.333  
  -3.087   -2.563   -2.608   -2.670   -1.432  
   1.201    0.343   -2.911   -2.485   -0.397  
  -2.423   -1.597    0.974    0.383    3.104  
  -2.866    1.254   -2.899   -1.817    1.254  
   0.561    2.879   -3.042   -2.232   -2.478  
  -1.830    1.258    0.656    3.138   -2.499  
   2.070    3.134   -1.742    1.148    0.485  
   2.993   -3.032    1.473   -3.083   -1.667  
   1.425    0.332    3.129   -3.045    1.732  
  -2.966   -1.296    1.226    0.023   -2.927  
  -2.414    1.442    3.110   -1.553    1.371  
   0.404   -3.124   -2.656    1.390   -3.043  
  -1.531    1.456    0.298   -2.817   -2.151  
   2.344   -3.052   -1.850    1.084    0.257  
  -3.097   -2.960    1.897    3.120   -1.865  
   0.735    0.366    3.065    2.620    1.660  
  -3.024   -1.796    1.265    0.496    2.848  
  -3.073    1.219    3.053   -1.716    1.441  
   0.564    2.528    1.797    1.897    2.838  
  -2.234    0.898    0.473    2.338    0.483  
   1.489    2.950   -1.992    0.746    0.306  
   2.570    1.679    1.915    2.947   -2.337  
   1.461    0.687    2.696    2.698    1.639  
   2.873   -2.282    0.611    1.217    2.259  
   1.152    1.944    2.909   -2.234    1.139  
   1.105    2.312    0.874    1.521    2.956  
  -2.126    1.067    0.787    2.602    1.918  
   1.587   -2.849   -1.846    0.843    0.659  
   2.428    1.498    1.596   -3.137   -1.818  
   1.178    0.541    2.437    0.776    1.718  
  -3.104   -1.825    1.460    0.749    2.491  
  -0.390    1.174    3.093   -1.736    1.055  
   1.021    3.022   -0.963    1.549   -2.942  
  -2.037    0.980    0.885    2.679   -0.635  
   1.657    2.975   -1.943    0.854    0.584  
   2.395    0.751    2.371   -2.927   -1.798  
   0.893    0.226    2.640    1.909    1.959  
  -2.993   -1.721    1.191    0.131    2.742  
   1.610    1.224    2.816   -1.888    1.039  
   0.155    2.437    1.259    3.021   -2.612  
  -2.058    0.776    0.269    2.544    1.185  
  -2.344   -2.689   -2.417    0.656    0.155  
   2.640    2.023   -1.137   -2.831   -2.202  
   0.808    0.137   -2.904   -2.909   -0.104  
  -3.054   -2.287    1.156   -0.127   -2.898  
  -2.209    0.729    2.875   -2.450    0.512  
  -0.182   -2.858   -2.843    0.328    2.740  
  -2.573    0.906   -0.251   -2.973   -2.533  
  -0.453   -2.825   -2.397    1.387   -0.091  
  -2.687   -2.515    0.127   -2.918   -2.394  
   0.649   -0.098   -2.801   -2.349    0.782  
   2.562   -2.983    1.046    0.445    3.066  
  -1.697    0.532    2.818   -2.966    0.996  
   0.833   -3.099   -1.595   -0.192   -2.909  
  -2.830    0.565    0.500    2.841   -1.056  
   0.476    3.111   -2.882    0.740    0.104  
   2.867   -0.810   -0.284   -3.009    3.108  
   1.114    0.376    2.577    0.012    0.401  
   2.631    2.910    0.866    0.555    2.387  
   1.358    0.221    2.930    3.139    0.916  
   0.395    2.486    2.206   -0.555   -3.081  
   3.028    0.792    0.416    2.600    1.943  
   0.135    2.692    2.870    0.795    0.513  
   2.157    0.831    0.801    2.535   -3.138  
   1.143    0.669    2.394    0.720    0.448  
   3.108   -2.810    0.996    0.294    2.376  
   0.454   -0.266   -2.929   -2.859    0.689  
   0.441    2.610   -0.087    0.527    3.011  
  -2.726    0.961    0.801    2.787    0.520  
   2.562    2.603    2.870    1.135    0.503  
   2.223   -0.278   -2.361   -3.061    3.031  
   1.333    0.558   -3.007   -1.715   -1.776  
   3.098    3.072    0.666    0.468    2.835  
  -0.722   -1.138   -3.064    3.025    1.225  
   0.287    2.387    0.295   -1.581   -2.777  
  -2.982    0.642    0.054    2.491    1.349  
  -1.967   -3.107   -2.963    0.644    0.202  
  -2.921   -2.667   -1.783    3.064    2.973  
   1.411    0.244    2.874   -0.806   -1.660  
  -3.059    2.975    0.792    0.485    2.554  
   0.819   -1.045   -3.096    3.128    0.926  
   0.577    2.827    2.380   -0.782    2.951  
   3.015    1.134    0.578    2.483    1.526  
  -1.924   -3.019    2.739    0.816    0.345  
   2.444    1.721    1.998    2.511    2.966  
   0.939    0.513    2.335    1.467    0.885  
   2.668   -3.105    0.792    0.437    2.424  
   1.752    1.976    2.783   -2.917    1.121  
   0.260    2.320    1.974   -1.482   -2.914  
  -2.915    0.867    0.613    2.417    1.716  
  -1.736   -2.865   -2.979    0.791    0.927  
   2.518    1.871   -1.986   -2.776   -2.950  
   0.922    0.814    2.780    2.762   -1.211  
  -2.806   -2.917    1.009    0.638    2.978  
  -2.890   -0.332   -3.040   -3.053    0.964  
   0.583    2.876    2.936   -0.076    2.787  
   2.817    0.950    0.419   -3.010   -1.983  
  -0.158    2.676    3.001    1.052    0.529  
   3.108   -1.027   -0.405    2.826   -2.851  
   1.250    0.019    2.174    0.389    0.063  
   2.899   -2.520    0.969   -0.163    2.607  
   1.043   -0.276   -2.969   -2.487    0.877  
  -0.082    2.522    0.903   -0.143    3.041  
  -2.764    0.948    0.271    2.386    1.106  
  -0.193   -2.914   -3.014    0.995    0.209  
   2.428    1.260   -0.250    3.059   -2.887  
   0.779    0.342    2.466    1.037   -0.602  
  -2.892   -2.971    0.811    0.302    2.315  
   0.562   -1.103   -2.507   -2.790    1.073  
   0.404    2.671    0.161   -0.669   -3.024  
  -2.981    1.088    0.283    2.456   -0.831  
  -0.652   -2.813   -2.849    1.092    0.708  
  -2.694   -2.366   -0.512   -2.982   -2.973  
   0.734    0.321    2.572    3.096   -1.313  
  -2.554   -2.586    1.135    0.408   -2.847  
  -2.408   -2.011   -2.386   -2.328    1.224  
   0.428   -2.894   -1.247   -1.161   -2.531  
  -2.106    0.830    0.399    2.620    2.568  
  -1.844   -2.603   -1.991    1.223    0.782  
   2.664    0.538   -1.881   -2.236   -1.805  
   1.306    0.260    2.169    1.244   -1.476  
  -2.266   -1.761    1.507    0.499    3.021  
   2.506   -2.084   -2.441   -2.133    0.865  
   0.799    2.930   -1.798   -2.014   -2.958  
  -2.215    1.201    0.835    2.844   -0.665  
  -1.622   -2.750   -2.478    1.577    0.929  
   2.387    0.265   -1.285   -2.517   -2.104  
   1.489    0.780    2.782    2.445   -0.973  
  -2.585   -2.028    0.683    0.325    2.772  
  -0.739   -1.299   -2.700   -2.232    1.249  
   0.625    2.441    0.777   -2.257   -2.728  
  -2.133    1.157    0.704    2.445    2.120  
  -1.622   -2.630   -2.020    1.126    0.734  
   2.684    2.205   -1.110   -2.853   -2.570  
   0.974    0.683    2.293    1.500   -1.840  
  -2.791   -2.617    0.968    0.847    2.626  
   0.521    2.866   -3.123   -2.575    1.133  
   0.709    2.162    1.144    1.627    2.954  
  -2.278    0.783    0.721    2.463    1.273  
   1.879   -3.130   -2.067    1.171    0.918  
   2.433    1.517    1.865    3.003   -2.015  
   1.116    0.711    2.303    0.902   -2.127  
  -2.790   -2.238    1.122    0.447    2.540  
   1.899   -1.775   -2.489   -2.111    1.225  
   0.685    2.546    1.140   -1.961   -2.551  
  -1.936    1.343    0.707    2.479    0.929  
  -1.966   -2.342   -1.540    1.385    0.504  
   2.629    1.169   -1.663   -2.266   -1.653  
   1.500    0.535    2.585    1.058   -1.679  
  -2.568   -1.792    1.212    0.422    2.382  
   1.721   -1.548   -2.495   -1.608    1.211  
   0.333    2.623    0.805   -1.807   -2.406  
  -1.804    0.996    0.311    2.315    1.192  
  -1.611   -2.685   -2.120    0.944    0.438  
   2.550    0.579   -2.186   -3.004   -2.423  
   1.051    0.543    2.424    0.333   -2.059  
  -2.716   -2.200    0.995    0.223    2.854  
  -0.429   -1.871   -2.633   -1.655    1.138  
   0.038   -2.880   -1.105   -0.864   -2.379  
  -1.836    1.164    0.036    2.906   -0.448  
  -1.279   -2.263   -1.812    1.186    0.173  
   2.753   -0.009   -1.916   -2.604   -1.524  
   1.044    0.141    2.787   -0.475   -2.604  
  -2.734   -1.711    1.077    0.182    2.564  
   0.403   -1.661   -2.433   -2.079    0.992  
   0.305    2.828    2.109   -1.261   -2.745  
  -2.118    1.263    0.153   -3.113   -2.775  
  -0.970   -2.775   -2.096    1.199    0.203  
  -3.027    2.988   -0.914   -2.496   -2.140  
   0.866    0.252    3.060   -2.669   -1.748  
  -2.258   -1.595    1.278    0.009   -2.861  
  -3.141   -2.251   -2.473   -1.463    1.150  
  -0.212   -2.817   -2.134   -1.483   -2.432  
  -1.583    1.162   -0.039   -2.770   -1.878  
  -1.746   -2.392   -1.472    1.189   -0.051  
  -2.839   -2.549   -1.976   -2.541   -1.404  
   1.041   -0.184   -3.020    2.877   -1.883  
  -2.554   -1.416    1.017   -0.061   -2.620  
  -2.102    2.842   -2.782   -1.423    1.071  
   0.118   -2.821   -2.092   -2.788   -2.729  
  -1.305    1.167   -0.153   -3.126    3.059  
  -1.182   -2.218   -1.302    1.389   -0.217  
  -2.940   -3.010    0.123   -2.933   -1.244  
   1.290   -0.536   -2.707   -2.120    0.341  
  -3.121   -1.342    1.274   -0.286   -2.804  
  -2.154   -0.494   -2.608   -1.685    0.952  
  -0.027   -3.014   -2.338   -0.937   -2.532  
  -1.643    1.147    0.437   -3.037   -2.339  
  -0.883   -2.370   -1.556    0.960    0.315  
   3.024   -1.678   -0.158   -2.552   -1.598  
   1.182    0.376   -2.841   -2.145    0.216  
  -3.075   -2.116    0.854    0.395    2.767  
   2.981   -0.009    3.112   -2.434    0.863  
   0.918    2.872    1.868    0.110    3.139  
  -2.493    1.317    0.716    2.303    1.854  
   0.240    3.024   -2.633    0.976    0.590  
   2.981    2.567   -0.477   -2.564   -2.401  
   0.623    0.182   -3.048   -2.462   -0.706  
  -2.644   -2.691    1.082    0.369   -2.778  
  -2.170   -0.643   -2.930   -2.565    1.227  
   0.570   -3.090   -1.585   -0.166   -2.950  
  -2.429    1.199    0.612    3.026   -1.551  
   0.243   -2.991   -2.161    0.989    0.600  
  -2.718   -1.807   -0.406   -2.648   -1.893  
   0.871    0.237    3.110   -2.597    0.124  
  -2.787   -1.686    1.323    0.509    2.879  
   2.425    0.180   -2.875   -1.796    1.314  
   0.455    2.174    1.562    0.098   -2.841  
  -1.788    1.062    0.605    2.542    1.192  
  -0.212   -2.895   -2.279    0.937    0.584  
   2.306    1.521   -0.070    3.068   -2.544  
   0.859    0.532    2.215    1.204   -0.145  
  -2.903   -2.549    1.004    0.292    2.355  
   0.362    0.167    3.043   -2.302    1.088  
  -0.000    2.708    0.035   -0.397    3.133  
  -1.892    1.076   -0.208    2.745    1.256  
  -0.074    3.067   -2.129    1.064    0.060  
   2.476    1.073    0.087    2.927   -2.475  
   0.971    0.381    2.570    0.873    0.322  
   2.776   -2.576    0.846    0.140    2.255  
   1.482   -0.088   -2.997   -2.348    1.073  
   0.255    2.594    1.652   -0.121   -2.994  
  -2.165    1.082    0.436    2.609    1.369  
  -0.235    3.087   -2.084    0.957    0.168  
   2.657    1.605   -0.044   -3.074   -2.226  
   0.933    0.124    2.463    1.394   -0.024  
  -2.897   -2.321    1.048    0.337    2.512  
   0.401    0.068   -2.943   -2.226    1.087  
   0.131    2.462    0.314    0.588   -3.121  
  -1.872    1.085    0.026    2.613   -0.060  
  -0.416   -2.670   -1.461    1.144    0.035  
  -2.850   -1.428   -0.393   -2.668   -1.137  
   1.125   -0.225   -2.619   -1.750    0.071  
  -2.884   -1.653    0.931   -0.006   -2.897  
  -2.302   -0.722   -2.328   -1.644    1.095  
   0.514    3.095    2.702   -0.571   -2.677  
  -1.629    1.202    0.523    2.693    2.644  
  -0.314   -2.603   -1.701    1.069    0.452  
  -2.951   -2.591   -0.921   -2.168   -1.685  
   0.963    0.212   -2.936   -1.903   -1.890  
  -2.586   -1.559    1.340    0.273    3.097  
  -2.614   -2.573   -2.707   -1.804    1.380  
   0.521    3.012    3.098   -2.782   -2.751  
  -1.922    1.023    0.300    2.723    2.027  
  -2.099   -2.571   -1.863    1.078    0.224  
   2.890    2.379   -2.411   -2.738   -2.257  
   1.092    0.671    2.711    1.944   -2.270  
  -2.776   -2.591    1.226    0.991    2.364  
   0.345   -1.917   -2.687   -2.377    1.234  
   1.366    3.036   -1.235   -1.505   -2.429  
  -2.226    1.006    1.103   -3.116   -1.595  
  -1.285   -2.536   -2.036    1.103    0.925  
   2.629   -0.416   -1.751   -2.404   -2.088  
   1.229    1.046    2.955   -0.827   -1.116  
  -2.442   -2.260    1.261    0.525    2.699  
  -0.921   -1.596   -2.484   -1.997    1.171  
   0.656    2.987   -0.794   -2.962   -2.765  
  -1.908    1.111    0.811    2.629    0.143  
  -2.312   -2.602   -1.883    1.047    0.754  
   2.878   -0.877   -2.313   -2.711   -2.180  
   0.939    0.732    2.951   -0.958    2.712  
   3.136   -2.360    0.973    0.700    2.709  
   0.108   -2.226   -2.777   -2.488    1.470  
   0.562    2.696   -0.505   -0.879   -2.436  
  -2.520    1.011    0.617    2.989   -0.840  
  -1.940   -2.737   -2.022    0.831    0.726  
   2.703   -0.246    1.718    3.124   -1.787  
   0.906    0.659    2.392    0.490    1.420  
   2.936   -1.979    1.163    0.580    2.406  
   0.845    0.949    3.060   -2.006    1.104  
   0.430    2.456    1.712    1.421    2.959  
  -1.970    1.108    0.413    2.593    1.598  
   1.576    2.984   -1.996    1.356    0.373  
   2.285    1.116    1.021    2.872   -2.090  
   1.311    0.615    2.374    0.760    0.456  
  -3.012   -1.838    1.113    0.771    2.471  
   0.577    0.400   -2.733   -1.702    1.039  
   0.679    2.332    0.637   -0.143   -2.927  
  -1.807    0.834    0.472    2.354    0.848  
  -0.452   -2.853   -2.015    1.217    0.230  
   2.308    0.796   -0.822   -2.183   -1.824  
   1.302    0.526    2.699    0.013   -2.230  
  -2.418   -1.600    0.881    0.514    2.477  
   0.107   -2.125   -2.409   -1.802    0.854  
   0.406    2.200    0.817   -1.939   -2.534  
  -1.954    1.231    0.773    2.549    1.343  
  -2.275   -2.325   -1.894    1.398    0.550  
   2.150    1.293   -0.910   -2.408   -1.905  
   0.706    0.622    2.860   -0.041   -0.827  
  -2.587   -1.752    1.185    0.526    3.015  
  -1.080    0.161   -2.825   -1.479    1.517  
   0.374   -3.041   -2.426    0.855   -3.076  
  -1.434    1.083    0.109    3.080    2.801  
   1.633   -3.095   -1.566    1.158    0.273  
   2.747    1.805    0.413   -2.965   -1.699  
   1.041    0.355    2.368    0.816   -0.069  
  -2.546   -1.735    1.068    0.621    2.389  
   1.174    0.066   -2.654   -1.747    1.111  
   0.755    2.382    0.918    0.673    3.112  
  -1.941    1.130    0.346    2.203    0.828  
   1.031    2.799   -2.159    1.024    0.345  
   2.707    1.159    2.288    2.949   -2.414  
   1.032   -0.088    2.245    0.835    1.402  
   2.758   -2.380    0.949    0.103    2.658  
   0.282    1.407    2.833   -2.175    1.024  
  -0.043    2.836   -0.055    1.542    2.721  
  -2.003    1.155   -0.141    2.620    1.093  
   1.917    2.858   -2.056    0.929   -0.123  
   2.961    2.691    2.718   -2.938   -1.785  
   1.001   -0.011   -2.567   -1.841    2.179  
  -2.988   -1.468    1.048    0.014   -3.117  
  -0.811    1.459    3.071   -1.622    1.320  
   0.425    2.966   -0.507    1.542   -2.937  
  -1.704    1.281    0.282    2.332    0.594  
   2.126   -2.810   -1.503    1.225    0.451  
   2.826   -0.165   -2.660   -2.528   -1.747  
   0.976    0.436    2.998   -1.051   -2.642  
  -2.917   -1.927    1.079    0.597   -2.922  
  -2.011   -2.896   -2.670   -2.053    1.286  
   0.661    3.137   -2.393    2.439   -3.011  
  -1.836    1.360    0.632   -3.114   -2.336  
   2.347    2.929   -1.914    0.919    0.665  
   2.560    2.593    1.385    3.125   -1.739  
   0.941    0.319    2.630    1.535    1.261  
   3.064   -1.592    1.204    0.189    2.647  
   1.753    1.734    3.096   -1.563    1.175  
   0.188    2.744    2.194    1.728   -2.977  
  -1.540    1.140    0.260    2.694    1.829  
   1.482    3.131   -1.597    1.142    0.267  
   2.548    1.586    1.553   -3.049   -1.569  
   1.357    0.676    2.417    1.692    2.074  
  -3.076   -1.651    1.351    0.655    2.376  
   1.834    2.027   -3.090   -1.937    1.155  
   1.077    2.689    1.815    1.176    2.960  
  -2.184    1.092    0.950    2.895    2.980  
   1.129    3.000   -2.358    1.183    0.853  
   3.056   -1.907    1.342    2.806   -2.510  
   1.088    0.837    3.023   -1.880    1.418  
   2.945   -2.402    0.894    0.777   -3.131  
  -2.952    1.243    2.879   -2.322    0.937  
   0.780    2.598    3.058    0.596    2.969  
  -2.025    1.053    0.826   -2.833   -2.438  
  -0.123   -2.835   -2.603    1.042    0.666  
   2.901   -1.593   -0.832   -2.511   -2.786  
   1.127    0.887   -3.061   -1.908   -1.529  
  -2.863   -2.423    1.247    0.892    2.853  
  -1.601   -2.460   -2.553   -2.121    1.117  
   0.848   -3.063   -1.827   -1.351   -2.390  
  -2.317    0.922    0.643    2.986   -2.755  
  -1.908   -2.579   -2.196    0.879    0.792  
  -2.848   -2.396   -2.031   -2.540   -2.170  
   1.024    0.707    3.118   -1.725   -2.146  
  -2.697   -2.205    1.193    0.597   -3.059  
  -2.063   -1.202   -2.368   -2.162    1.008  
   0.367   -2.994   -1.771   -1.433   -2.524  
  -2.352    0.873    0.576   -2.788   -2.327  
  -2.032   -2.990   -2.682    0.840    0.354  
  -3.088   -1.935    2.605   -3.031   -2.503  
   1.126    0.178    3.102   -1.211   -2.157  
  -2.756   -1.834    1.291    0.073    2.829  
  -0.160   -0.954   -2.566   -2.064    1.085  
   0.331    2.575    0.512   -0.316   -2.845  
  -2.892    0.725    0.461    2.308    0.969  
   0.039    3.102    2.906    0.996    0.631  
   2.572    1.982    0.119    2.649   -3.050  
   1.105    0.656    3.097   -2.523   -0.980  
  -2.716   -3.012    0.936    0.538   -2.950  
  -1.593   -2.514    3.058    2.822    1.003  
   0.418    2.975   -1.255    1.790    2.181  
   2.971    0.840    0.207    2.833   -1.224  
   0.668    2.652    2.952    0.917    0.579  
   2.994   -0.858    0.028    2.982    2.999  
   1.184    0.626    2.746   -0.524   -1.328  
  -2.828   -2.625    1.086    0.535    2.607  
  -0.723   -3.015   -3.060   -2.574    0.779  
   0.541   -2.700   -1.015    2.951   -3.037  
  -2.671    0.866    0.264    2.458   -0.404  
   2.451    2.607   -3.022    1.407    0.735  
  -3.072   -1.565    0.625    2.524    2.941  
   0.403    0.670    2.764    2.491   -0.963  
  -2.875    2.646    1.057    0.459    2.262  
   1.409    2.407    2.430    2.786    0.949  
   0.493    2.364    0.736   -2.123    3.008  
   3.056    1.057    0.417    2.340    0.339  
  -0.950   -2.879   -3.141    1.137    0.530  
  -3.057   -1.016   -1.506   -2.855    3.098  
   1.076    0.182   -3.135   -2.051   -2.318  
  -3.128    3.088    0.768    0.340    3.135  
   3.045   -1.923   -2.530   -2.986    0.814  
   0.475    2.300    1.653   -1.918   -2.651  
  -2.612    1.050    0.556    2.493    1.585  
  -1.797   -2.651   -2.610    1.098    0.386  
   2.528    1.913   -1.504   -2.601   -2.776  
   0.991   -0.030    2.645    1.641   -1.405  
  -2.865    3.119    0.795    0.115    2.468  
   0.693   -1.654    3.137    3.081    1.140  
   0.323    2.541    0.678   -1.658   -3.119  
   3.004    0.978    0.351    2.329    1.354  
  -1.889    2.992    3.030    0.833    0.247  
   2.609    1.446   -1.586   -2.897    2.983  
   1.118    0.031    2.658    1.305   -1.869  
  -3.044    3.040    0.930   -0.123    2.692  
   1.666   -2.702    3.002    2.838    0.623  
   0.270    2.376    0.974    1.561    2.645  
  -2.770    0.996    0.518    3.082    2.562  
   1.485    2.634   -2.865    1.122    0.533  
   3.015    2.941    1.343    2.760   -3.003  
   1.175    0.407    2.558    1.450    1.502  
   2.694   -3.130    1.004    0.265    2.306  
   1.426    1.336    2.303    3.000    0.749  
   0.334    2.435    0.863    0.853    2.600  
  -2.911    0.850    0.213    2.270    1.272  
  -0.551   -3.031   -2.503    0.923    0.147  
   2.708    1.358   -2.141   -2.887   -2.571  
   1.110   -0.169    2.534    1.460    2.335  
   2.933   -2.958    0.785   -0.642    2.941  
   1.954    0.140    2.510   -2.939    0.559  
  -0.190    2.997    1.341   -1.487   -2.984  
  -2.997    0.980   -0.267    2.432    1.459  
  -2.464    2.993   -2.921    1.250    0.141  
   2.982    2.198   -0.638   -2.966   -3.016  
   0.478   -0.051    2.623    2.244    0.610  
   2.513   -2.984    1.364    0.000    2.902  
   1.261    0.790    2.711   -3.032    0.553  
  -0.179    2.439    2.021    1.111    2.407  
  -2.847    1.126    0.310   -2.925    2.377  
   1.879    2.551    3.086    1.121    0.004  
   2.260    1.489    1.591    2.542   -2.819  
   0.802   -0.143    2.435    1.109    2.168  
   2.789   -2.320    0.835   -0.284    3.000  
   1.570    1.836    2.742   -2.395    0.953  
  -0.331    2.651    1.413    1.159    2.344  
  -2.996    0.981    0.007    2.858    0.433  
   2.003    2.553   -3.016    0.894   -0.495  
   2.429    1.171    1.289    2.482   -2.458  
   1.315   -0.378    2.777    1.445    2.120  
   2.471   -2.883    0.523   -0.009    2.519  
   1.195    1.323    2.443    3.061    1.235  
  -0.239    2.705    1.202    0.405    2.703  
  -2.820    0.909   -0.448    2.868    1.935  
  -0.615   -2.879   -2.445    0.663   -0.416  
   2.839    1.700   -1.844    3.137   -2.542  
   1.059   -0.127    2.767    1.938   -1.220  
  -3.019   -2.857    0.944   -0.301    2.964  
   2.354   -1.299   -2.793   -2.896    0.624  
  -0.707    2.820    1.182   -1.645   -3.000  
  -2.747    0.988   -0.447    3.008    1.138  
  -1.227   -2.775   -2.296    0.924   -0.828  
   3.094    1.844   -1.472   -2.786   -2.155  
   1.005   -0.654    3.005    1.419   -1.433  
  -2.668   -2.103    0.953   -0.623   -3.118  
   1.453   -0.866   -2.847   -2.196    0.605  
  -0.855    2.865    1.614   -0.242    2.752  
  -2.749    1.024   -1.014    2.956    1.757  
  -0.677    2.858   -2.984    0.883   -0.715  
   2.986    1.034   -0.388    2.844   -2.886  
   0.423   -0.338    2.857    0.042    0.163  
   2.961   -2.810    1.168   -0.239    2.947  
  -0.800    0.026    3.126   -2.263    1.089  
  -0.419   -3.085   -1.115    0.552    2.585  
  -2.762    0.806   -0.336   -2.982   -1.140  
   0.645    2.556   -2.914    0.852   -0.686  
   2.676    0.230    0.089    2.756   -2.311  
   1.109   -0.494    2.888    0.390    0.191  
   2.900   -1.957    0.776   -0.757    3.087  
  -0.084    0.026    2.933   -2.238    1.064  
  -0.811   -2.603   -1.494    0.431    2.534  
  -2.931    1.049   -0.679   -2.601   -2.072  
  -0.101    3.067   -2.513    0.874   -0.683  
  -2.677   -2.548    0.080   -3.110   -2.152  
   0.890   -0.734   -2.982    3.028   -0.332  
  -3.057   -2.087    0.994   -0.460    3.113  
   1.748    0.201    3.028   -2.535    0.713  
  -0.729    2.667    1.037   -0.451    3.109  
  -2.305    0.958   -0.610    2.669    1.089  
  -0.750   -2.555   -1.792    1.028   -0.627  
   2.990    0.985   -1.712   -2.512   -1.801  
   0.922   -0.757    2.866    1.814   -2.030  
   3.062   -2.385    0.642   -0.359    3.059  
   2.702   -1.572    3.010    3.124    1.024  
  -0.191    3.121   -3.122   -1.361   -2.894  
  -2.904    0.800   -0.077   -2.894   -2.951  
  -1.878   -2.770   -2.367    1.031   -0.247  
  -2.935   -2.594   -1.586   -2.768   -2.292  
   0.929   -0.283    3.101    2.389   -1.513  
  -2.703   -2.158    0.876   -0.347    2.858  
   2.535   -1.700   -2.548   -2.194    0.968  
   0.215    2.768    1.922   -2.088   -2.577  
  -2.142    0.970    0.257    2.568    1.533  
  -2.191   -2.495   -1.781    1.089    0.227  
   2.926    2.213   -1.591   -2.534   -1.570  
   1.201    0.131    2.516    1.091   -1.528  
  -2.263   -1.465    1.315    0.404    2.445  
   0.884   -1.391   -2.315   -1.605    1.301  
   0.347    2.408    1.669   -1.465   -2.544  
  -1.515    1.167    0.118    2.428    1.775  
  -0.315   -2.510   -1.305    1.061   -0.029  
   2.653    1.827   -0.138   -2.297   -1.379  
   1.432    0.136    2.840    2.440   -0.170  
  -2.741   -1.274    1.567    0.158   -2.942  
  -2.138    0.001   -2.617   -1.496    1.178  
   0.301    3.012   -1.176    0.234   -2.791  
  -2.111    0.818    0.914    3.052   -0.679  
   0.670   -3.126   -2.533    1.103    0.650  
   2.478   -0.750    0.839    3.024   -2.306  
   1.151    0.414   -3.141   -0.733    2.096  
  -3.117   -2.019    0.793    0.025    2.692  
   0.574    1.465    3.096   -1.916    1.045  
   0.065    3.014    2.303    1.443    3.048  
  -1.709    1.316    0.368   -2.957   -2.164  
   1.348    3.134   -1.486    1.279    0.163  
   3.056   -1.888    1.239    3.069   -1.524  
   1.097    0.380    3.109    2.716    1.467  
   3.057   -1.791    1.307    0.377   -3.058  
  -2.883    1.495    2.967   -1.806    1.216  
  -0.049   -2.838   -1.442    1.814    3.007  
  -1.518    0.759   -0.309   -2.804   -0.946  
   1.174    3.083   -1.400    1.149   -0.032  
  -3.082   -0.672    1.815   -3.129   -1.674  
   1.593    0.416   -3.031   -1.153    3.134  
  -2.902   -1.565    0.879    0.154    2.981  
  -0.907    2.564   -2.960   -1.785    1.001  
   0.422    3.122   -0.667    1.417   -3.065  
  -2.035    1.133    0.296    2.792   -0.512  
   1.802    3.114   -1.901    0.907    0.327  
  -2.893   -1.458    1.577   -3.124   -1.441  
   1.137   -0.012   -3.007   -1.312    1.586  
  -2.981   -1.236    1.312   -0.044   -2.863  
  -1.106    1.511   -3.110   -1.523    1.164  
   0.204    2.923   -0.509    2.928    2.981  
  -1.877    1.142    0.296    3.054   -1.224  
   1.728    3.110   -1.565    1.310    0.216  
   2.985   -1.066    2.056   -3.066   -1.234  
   1.316   -0.023    3.100   -0.616    1.389  
  -3.120   -1.475    1.160    0.070   -3.102  
  -1.436    1.719    3.086   -1.454    0.994  
   0.271   -2.960   -0.819    1.622    3.120  
  -1.377    0.830    0.080    2.895   -0.532  
   2.084   -3.016   -1.219    1.372   -0.040  
  -2.750   -1.421    1.488   -3.013   -1.194  
   1.391   -0.279    3.125   -0.530    1.779  
  -2.929   -1.250    0.885   -0.201   -3.029  
  -0.675    1.580    2.926   -1.568    0.965  
  -0.083   -2.897   -1.462    1.403    3.013  
  -1.541    1.203   -0.070   -2.681   -2.117  
   1.513    3.051   -1.400    1.566   -0.099  
  -2.975   -1.478    1.667    3.039   -1.388  
   1.403    0.045    2.552    0.166    2.045  
   3.128   -1.663    1.174    0.433    2.688  
   1.886    1.629   -2.873   -1.436    1.083  
   0.217   -2.883   -2.235    2.034   -3.087  
  -1.588    1.020    0.346   -2.715   -2.327  
   1.024   -3.129   -1.691    1.213    0.126  
   3.083    2.971    2.858   -3.006   -1.655  
   1.141    0.056   -2.926   -2.292    1.186  
  -2.946   -1.366    1.065    0.019   -2.908  
  -1.796    0.675   -2.795   -1.053    1.071  
  -0.081   -2.865   -2.713    0.732   -2.922  
  -1.152    1.066    0.043   -2.821   -2.144  
   1.307   -2.986   -1.100    1.479   -0.094  
  -3.067   -1.312    1.937   -2.661   -1.078  
   1.261   -0.117   -3.027   -0.846    1.194  
   3.113   -0.798    0.848   -0.947    3.140  
  -0.677    2.095    3.102   -1.547    1.399  
  -0.307   -2.731   -1.233    1.785    3.137  
  -1.914    0.718   -0.512   -2.897   -1.095  
   1.875    2.970   -1.918    1.075   -0.502  
  -3.104   -0.640    1.917    3.026   -1.561  
   1.275   -0.505    2.726    0.040    1.348  
   3.107   -1.381    0.755   -0.273    2.897  
   0.427    2.360    3.076   -1.581    1.395  
  -0.358    2.452    1.124    1.261    2.759  
  -1.509    0.383   -0.388    2.815    2.106  
  -2.758   -2.772   -1.369    1.580   -0.474  
   2.875    1.704   -0.918   -2.485   -1.616  
   1.155   -0.155    2.685    1.048   -0.218  
  -2.748   -1.770    0.724    0.253    2.458  
   1.448   -0.434   -2.638   -1.514    1.435  
   0.182    2.580    1.928    0.622    3.091  
  -1.118    1.265   -0.226    2.724    1.209  
   1.636    3.141   -1.452    0.978   -0.024  
   2.722    1.214    2.783   -3.021   -1.518  
   0.788   -0.230    2.678    0.904   -2.097  
  -2.781   -1.551    1.301   -0.152    2.740  
   0.354   -1.057   -2.571   -1.864    1.500  
  -0.207    2.679    1.087   -1.493   -2.654  
  -2.200    0.934   -0.229    2.501    1.334  
  -2.790   -2.934   -2.344    0.381   -0.078  
   2.630    1.096   -1.154   -2.427   -2.369  
   1.132   -0.077    2.686    1.436   -0.288  
  -3.112   -2.558    1.191   -0.029    2.730  
   1.657   -1.414   -2.580   -2.618    0.457  
  -0.147    2.833    2.164    2.860    3.071  
  -2.463    1.448   -0.023    2.897    1.872  
   1.325    2.689   -2.002    0.756   -0.402  
   2.761    1.230    0.621    2.690   -2.005  
   0.778   -0.375    2.785    0.512   -0.762  
  -2.688   -1.921    0.872   -0.006    2.508  
   0.890   -2.020   -2.942   -1.770    1.108  
   0.148    2.640    1.103   -2.340   -2.956  
  -1.983    1.057   -0.151    2.229    0.936  
  -1.886   -2.535   -2.182    1.034   -0.102  
   2.570    0.540   -1.536   -2.507   -2.056  
   0.822   -0.209    2.882    0.005   -2.007  
  -2.757   -2.346    0.710   -0.097    3.078  
  -0.912   -1.405   -2.646   -2.641    0.875  
   0.150    3.000   -0.397   -1.478   -2.677  
  -2.461    0.984    0.251   -2.995   -0.981  
  -1.721   -2.930   -2.586    0.895    0.243  
  -2.923   -0.853   -1.591   -2.718   -2.962  
   0.749   -0.077    2.295    0.373   -1.792  
  -2.783   -2.855    0.718    0.026    2.687  
   0.002   -1.333   -2.787   -2.706    0.997  
   0.032   -2.992   -1.106   -1.552   -2.899  
  -2.640    0.764   -0.065   -2.960   -1.406  
  -1.504   -2.761   -2.540    1.044   -0.046  
   2.966   -0.620   -1.875   -2.657   -3.132  
   1.234    0.314    2.427    0.185   -1.823  
  -2.623   -2.796    1.140    0.561    3.004  
  -0.607   -1.336   -2.781   -2.729    1.296  
   0.374    3.139   -0.788   -2.355   -2.857  
  -2.716    0.719    0.381    3.009   -0.751  
  -1.691   -2.821   -2.165    0.978    0.154  
  -3.136   -0.653   -0.599   -2.602   -2.353  
   0.684    0.160    2.808   -0.388   -0.061  
  -3.138   -3.085    1.398    0.761    2.950  
  -0.926    0.469    3.125   -2.884    0.833  
   0.642    2.461   -0.356   -0.144   -2.739  
  -2.067    0.899    0.501    2.790    0.392  
  -0.203   -2.872   -1.948    0.990   -0.016  
   2.529    0.224   -0.297   -2.605   -1.629  
   1.270    0.186    2.755    0.175    0.394  
  -2.804   -1.536    1.295    0.173    2.568  
   0.166    0.442   -2.956   -1.507    1.209  
   0.359    2.457    0.512    0.035   -2.776  
  -1.426    1.356    0.370    2.466    0.573  
   0.199   -3.032   -1.802    0.887    0.191  
   2.156    0.985    0.347   -3.087   -1.945  
   0.802    0.259    2.657    0.221    0.254  
   2.884   -2.136    1.155    0.227    2.940  
  -0.644   -1.242   -2.527   -2.319    1.132  
   0.507    2.776   -0.594    2.318    2.996  
  -2.883    0.784    0.569    2.736   -0.464  
   1.346    2.634   -2.890    0.736    0.402  
   2.786   -0.866    2.070    2.945   -2.595  
   1.255    0.484    2.697   -0.545    1.424  
   2.793   -2.863    1.094    0.578    2.866  
  -1.032    1.671    2.519   -2.991    0.954  
   0.554    2.807   -0.685    1.958    2.439  
   2.969    0.676    0.362    2.360    0.257  
   1.286    2.288    3.002    0.929    0.372  
   2.583    0.119    1.596    2.615   -3.120  
   1.290    0.402    2.684   -0.518    1.738  
   2.907   -2.921    0.905    0.457    3.053  
  -0.929    1.809    2.535   -3.046    0.762  
   0.523    2.504   -0.192    1.921    2.974  
  -2.650    1.002    0.463    2.890   -0.228  
   1.342    2.506   -2.832    1.135    0.193  
   2.599   -0.581    1.770    2.540   -3.067  
   0.826    0.213    2.522   -0.277    1.540  
   2.702   -3.015    0.959    0.470    2.694  
  -0.328    2.001    2.732   -2.905    1.117  
   0.492    2.437    0.242   -3.060   -2.797  
  -2.625    0.741    0.251    2.991   -0.662  
   1.960    2.664   -2.785    0.976    0.307  
   2.705   -0.761    1.707    2.482   -2.715  
   1.089    0.413    2.901   -0.262    2.974  
   3.134   -2.788    0.940   -0.003    2.663  
   0.057   -1.858   -2.772   -2.832    0.789  
  -0.208   -2.952   -0.923   -1.281    3.008  
  -2.901    0.775   -0.092    3.073   -0.955  
  -1.879   -3.022   -2.925    0.763   -0.037  
  -3.077   -1.054   -1.743   -2.863    3.072  
   0.787    0.131   -3.016   -1.462   -1.441  
  -2.533   -2.395    0.938    0.264    2.907  
   2.914   -1.273   -2.678   -2.400    1.217  
   0.955    2.776    0.234   -0.922   -2.467  
  -2.715    0.771    0.556    2.404   -0.373  
  -1.269   -2.701   -3.073    0.836    0.427  
   2.723   -0.118   -1.651   -2.989   -3.094  
   0.906    0.513    2.879   -0.688   -1.677  
  -2.863    3.018    0.987    0.292    2.830  
  -0.329   -1.695   -2.846   -2.849    0.984  
   0.221    2.622    0.367   -1.109   -2.819  
  -3.024    1.175    0.316    2.868   -0.407  
  -1.121   -3.055    2.796    0.788    0.760  
  -2.972   -1.906   -1.901   -2.945    2.758  
   0.827    0.648    2.511    2.748   -2.302  
  -3.077    2.965    0.885    0.635    2.534  
   1.714   -1.008   -2.920    3.107    1.093  
   0.334    2.151    0.404    0.252    2.855  
   2.982    1.262    0.466   -3.013   -1.428  
   0.119    2.645    2.931    0.911    0.580  
   2.901   -2.889    0.029   -3.033    3.128  
   0.733    0.477    2.679    2.036   -0.304  
  -3.028   -3.135    0.987    0.607    2.299  
   1.139   -0.230   -3.084   -3.062    0.767  
   0.553    2.386   -0.005   -0.505   -2.846  
  -2.718    1.180    0.715    2.221    0.334  
  -0.187   -2.908   -2.712    1.050    0.841  
   3.088   -2.147    0.552    2.649    3.044  
   0.981    0.735    2.058    0.863    1.770  
   2.780   -3.120    1.010    0.751    3.015  
  -0.864    2.480    2.769   -2.914    0.973  
   0.936    2.970   -2.522    2.421    2.939  
  -2.685    0.943    1.040    2.155    1.453  
   1.156    2.953   -2.702    1.035    1.036  
   2.332    0.851    0.877    2.998   -2.444  
   0.915    0.886    2.434    1.448   -0.171  
  -2.803   -2.198    0.870    0.719    2.664  
   1.561   -1.707   -2.714   -2.212    1.027  
   0.684    2.194    1.254   -1.564   -2.080  
  -2.118    1.524    1.016    2.812    2.044  
  -1.485   -2.530   -2.294    1.104    0.760  
   2.192    1.408   -1.914   -2.584   -1.742  
   0.841    0.682    2.484    1.307   -1.377  
  -2.353   -1.856    0.903    0.672    2.319  
   1.171   -1.389   -2.333   -1.821    1.039  
   0.122    2.345    0.428   -1.263   -2.509  
  -1.687    0.946   -0.060    3.074   -0.438  
  -1.164   -2.449   -1.532    1.435   -0.082  
  -2.790   -1.811   -1.721   -2.488   -1.135  
   1.422   -0.076    2.928    2.244   -2.340  
  -2.521   -1.355    0.974    0.050    2.358  
   0.886   -1.304   -2.341   -1.912    1.277  
   0.334    2.888   -0.200   -1.647   -2.489  
  -2.069    1.183    0.070    3.019   -1.061  
  -1.776   -2.782   -2.247    0.832    0.406  
  -2.988   -1.749   -2.123   -2.518   -1.929  
   1.058    0.566   -3.126   -1.681   -2.996  
  -2.627   -1.683    1.508    0.562   -2.943  
  -2.600   -2.045   -2.461   -1.748    1.410  
   0.461    3.139   -2.363   -0.893   -2.267  
  -1.542    1.363    0.367   -2.928   -1.907  
  -1.366   -2.285   -1.574    1.349    0.531  
   3.045   -2.839   -2.350   -2.487   -2.066  
   0.976    0.656    2.994   -2.919    1.168  
   3.104   -1.742    1.084    0.520    3.113  
  -2.515    1.378    3.094   -1.554    1.278  
   0.480    3.034   -2.969    0.935    2.582  
  -1.333    1.334    0.304    2.921    2.275  
   1.629   -2.949   -1.715    1.405    0.441  
   2.500    1.149    1.222    2.878   -1.749  
   0.568    0.197    2.467    1.041    1.956  
   2.878   -2.625    1.528    0.361    2.453  
   0.658    1.392   -3.083   -2.412    0.750  
   0.389    2.469    0.931    1.523    2.756  
  -2.337    0.930    0.388    2.502    1.218  
   1.930    3.012   -1.982    0.962    0.126  
   2.300    1.541    1.416   -3.067   -2.104  
   1.448    0.549    2.351    1.521    1.366  
   3.040   -1.948    1.208    0.654    2.453  
   1.411   -2.987   -2.592   -2.138    1.059  
   0.699    2.566    2.077    2.603   -2.947  
  -2.058    0.941    0.643    2.944    3.140  
   3.112   -2.611   -1.787    1.145    0.427  
   3.042   -2.507    2.913   -2.814   -1.467  
   1.460    0.175   -2.985   -2.112    1.488  
   2.918   -1.739    1.320    0.283   -3.126  
  -2.797    0.306   -2.940   -1.801    1.608  
   0.406   -2.974   -2.633   -0.023   -2.406  
  -1.728    1.052    0.230   -3.034   -2.194  
   0.016   -2.821   -1.726    0.803    0.447  
  -3.018   -3.001    0.617   -2.972   -1.653  
   1.065    0.414    2.779    2.627    1.521  
  -2.963   -1.726    1.314    0.504    2.978  
   2.936    1.208    3.109   -1.725   -0.116  
   0.395    2.671    1.636    1.931   -2.978  
  -2.030   -1.088    0.534    2.462   -0.258  
  -2.364   -2.537   -2.044   -0.790    0.923  
  -2.702   -1.856   -2.605   -2.882   -1.857  
  -0.406    0.566    3.051   -1.918   -1.861  
  -2.469   -1.975   -0.321    0.525    2.985  
  -1.318   -1.381   -2.515   -2.360   -1.320  
   0.791    2.976   -2.018   -2.085   -2.162  
  -2.148   -0.948    1.197   -2.987   -2.025  
  -1.700   -2.338   -1.968   -0.330    1.283  
   2.648    2.809   -1.696   -2.276   -1.989  
  -0.841    1.341    3.073    3.018   -1.562  
  -2.239   -1.839   -0.214    1.028    2.930  
  -1.932   -0.759   -2.325   -1.977   -2.090  
   0.860   -2.916   -2.358   -0.934   -2.627  
  -2.276   -2.055    0.625    2.969   -1.871  
  -1.716   -2.483   -2.166   -0.419    0.963  
  -2.959   -2.110   -2.014   -2.344   -1.642  
  -0.561    0.864    3.023   -2.582   -1.507  
  -2.282   -1.847   -1.058    0.877   -3.032  
  -2.220   -1.424   -2.314   -2.248   -0.712  
   0.894   -3.066   -2.151   -1.627   -2.548  
  -2.518   -0.616    0.922    3.025   -2.613  
  -2.225   -2.354   -2.377   -0.815    0.813  
   2.996   -1.919   -2.145   -2.584   -2.349  
  -1.132    0.809    3.051   -2.719    2.950  
  -2.858   -2.450   -1.000    0.974   -3.042  
  -2.164   -2.175   -2.393   -2.543   -1.044  
   0.906    2.998   -2.274   -2.404   -2.501  
  -2.315   -0.877    0.864    3.051    3.126  
  -1.473   -2.475   -2.197   -0.715    0.574  
   2.992   -2.679   -1.935   -2.474   -2.152  
  -0.585    0.814   -2.881   -2.029   -1.516  
  -2.487   -2.346   -0.948    0.678    2.903  
  -1.847   -1.999   -2.518   -2.337   -0.864  
   0.807   -3.004   -2.331   -1.415   -2.356  
  -2.418   -0.975    0.638   -3.136   -2.665  
  -1.537   -2.380   -2.086   -0.963    0.386  
  -2.992   -2.050   -1.126   -2.340   -1.991  
  -0.880    0.428   -3.128   -2.741   -2.448  
  -2.523   -1.863   -0.692    0.494    2.568  
   2.011   -1.536   -2.474   -1.659   -0.617  
   0.480    2.315    0.931   -1.788   -2.491  
  -1.886   -0.751    0.826    2.478   -0.131  
  -2.383   -2.339   -2.007   -0.874    1.006  
   2.745   -0.974   -1.684   -2.336   -1.745  
  -0.615    0.960    2.877   -1.222   -1.747  
  -2.496   -1.973   -0.766    1.027    2.718  
  -0.867    2.668   -2.797   -1.728   -0.540  
   0.769    2.427   -0.125    0.948   -3.137  
  -1.838   -0.747    0.709    2.657   -0.598  
   0.045   -2.584   -1.899   -0.597    0.639  
   2.442    0.359   -0.313   -2.603   -1.718  
  -0.896    0.913    2.581    0.145   -0.180  
  -2.863   -2.105   -0.778    1.214    2.565  
  -0.431    0.144   -2.884   -2.134   -0.834  
   1.396    3.097   -1.551    0.048    3.131  
  -2.129   -0.862    1.277   -2.891   -2.313  
  -0.538   -2.555   -1.847   -0.704    1.383  
   2.986   -2.535    0.989   -2.740   -1.879  
  -0.713    1.761    3.077    3.024    2.593  
  -2.901   -1.856   -0.788    1.420    2.871  
  -2.819   -1.700   -2.636   -2.062   -0.674  
   1.604    2.947    2.821   -1.798   -2.445  
  -2.077   -0.701    1.782    3.124   -2.764  
  -2.078   -2.774   -1.898   -0.749    1.659  
  -3.083   -2.612   -2.349   -2.924   -1.980  
  -0.956    1.639   -2.975   -2.346   -1.259  
  -2.414   -2.425   -1.297    1.430   -3.088  
  -2.325   -1.253   -2.451   -2.353   -1.153  
   1.239    2.897   -2.849   -1.995   -2.572  
  -2.104   -0.826    1.222    3.043   -3.028  
  -1.180   -2.423   -2.151   -0.929    1.540  
   3.058   -2.618   -2.345   -2.577   -1.881  
  -0.730    1.820    3.088   -2.920   -0.830  
  -2.611   -1.831   -0.805    1.600   -3.064  
  -2.652   -0.274   -2.857   -2.048   -0.702  
   1.786   -2.875   -1.460    0.594    3.055  
  -2.038   -0.774    1.446    2.076    0.272  
  -0.441   -2.468   -1.973   -0.812    1.562  
   2.625    2.034   -1.098   -2.685   -2.221  
  -0.940    1.161    3.120   -1.937   -1.235  
  -2.182   -1.935   -0.717    0.834    2.639  
  -0.504   -0.204   -2.620   -1.816   -0.824  
   0.600    2.808   -0.346    1.868    2.897  
  -2.225   -0.738    0.689    2.926   -1.575  
  -1.475   -2.555   -2.110   -0.743    0.550  
  -3.138   -2.585   -2.529   -2.619   -2.221  
  -0.770    0.786    3.086   -1.792   -1.776  
  -2.372   -1.942   -0.882    1.071   -3.109  
  -1.740   -1.301   -2.314   -1.933   -0.786  
   1.280    2.829   -0.679   -2.105   -2.536  
  -2.006   -0.878    1.101    2.498    1.261  
  -2.408   -2.703   -2.157   -0.884    0.817  
  -3.111   -2.453   -2.647   -2.558   -1.992  
  -0.685    0.288    2.998   -0.616   -1.852  
  -2.355   -1.942   -1.001    0.410    2.697  
   0.599   -0.952   -2.527   -1.770   -0.986  
   0.664    2.393    1.186   -0.636   -2.307  
  -2.080   -0.283    0.522    2.986    2.846  
   0.045   -2.806   -2.006   -0.792    0.165  
   2.990   -2.802    0.847    2.915   -2.105  
  -0.883    0.422    3.099   -2.726    2.410  
  -3.139   -2.376   -0.870    0.699    3.136  
  -2.245   -2.432   -2.618   -2.256   -0.964  
   0.573   -3.108   -1.763   -1.087   -2.491  
  -2.084   -0.958    0.435    3.124   -2.177  
   0.412   -2.960   -1.750   -0.706    0.369  
  -2.980   -2.749    2.983   -2.734   -1.765  
  -1.014    0.376    2.888    2.998   -0.297  
  -2.702   -1.916   -0.972    0.668    2.994  
   2.936    2.281   -2.988   -1.986   -0.626  
   0.426    3.074   -2.414   -0.880   -2.444  
  -1.825   -0.903   -0.142   -3.008   -1.883  
  -0.115   -2.513   -2.068   -1.302    0.139  
  -3.097   -2.603    0.398   -3.136   -2.521  
  -0.665    0.538    2.862    2.970   -0.099  
  -3.045   -2.419   -0.733    0.189    2.899  
   3.018   -0.830   -2.787   -2.161   -0.855  
   0.208    3.050    3.074   -1.601   -2.556  
  -2.104   -1.240    0.384   -2.793   -2.673  
  -1.678   -2.546   -2.276   -0.897    0.181  
   2.989   -1.629   -1.234   -2.526   -2.095  
  -0.694    0.636   -2.764   -1.878   -1.888  
  -2.614   -2.158   -0.782    0.382    3.040  
  -2.047   -1.588   -2.363   -2.378   -1.125  
   0.667    2.897    2.070   -1.742   -3.021  
  -2.752   -0.884    0.483    2.083    0.795  
  -1.862   -2.980   -2.936   -0.704    0.609  
   2.705    0.371   -1.032   -2.615   -2.971  
  -1.239    0.129    2.576   -0.051   -2.138  
  -3.035   -2.827   -1.063    0.463    2.702  
  -0.229   -2.557    2.943   -2.808   -0.780  
   0.495    2.199    0.320   -1.688   -2.632  
  -3.020   -1.172    0.823    2.945   -0.695  
  -1.759   -2.927   -3.089   -0.685    0.839  
   2.202    0.156   -2.226   -2.975   -2.800  
  -1.463    0.404    2.803   -0.684   -1.560  
  -2.738   -2.834   -1.301    0.093   -3.059  
  -1.229   -1.665   -2.698   -2.620   -0.773  
   0.110   -2.814   -2.202   -1.672   -2.575  
  -2.140   -0.916    0.086   -2.979   -1.502  
  -1.228   -2.559   -1.925   -0.943    0.217  
   2.637    0.244
