   0.077   -0.984    0.275    0.134   -0.592  
  -0.991    0.505    0.408   -0.981    0.333  
   0.354   -0.653   -0.993   -0.671   -0.342  
  -0.994    0.332    0.723   -0.501   -0.947  
  -0.676    0.289   -0.992    0.137   -0.256  
  -0.672   -0.987    0.366   -0.885   -0.998  
   0.038    0.383   -0.698   -0.994    0.449  
  -0.421   -0.834    0.145    0.468   -0.660  
  -0.995    0.557    0.631   -0.632    0.188  
   0.588   -0.687   -0.969    0.832   -0.104  
  -0.693    0.398    0.136   -0.466   -0.999  
   0.811   -0.627   -0.844    0.337    0.495  
  -0.608   -0.998   -0.680    0.445   -0.601  
   0.128    0.561   -0.717   -0.738   -0.197  
  -0.990   -0.915    0.241    0.589   -0.847  
  -0.939    0.733   -0.257   -0.993    0.321  
   0.184   -0.690   -0.733   -0.991   -0.203  
  -1.000   -0.008    0.211   -0.811   -0.921  
   0.356    0.289   -0.988   -0.078    0.748  
  -0.844   -0.760   -0.651   -0.809   -0.940  
  -0.033    0.628   -0.974   -0.974   -0.936  
  -0.693   -0.856    0.060    0.197   -0.999  
  -0.927   -0.928    0.607   -0.793    0.143  
   0.471   -0.661   -0.888   -0.469   -0.579  
  -0.774    0.277    0.533   -0.880   -0.972  
   0.404    0.255   -0.446    0.361    0.376  
  -0.768   -0.971   -0.749   -0.196   -0.793  
   0.187    0.582   -0.810   -0.870   -0.947  
   0.078   -0.903    0.226    0.374   -0.604  
  -0.623   -0.950    0.038   -0.756    0.429  
   0.315   -0.908   -0.987   -0.967    0.311  
  -0.753    0.291    0.655   -0.844   -0.997  
  -0.130   -0.288   -0.761    0.234    0.125  
  -0.932   -0.953    0.448    0.207   -0.789  
  -0.008    0.344   -0.978   -0.983    0.556  
  -0.279   -0.658    0.102    0.282   -0.983  
  -0.955    0.308    0.147   -0.675    0.065  
   0.253   -0.987   -0.983    0.024   -0.019  
  -0.784    0.116    0.468   -0.999   -0.907  
   0.643   -0.446   -0.796    0.210    0.701  
  -0.954   -0.975    0.461    0.551   -0.526  
   0.318    0.603   -0.949   -0.996   -0.192  
   0.390   -0.787    0.136    0.350   -0.952  
  -0.999   -0.381   -0.998   -0.996   -0.128  
   0.253   -0.804   -0.998    0.307   -0.711  
  -1.000   -0.239    0.608   -0.826   -0.969  
   0.268   -0.358   -0.999   -0.261    0.721  
  -0.705   -0.997    0.179   -0.016   -1.000  
  -0.135    0.498   -0.772   -0.970   -0.648  
  -0.282   -0.989   -0.193    0.493   -0.879  
  -0.996   -0.128    0.374   -0.995    0.078  
   0.674   -0.538   -0.994    0.066    0.484  
  -0.994    0.249    0.416   -0.728   -0.895  
  -0.987   -0.259   -0.997    0.261    0.426  
  -0.677   -0.566   -0.495   -0.125   -0.979  
   0.059    0.456   -0.912   -0.938    0.557  
   0.029   -0.996   -0.252    0.294   -0.945  
  -0.998    0.954   -0.061   -0.992   -0.011  
   0.507   -0.984   -0.897    0.581    0.131  
  -0.922   -0.011    0.392   -0.960   -0.997  
   0.197   -0.105   -0.871   -0.237    0.261  
  -0.927   -0.996    0.677   -0.059   -0.966  
  -0.433    0.356   -0.769   -0.999    0.524  
  -0.141   -0.989   -0.658    0.695   -0.875  
  -0.992    0.430   -0.775   -0.983   -0.464  
   0.675   -0.841   -0.995   -0.262    0.013  
  -0.991   -0.236    0.358   -0.946   -0.994  
  -0.043    0.512   -0.995   -0.202    0.058  
  -0.912   -0.998    0.949   -0.424   -0.938  
  -0.281    0.527   -0.873   -0.993    0.781  
  -0.504   -0.966   -0.427    0.716   -0.984  
  -0.967    0.042    0.629   -0.999    0.096  
   0.391   -0.780   -0.997    0.549   -0.275  
  -1.000    0.160    0.179   -0.959   -0.990  
   0.601   -0.947   -0.962   -0.121    0.636  
  -1.000   -0.982    0.187   -0.123   -0.836  
  -0.111    0.780   -0.983   -0.968    0.612  
  -0.145   -0.870   -0.242    0.375   -0.950  
  -0.988    0.905   -0.483   -0.981   -0.794  
   0.590   -0.996   -0.989    0.878   -0.975  
  -0.990   -0.954    0.911   -0.799   -0.757  
   0.284   -0.385   -0.996   -0.836    0.867  
  -0.989   -0.942    0.396    0.216   -0.939  
  -0.614    0.564   -0.962   -0.995    0.429  
   0.238   -0.902   -0.699    0.512   -0.997  
  -0.949    0.629    0.252   -0.886   -0.734  
   0.624   -0.870   -0.753    0.647    0.130  
  -0.984   -0.785    0.796   -0.833   -0.857  
   0.274   -0.091   -0.967   -0.792    0.732  
  -0.827   -0.602   -0.723   -0.275   -0.962  
  -0.799    0.685   -0.998   -0.952   -0.887  
  -0.088   -0.919   -0.841    0.508   -0.987  
  -0.694   -0.957   -0.066   -0.987   -0.754  
   0.446   -0.890   -0.834   -0.994   -0.086  
  -0.968   -0.985    0.481   -0.958   -0.836  
  -0.833   -0.640   -0.985   -0.873    0.564  
  -0.924   -0.955   -0.821   -0.336   -0.999  
  -0.997    0.510   -0.968   -0.798   -0.863  
  -0.863   -0.901   -0.979    0.718   -0.989  
  -0.990   -0.511   -0.374   -0.996   -0.996  
   0.646   -0.984   -0.991    0.059    0.477  
  -0.955   -0.951    0.493   -0.958   -1.000  
  -0.157    0.701   -0.974   -0.968    0.499  
  -0.905   -0.996   -0.080    0.482   -0.986  
  -0.554    0.854   -0.577   -0.978   -0.228  
   0.292   -0.934   -0.681    0.425   -0.849  
  -0.998   -0.210    0.300   -0.978   -0.990  
   0.438   -0.981   -0.951   -0.467   -0.394  
  -0.994   -0.991    0.753   -0.997   -0.999  
  -0.301   -0.822   -0.963   -0.937    0.627  
  -0.986   -0.963   -0.168   -0.373   -0.960  
  -0.986    0.412   -0.992   -1.000   -0.110  
   0.376   -0.999   -0.977    0.682   -0.969  
  -0.922    0.298   -0.025   -0.991   -0.984  
   0.807   -0.989   -0.951    0.248   -0.827  
  -0.897   -1.000    0.647   -1.000   -0.990  
  -0.507    0.533   -0.761   -1.000    0.511  
  -0.870   -0.994    0.299    0.488   -0.729  
  -0.988    0.543   -0.914   -0.958    0.210  
   0.288   -0.809   -0.873    0.546   -0.829  
  -0.999   -0.083    0.179   -0.690   -0.938  
   0.587   -0.962   -0.998   -0.380    0.181  
  -0.938   -0.998    0.582   -0.967   -0.977  
  -0.394    0.389   -0.890   -0.844    0.585  
  -0.944   -0.979   -0.586   -0.123   -0.881  
  -0.541    0.648   -0.996   -0.998    0.199  
   0.445   -0.908   -0.408    0.519   -0.981  
  -0.986   -0.666    0.341   -0.911   -0.459  
   0.557   -0.921   -0.965   -0.509   -0.271  
  -0.962   -0.318    0.097   -0.899   -0.946  
   0.641    0.083   -0.902   -0.164    0.880  
  -0.798   -0.985    0.319   -0.403   -0.921  
  -0.269    0.219   -0.898   -0.987   -0.364  
  -0.317   -0.940   -0.269    0.552   -0.941  
  -0.995    0.085    0.303   -0.989   -0.070  
   0.523   -0.958   -0.998    0.015   -0.305  
  -0.987   -0.027    0.896   -0.888   -0.999  
   0.315    0.019   -0.931   -0.001    0.288  
  -0.767   -0.999    0.696    0.089   -0.988  
   0.062    0.717   -0.841   -0.998    0.178  
  -0.662   -1.000   -0.020    0.486   -0.942  
  -1.000   -0.607    0.594   -0.967   -0.017  
   0.409   -0.763   -0.779   -0.971    0.501  
  -0.931   -0.186    0.427   -0.810   -0.715  
  -0.524   -0.406   -0.991    0.091    0.389  
  -0.700   -0.700   -0.948   -0.969   -0.951  
   0.348    0.526   -0.896   -0.886   -0.958  
  -0.088   -0.992    0.293    0.407   -0.947  
  -0.796   -0.972    0.720   -0.991    0.122  
   0.314   -0.977   -0.757   -0.812    0.973  
  -0.874    0.086    0.422   -0.934   -0.552  
  -0.824    0.919   -0.995    0.136    0.475  
  -0.939   -0.785   -0.885    0.220   -1.000  
   0.094    0.172   -0.936   -0.717   -0.770  
  -0.999   -0.824    0.178    0.207   -0.907  
  -0.648   -0.826    0.517   -0.788    0.148  
   0.519   -0.998   -0.883   -0.982   -0.560  
  -0.956    0.170    0.563   -0.986   -0.867  
  -0.994   -0.085   -0.824    0.019    0.051  
  -0.970   -0.919   -0.970   -0.850   -0.967  
   0.194    0.714   -0.999   -0.975   -0.758  
   0.118   -0.833    0.202    0.572   -0.976  
  -0.974   -0.731   -0.882   -0.876    0.093  
   0.033   -0.998   -0.865   -0.964   -0.208  
  -0.998   -0.043    0.537   -0.914   -0.979  
  -0.863    0.346   -0.998   -0.038    0.785  
  -0.925   -0.886   -0.987   -0.170   -0.979  
   0.074    0.103   -0.984   -0.912   -0.877  
  -1.000   -0.890   -0.127    0.648   -0.993  
  -0.871   -0.585   -0.969   -0.988    0.039  
   0.625   -0.998   -0.936   -0.988    0.481  
  -0.991    0.319   -0.220   -0.999   -0.839  
  -0.986    0.983   -0.915    0.236    0.622  
  -0.761   -0.973   -0.872    0.771   -0.387  
   0.256    0.447   -0.978   -0.756   -0.817  
   0.133   -0.789    0.407    0.207   -0.993  
  -0.900   -0.984    0.155   -0.669    0.352  
  -0.359   -0.949   -0.661   -0.805    0.169  
  -0.598    0.322    0.690   -0.998   -0.946  
  -0.993   -0.465   -0.838    0.331    0.462  
  -0.975   -0.750   -0.883   -0.086   -0.630  
   0.379   -0.417   -0.968   -0.679   -0.917  
  -0.896   -0.932    0.215    0.210   -1.000  
  -0.952   -0.937   -0.169   -0.998    0.258  
   0.122   -0.882   -0.855   -1.000    0.611  
  -0.952    0.457    0.705   -0.843   -0.889  
  -0.964    0.993   -0.932    0.523   -0.149  
  -0.998   -0.996   -0.971    1.000   -0.933  
   0.132    0.365   -0.796   -0.488   -0.926  
   0.969   -0.890    0.221    0.375   -0.922  
  -0.879   -1.000    0.874   -0.961    0.269  
   0.604   -0.969   -0.748   -0.725    1.000  
  -0.893    0.338    0.385   -1.000   -0.890  
  -0.636    0.982   -0.976    0.183    0.311  
  -1.000   -0.865   -0.895    0.938   -0.984  
  -0.116    0.360   -0.870   -0.776   -0.499  
   0.978   -0.959   -0.065    0.806   -0.838  
  -0.730   -0.616    0.990   -0.991   -0.140  
  -0.102   -0.999   -0.943    0.376    0.970  
  -1.000   -0.438    0.937   -0.985   -0.951  
   0.938    0.969   -0.954   -0.356   -0.143  
  -1.000   -0.995    0.760    0.887   -0.952  
  -0.216    0.895   -0.954   -0.860    0.727  
   0.972   -0.998   -0.302    0.532   -0.995  
  -0.997    0.981    0.935   -0.849   -0.213  
   0.360   -0.996   -0.852    0.457    0.747  
  -0.766   -0.062   -0.112   -0.994   -0.926  
   0.528   -0.040   -0.725    0.267    0.184  
  -0.799   -0.870    0.858   -0.595   -0.743  
   0.098    0.455   -0.781   -0.999    0.991  
   0.491   -0.729   -0.385    0.657   -0.804  
  -0.990    0.722    0.080   -0.782   -0.245  
   0.508   -0.925   -0.963    0.407    0.378  
  -0.817   -0.150    0.511   -0.805   -0.994  
   0.539   -0.883   -0.976   -0.057    0.622  
  -0.685   -0.991   -0.218   -0.950   -0.998  
  -0.052    0.395   -0.944   -0.974    0.236  
  -0.285   -0.990   -0.527    0.400   -0.995  
  -0.968   -0.203    0.086   -0.992   -0.378  
   0.733   -0.861   -0.995    0.477   -0.001  
  -1.000   -0.072    0.559   -0.769   -0.972  
   0.963   -0.903   -0.965    0.119    0.235  
  -0.785   -0.987    0.934   -0.317   -0.629  
   0.433    0.648   -0.699   -0.818    0.409  
   0.641   -0.764    0.209    0.603   -0.772  
  -0.702    0.508    0.342   -0.904    0.114  
   0.138   -0.930   -0.994    1.000   -0.146  
  -0.872    0.164    0.123   -0.848   -0.978  
   0.975   -0.336   -0.578    0.204    0.772  
  -0.595   -0.993    0.968   -0.953   -0.998  
  -0.300    0.482   -0.569   -0.982    0.906  
  -0.326   -0.864   -0.700    0.147   -0.900  
  -0.998    0.538   -0.023   -0.839   -0.767  
   0.790   -0.910   -0.999    0.064    0.465  
  -0.864   -0.666    0.645   -0.794   -0.991  
   0.655    0.349   -0.775   -0.947    0.550  
  -0.948   -0.998    0.264    0.213   -0.825  
  -0.728    0.596   -0.816   -0.982    0.271  
   0.314   -0.957   -0.459    0.708   -0.746  
  -1.000    0.153    0.170   -0.886   -0.544  
   0.665   -0.860   -0.974   -0.486   -0.985  
  -0.996   -0.730    0.523   -0.935   -0.996  
   0.213    0.558   -0.977   -0.985    0.347  
  -0.952   -1.000    0.383    0.704   -0.995  
  -0.998    0.907   -0.957   -0.973   -0.627  
  -0.052   -0.942   -1.000    0.353   -0.994  
  -0.983   -0.407   -0.966   -0.996   -0.870  
   0.840   -0.990   -0.816   -1.000   -0.839  
  -0.999   -0.470    0.061   -0.820   -0.443  
  -0.794    0.270   -0.970   -0.534    0.793  
  -0.933   -0.744   -0.441   -0.423   -0.850  
  -0.555    0.585   -0.967   -0.772   -0.125  
  -0.820   -0.986   -0.485    0.235   -0.900  
  -0.810   -0.447   -0.205   -0.977   -0.516  
   0.769   -0.906   -0.886   -0.913   -0.366  
  -0.935   -0.179    0.445   -0.793   -0.998  
   0.011    0.470   -0.866   -0.253    0.472  
  -0.711   -0.996    0.730    0.843   -0.947  
  -0.616    0.254   -0.855   -0.998    0.877  
   0.826   -0.994   -0.558    0.656   -0.804  
  -0.963    0.941    0.965   -1.000   -0.313  
   0.513   -0.786   -0.996    0.999    0.973  
  -0.990   -0.636    0.581   -0.928   -0.984  
   0.999    0.896   -0.962   -0.681    0.497  
  -0.928   -0.838    0.703    0.903   -0.910  
  -0.412    0.452   -0.933   -0.939    0.458  
   0.999   -0.979   -0.402    0.435   -0.938  
  -0.999    0.812    0.993   -0.999   -0.289  
   0.548   -0.943   -0.967    0.720    0.949  
  -0.938   -0.510    0.744   -0.923   -0.998  
   0.781    0.997   -0.859   -0.353    0.442  
  -0.971   -1.000   -0.343    0.823   -0.989  
  -0.347    0.531   -1.000   -0.944    0.311  
   0.198   -0.964   -0.240    0.608   -0.916  
  -0.993    0.804   -0.409   -0.999   -0.693  
   0.736   -0.852   -0.997    0.517   -0.155  
  -0.888   -0.810    0.605   -0.856   -0.939  
  -0.703    0.117   -0.881   -0.591    0.737  
  -0.905   -0.831   -1.000    0.209   -0.918  
  -0.500    0.439   -0.883   -0.727   -0.073  
   0.334   -0.968   -0.346    0.246   -0.642  
  -0.313   -0.432    0.262   -0.877   -0.792  
   0.315   -0.839   -0.759   -0.653   -0.391  
  -0.899   -0.955    0.787   -0.888   -0.593  
  -0.734    0.047   -0.962   -0.608    0.360  
  -0.907   -0.879   -0.750    0.074   -0.946  
  -0.502    0.506   -0.914   -0.754   -0.716  
  -0.059   -0.867   -0.488    0.659   -0.798  
  -0.814   -0.752    0.094   -0.948   -0.633  
   0.554   -0.806   -0.722   -0.966    0.107  
  -0.952   -0.782    0.627   -0.971   -0.927  
  -0.661   -0.879   -1.000   -0.944    0.487  
  -0.956   -0.680   -0.635    0.128   -0.670  
  -0.944    0.662   -0.900   -0.853   -0.987  
  -0.337   -0.827   -0.995    0.631   -0.930  
  -0.955   -0.773   -0.305   -0.925   -0.901  
   0.634   -0.996   -0.994   -0.838   -0.127  
  -0.909   -0.703    0.480   -0.873   -0.985  
  -0.820    0.010   -0.762   -0.896    0.627  
  -0.831   -0.976   -0.628    0.180   -0.822  
  -0.995    0.606   -0.978   -0.992   -0.380  
  -0.122   -0.730   -0.905    0.732   -0.987  
  -0.995   -0.019   -0.049   -0.841   -0.885  
   0.591   -0.999   -0.994    0.435   -0.015  
  -0.759   -0.833    0.510   -0.965   -0.998  
   0.983   -0.985   -0.982   -1.000    0.420  
  -0.999   -0.931    0.465   -0.417   -0.826  
  -0.945    0.433   -0.956   -0.831    0.111  
  -0.352   -0.817   -0.867    0.420   -0.663  
  -0.523   -0.281    0.442   -0.865   -0.837  
   0.442   -0.768   -0.874   -1.000   -0.536  
  -0.931   -0.794    0.459   -0.799   -0.572  
  -0.428    0.212   -0.923   -0.843    0.710  
  -0.982   -0.938   -0.308    0.422   -0.952  
  -0.860    0.509   -0.997   -0.682   -0.839  
   0.604   -0.934   -0.683    0.571   -0.928  
  -0.834   -0.723    0.554   -0.956   -0.780  
   0.522   -0.973   -0.884   -1.000   -0.637  
  -0.879   -0.869    0.490   -0.971   -0.789  
  -0.672    0.323   -0.871   -0.850    0.594  
  -0.999   -0.786   -0.437   -0.403   -0.958  
  -0.911    0.675   -0.998   -0.659   -0.863  
  -0.115   -0.985   -0.813    0.454   -0.983  
  -0.973   -0.998   -0.477   -0.873   -0.950  
   0.414   -0.894   -0.787   -0.913    0.382  
  -0.821   -0.974    0.861   -0.900   -0.844  
  -0.987    0.333   -0.740   -0.990    0.751  
  -0.762   -0.746   -0.834    0.955   -0.947  
  -0.953    0.572   -0.946   -0.800   -0.965  
   0.952   -0.999   -0.533    0.581   -0.990  
  -0.916   -0.901    0.923   -0.996   -0.173  
   0.688   -0.952   -0.900   -0.993    0.979  
  -0.970    0.024    0.642   -0.897   -0.897  
  -0.976    0.969   -0.991   -0.187    0.531  
  -0.977   -0.816   -0.774    0.994   -0.958  
  -0.209    0.709   -0.978   -0.946   -0.961  
   0.993   -0.986   -0.346    0.450   -0.999  
  -0.820   -0.710    0.862   -1.000   -0.361  
   0.660   -0.996   -0.864   -0.998    0.757  
  -0.999   -0.484    0.569   -0.990   -0.908  
  -0.895    0.676   -0.980   -0.380    0.522  
  -0.987   -0.977   -0.960    0.885   -0.995  
  -0.337    0.747   -0.995   -0.816   -0.993  
   0.612   -0.852   -0.105    0.337   -0.995  
  -0.885   -0.998   -0.881   -0.825    0.320  
   0.434   -0.974   -0.863   -0.861   -0.034  
  -0.709   -0.068    0.696   -1.000   -0.816  
  -0.536    0.578   -0.561   -0.027    0.354  
  -1.000   -0.974   -0.990    0.330   -0.851  
  -0.039    0.598   -0.946   -0.828   -0.999  
  -0.105   -0.907   -0.463    0.620   -0.992  
  -0.801   -0.880    0.151   -0.846   -0.793  
   0.474   -0.977   -0.783   -0.343    0.221  
  -0.953   -0.631    0.472   -0.989   -0.765  
  -0.770    0.058   -0.914   -0.138    0.628  
  -0.991   -0.944   -0.972    0.045   -0.470  
  -0.196    0.720   -0.713   -0.980   -0.954  
   0.406   -0.950   -0.811    0.462   -0.311  
  -0.972   -0.704    0.723   -0.998   -0.946  
   0.575   -0.290   -0.906   -0.721   -0.800  
  -0.994   -0.981    0.866    0.026   -0.997  
  -0.554   -0.390   -0.967   -1.000    0.603  
   0.237   -0.978   -0.774   -0.882   -1.000  
  -0.986    0.324    0.356   -0.994   -0.628  
   0.252   -0.980   -0.993    0.301    0.587  
  -0.996   -0.299   -0.156   -0.942   -0.921  
   0.434    0.637   -0.943    0.747   -0.179  
  -0.961   -0.984    0.199    0.593   -0.800  
   0.946    0.102   -0.996   -0.962    0.606  
   0.730   -0.816    0.996   -0.662   -0.995  
  -0.997    0.719    0.833   -0.865    0.899  
   0.348   -0.952   -0.961    0.543    0.971  
  -0.805    0.707    0.799   -0.998   -0.981  
   0.573    0.936   -0.756    0.550    1.000  
  -0.982   -0.990    0.730    0.786   -0.658  
   0.476    0.931   -0.896   -0.968    0.651  
   0.710   -0.719    0.307    0.871   -0.815  
  -0.994    0.439    0.801   -0.813   -0.011  
   0.976   -0.982   -0.986    0.611    0.901  
  -0.904   -0.407    0.989   -0.910   -1.000  
   0.571    0.791   -0.848   -0.177    0.885  
  -0.897   -1.000    0.836    0.730   -0.722  
   0.577    0.346   -0.726   -1.000    0.578  
   0.854   -0.545    0.626   -0.934   -0.963  
  -0.998    0.462    0.734   -0.886    0.685  
  -0.027   -0.956   -0.945    0.576    0.925  
  -0.574    0.071    0.638   -0.954   -0.885  
   0.547    0.868   -0.738    0.451   -0.819  
  -0.989   -0.999    0.764    0.993   -0.853  
  -0.112   -0.330   -0.949   -0.949    0.503  
   0.957   -0.894    0.701    0.427   -0.999  
  -0.599    0.606    0.927   -0.876    0.989  
  -0.515   -0.992   -0.390    0.703    0.964  
  -0.899    0.515    0.439   -0.997   -0.144  
   0.730    0.993   -0.964   -0.727    0.765  
  -0.965   -0.108    0.301    0.919   -0.981  
  -0.832    0.918   -0.850   -0.013    0.461  
   0.961   -0.493    0.089    0.871   -0.826  
   0.251    0.250    0.942   -0.897   -0.089  
   0.865   -0.939   -0.138    0.150    0.920  
  -0.943   -0.766    0.985   -0.940   -0.719  
   0.688    0.854   -0.870   -0.341    0.656  
  -0.973   -0.912    0.640    0.880   -0.833  
  -0.034    0.679   -0.982   -0.897    0.574  
   0.719   -0.780   -0.074    0.362   -0.650  
  -0.996    0.414    0.728   -0.930   -0.943  
   0.290   -0.724   -0.994    0.611    0.582  
  -0.935   -0.489    0.796   -0.847   -0.974  
   0.736    0.890   -0.899    0.857    0.902  
  -0.898   -0.928    0.680    0.842   -0.966  
   0.973    0.435   -0.876   -1.000    0.464  
   0.626   -0.767    1.000    0.511   -0.708  
  -0.978    0.786    0.647   -0.793    0.981  
   0.988   -1.000   -0.933    0.503    0.833  
  -0.708    0.969    0.924   -0.998   -0.965  
   0.657    0.793   -0.813    0.973    0.853  
  -0.874   -0.979    0.819    0.754   -0.578  
   0.978    0.996   -0.973   -0.950    0.403  
   0.845   -0.734    0.990    0.990   -0.999  
  -0.949    0.703    0.881   -0.795    0.999  
   0.998   -1.000   -0.986    0.743    0.808  
  -0.918    0.968    0.585   -0.990   -0.977  
   0.609    0.743   -0.598    0.783   -0.453  
  -0.907   -0.867    0.572    0.676   -0.591  
   0.596   -1.000   -0.986   -0.941    0.554  
   0.721   -0.684    0.678   -0.775   -0.914  
  -0.821    0.730    0.739   -0.782    0.267  
  -0.785   -0.967   -0.558    0.587    0.735  
  -0.628   -0.095   -0.724   -0.785   -0.098  
   0.418    0.897   -0.970   -0.454    0.251  
  -0.480    0.114    0.443    1.000   -0.983  
  -0.855   -0.444   -0.679    0.141   -0.059  
   0.936   -0.937   -0.238    0.541   -0.763  
  -0.180    0.267    0.869   -0.697    0.060  
   1.000   -0.974   -0.241    0.349    0.840  
  -0.848   -0.214    0.712   -0.996    0.155  
   0.456    0.999   -0.772   -0.008    0.467  
  -1.000   -0.079    0.474    0.939   -0.886  
  -0.635   -0.192   -0.998   -0.091    0.428  
   0.797   -0.834   -0.150   -0.883   -0.957  
  -0.101    0.213    0.764   -0.693    0.667  
  -0.527   -0.999   -0.219    0.379    0.911  
  -0.625    0.449   -0.143   -1.000   -0.108  
   0.428    0.877   -0.702    0.593   -0.671  
  -0.999   -0.002    0.256    0.939   -0.635  
   0.496   -0.750   -0.882   -0.048    0.404  
   0.852   -0.700    0.059   -0.743   -0.892  
  -0.356    0.311    0.617   -0.860   -0.482  
  -0.796   -0.864   -0.490    0.300    0.674  
  -0.996   -0.675   -0.949   -0.994   -0.474  
   0.425    0.715   -0.896    0.759    0.371  
  -0.993   -0.544    0.722    0.722   -0.858  
   0.897    0.402   -0.989   -0.774    0.545  
   0.511   -0.945    0.445   -0.924   -0.975  
  -0.589    0.412    0.299   -0.998   -0.289  
  -0.472   -0.799   -0.333    0.297    0.404  
  -0.991   -0.931    0.023   -0.582   -0.393  
   0.263    0.495   -0.950   -0.833    0.331  
  -0.613   -0.391    0.527    0.313   -0.990  
  -0.993    0.119   -0.759   -0.433    0.406  
   0.619   -0.984    0.456    0.558   -0.575  
  -0.223    0.500    0.839   -0.805    0.982  
   0.405   -0.734    0.087    0.506    0.916  
  -0.936    0.944    0.231   -0.775    0.047  
   0.414    0.983   -0.882    0.539    0.345  
  -0.523    0.067    0.320    0.891   -0.996  
   0.408    0.129   -0.713   -0.281    0.553  
   0.910   -0.972    0.507    0.509   -0.764  
  -0.073    0.538    0.872   -0.996    0.701  
   0.386   -0.813   -0.128    0.059    0.847  
  -0.931    0.673   -0.362   -0.798   -0.010  
   0.288    0.883   -0.963    0.774   -0.012  
  -0.634   -0.281    0.787    0.945   -0.942  
   0.743    0.120   -0.451   -0.148    0.480  
   0.819   -0.972    0.724    0.281   -0.603  
   0.089   -0.098    0.855   -0.713    0.882  
  -0.023   -0.823    0.199    0.224    0.968  
  -0.767    0.369    0.074   -0.776    0.095  
   0.410    0.984   -0.697    0.731    0.366  
  -0.762   -0.208    0.511    0.792   -0.854  
  -0.160    0.839   -0.691   -0.456    0.785  
   0.908   -0.833   -0.835    0.114   -0.629  
  -0.263    0.547    0.871   -0.995   -0.942  
   0.592   -0.673    0.010   -0.105    0.901  
  -0.995   -0.553    0.445   -0.775   -0.278  
   0.636    0.888   -0.992   -0.997    0.153  
  -0.865   -0.480    0.677    0.895   -0.985  
  -0.982   -0.932   -0.918   -0.118    0.557  
   0.991   -1.000   -0.890   -0.279   -0.998  
   0.089    0.647    0.994   -0.983   -0.976  
  -0.142   -0.980    0.085    0.560    0.945  
  -0.999   -0.837   -0.861   -0.891    0.138  
   0.361    0.942   -0.974   -0.792    0.922  
  -0.753   -0.026    0.562    0.928   -0.999  
  -0.962    0.311   -0.971   -0.244    0.311  
   0.847   -0.966   -0.995   -0.614   -0.788  
  -0.256    0.307    0.793   -1.000   -0.801  
  -0.479   -1.000   -0.171    0.411    0.884  
  -0.989   -0.994    0.098   -0.998   -0.097  
   0.145    0.945   -1.000   -0.995   -0.160  
  -0.985    0.271    0.338    1.000   -0.977  
  -0.747    0.128   -0.999    0.017    0.199  
   0.919   -1.000   -0.885    0.180   -0.995  
   0.040    0.115    0.956   -0.948   -0.548  
  -0.698   -0.996   -0.276    0.468    0.967  
  -0.999   -0.984   -0.320   -1.000   -0.290  
   0.742    0.934   -0.997   -0.867   -0.089  
  -0.993   -0.223    0.301    0.879   -0.957  
  -0.998    0.345   -0.996   -0.144    0.130  
   0.845   -0.818   -0.225   -0.321   -0.954  
  -0.615    0.623    0.890   -0.694    0.886  
   0.082   -0.982   -0.409    0.734    0.954  
  -0.841   -0.108   -0.337   -0.981   -0.693  
   0.109    0.773   -0.903   -0.903   -0.068  
  -0.964   -0.653    0.819    0.347   -0.635  
   0.406   -0.364   -0.973   -0.615    0.419  
   0.450   -0.676    0.642    0.050   -0.983  
  -0.527    0.483    0.706   -0.858   -0.340  
  -0.016   -0.958   -0.272    0.665    0.791  
  -0.756    0.073   -0.025   -1.000   -0.245  
   0.382    0.857   -0.762    0.714   -0.147  
  -0.999   -0.251    0.110    0.733   -0.796  
   0.925    0.387   -0.999   -0.165    0.493  
   0.522   -0.993    0.571    0.022   -0.980  
  -0.449    0.557    0.633   -0.895    0.805  
  -0.086   -0.986   -0.364    0.657    0.835  
  -0.734    0.731   -0.717   -0.977   -0.225  
   0.627    0.975   -0.877   -0.331   -0.379  
  -0.989   -0.149    0.371    0.991   -0.921  
  -0.039    0.340   -0.948   -0.312    0.507  
   0.988   -0.762    0.307   -0.993   -0.863  
  -0.469    0.714    0.964   -0.827    0.377  
  -0.698   -0.899   -0.749    0.793    0.988  
  -0.877   -0.437    0.420   -0.952   -0.590  
   0.691    0.991   -0.972   -0.973    0.995  
  -0.996   -0.657    0.403    0.992   -0.970  
  -0.596    0.746   -0.965   -0.770    0.872  
   0.983   -0.960   -0.956    0.947   -0.920  
  -0.842    0.617    0.969   -0.986   -0.821  
   0.899   -0.950   -0.735    0.183    0.996  
  -0.899   -0.810    0.992   -0.975   -0.733  
   0.796    0.995   -0.943   -0.702    0.709  
  -0.836   -0.988    0.501    0.903   -0.997  
  -0.126    0.862   -0.948   -0.985    0.544  
   0.673   -0.999   -0.024    0.982   -0.973  
  -0.952    0.844    0.878   -0.955    0.493  
   0.889   -1.000   -0.966    0.739    0.995  
  -0.963    0.690    0.960   -0.991   -0.999  
   0.441    0.930   -0.845    1.000    0.921  
  -0.872   -0.973    0.648    0.850   -0.728  
   0.211    0.976   -0.978   -1.000    0.609  
   0.923   -0.792   -0.594    0.850   -0.998  
  -0.994    0.702    0.915   -0.857   -0.363  
   0.991   -0.900   -0.963    0.700    0.871  
  -0.554    0.674    0.696   -0.822   -1.000  
   0.415    0.784   -0.734    0.752    0.901  
  -0.999   -0.945    0.544    0.957   -0.721  
   0.899    0.965   -0.978   -0.960    0.772  
   0.904   -0.862    0.996    0.865   -0.992  
  -0.915    0.573    0.696   -0.938    0.868  
  -0.837   -0.859   -0.963    0.422    0.876  
  -0.607    0.962   -0.710   -0.997   -0.994  
   0.236    0.848   -0.991   -0.143   -0.204  
  -0.999   -0.998    0.786    0.893   -0.953  
   0.750    0.419   -0.997   -0.993    0.339  
   0.959   -0.729    0.957   -0.010   -0.934  
  -0.987    0.801    0.999   -0.796    0.220  
  -0.386   -0.999   -0.984    0.800    0.980  
  -0.976   -0.889   -0.210   -0.997   -0.986  
   0.160    0.970   -0.964    0.692   -0.089  
  -0.997   -0.986    0.703    0.885   -0.832  
   0.683    0.502   -0.999   -1.000    0.601  
   0.838   -0.951   -0.724    0.710   -0.982  
  -0.992    0.423    0.838   -0.791    0.045  
  -0.346   -0.992   -0.920    0.685    0.941  
  -0.767   -0.150   -0.415   -0.808   -0.985  
   0.590    0.871   -0.692    0.103    0.634  
  -0.890   -0.999    0.702    0.906   -0.753  
  -0.180   -0.394   -0.936   -0.975    0.435  
   0.966   -0.681   -0.393    0.088   -0.974  
  -0.974    0.647    0.818   -0.749   -0.144  
  -0.164   -0.962   -0.987    0.703    0.600  
  -0.812   -0.296   -0.403   -0.934   -0.982  
   0.604    0.687   -0.935   -0.929    0.352  
  -0.944   -0.975    0.532    0.803   -0.987  
  -0.968    0.945   -0.995   -0.996    0.570  
   0.835   -0.965   -0.979    0.997   -0.938  
  -0.948    0.582    0.913   -0.991   -0.400  
   0.988   -0.893   -0.990    0.496    0.863  
  -0.999    0.517    0.919   -0.951   -0.958  
   0.316    1.000   -0.567    0.925    0.998  
  -0.971   -0.813    0.566    0.987   -0.860  
   0.504    0.962   -0.985   -0.793    0.639  
   0.997   -0.814    0.619    0.990   -0.995  
  -0.930    0.583    0.964   -0.728    0.448  
   0.981   -0.974   -0.992    0.545    0.978  
  -0.756    0.305    0.969   -0.997   -0.968  
   0.712    0.942   -0.780    0.509    0.824  
  -0.969   -0.986    0.689    0.955   -0.678  
   0.846    0.451   -0.805   -0.939    0.477  
   0.919   -0.891    0.987    0.784   -0.993  
  -0.987    0.464    0.960   -0.774    0.674  
   0.795   -0.946   -0.958    0.461    0.760  
  -0.902   -0.714    0.872   -0.987   -0.986  
   0.743    0.949   -0.842   -0.999    0.255  
  -0.832   -0.849    0.422    0.918   -0.957  
  -0.743   -0.426   -0.728   -0.687    0.340  
   0.910   -0.969    0.318    0.398   -0.819  
  -0.510    0.675    0.921   -0.867   -0.840  
  -0.269   -0.858   -0.408    0.341    0.709  
  -0.888    0.859   -0.306   -0.617   -0.232  
   0.261    0.966   -0.563    0.321    0.095  
  -0.641   -0.189    0.063    0.878   -0.993  
  -0.805   -0.491   -0.764   -0.533    0.649  
   0.698   -0.978   -0.225   -0.429   -0.983  
  -0.601    0.361    0.671   -0.956    0.787  
  -0.052   -0.924   -0.788   -0.006    0.599  
  -0.729    0.965    0.282   -0.811   -0.509  
   0.082    0.711   -0.936   -0.767    0.563  
  -0.849   -0.441    0.775    0.948   -0.933  
   0.739    0.268   -0.904   -0.614    0.317  
   0.811   -0.764    0.713   -0.633   -0.916  
  -0.533    0.402    0.762   -0.767   -0.522  
  -0.052   -0.872   -0.434    0.430    0.743  
  -0.897   -0.593    0.445   -0.959   -0.841  
   0.562    0.776   -0.661    0.071   -0.266  
  -0.939   -0.866    0.567    0.663   -0.870  
   0.867   -0.962   -1.000   -0.844    0.424  
   0.759   -0.557    0.414   -0.056   -0.982  
  -0.650    0.709    0.751   -0.779    0.294  
  -0.304   -1.000   -0.476    0.389    0.607  
  -0.759    0.054   -0.290   -0.990   -0.430  
   0.439    0.757   -0.669    0.620   -0.528  
  -0.939   -0.619    0.434    0.902   -0.825  
  -0.322   -0.203   -0.795   -0.514    0.339  
   0.775   -0.828    0.417   -0.380   -0.831  
  -0.357    0.226    0.760   -0.788    0.599  
  -0.385   -0.697    0.031    0.185    0.875  
  -0.872    0.391   -0.092   -0.640   -0.082  
   0.071    0.860   -0.849    0.491   -0.108  
  -0.840   -0.219    0.352    0.912   -0.725  
  -0.149    0.023   -0.798   -0.037    0.352  
   0.945   -0.868    0.693   -0.234   -0.741  
  -0.231    0.544    0.952   -0.677    0.370  
  -0.040   -0.898   -0.522    0.587    0.906  
  -0.830    0.837   -0.577   -0.991   -0.753  
   0.497    0.856   -0.753    0.945   -0.469  
  -0.911   -0.588    0.545    0.975   -0.959  
   0.910   -0.296   -0.874   -0.084    0.419  
   0.999   -0.966    0.450    0.650   -0.723  
  -0.262    0.395    0.999   -0.972    0.901  
   0.287   -0.638   -0.239    0.375    0.985  
  -0.925    1.000   -0.339   -0.859    0.047  
   0.503    0.990   -0.938    0.889   -0.859  
  -0.918   -0.139    0.474    0.984   -0.838  
   0.920   -0.090   -0.759   -0.487    0.547  
   0.954   -0.951   -0.512    0.305   -0.923  
  -0.521    0.303    0.988   -1.000   -0.933  
   0.565   -0.934   -0.501    0.363    0.979  
  -0.993   -0.988    0.610   -0.799   -0.539  
   0.648    0.968   -0.997   -0.890   -0.177  
  -0.634   -0.025    0.288    1.000   -0.961  
  -1.000   -0.629   -0.785    0.108    0.409  
   0.978   -0.948   -0.534    0.088   -0.759  
  -0.012    0.397    0.999   -0.932   -0.302  
  -0.174   -0.732    0.098    0.372    0.999  
  -0.955   -0.829   -0.395   -0.825    0.166  
   0.505    0.983   -0.993   -0.965   -0.307  
  -0.832    0.155    0.526    0.998   -0.867  
  -0.506   -0.955   -0.936    0.148    0.480  
   0.993   -0.949   -0.498   -0.938   -0.916  
   0.263    0.393    0.988   -1.000   -0.997  
   0.379   -0.603    0.266    0.181    0.977  
  -0.980   -0.991    0.992   -0.978    0.321  
   0.277    0.860   -0.907   -0.522    0.942  
  -1.000    0.226    0.292    0.959   -0.944  
  -0.551    0.880   -0.861   -0.114    0.580  
   1.000   -0.992   -0.694    0.592   -0.820  
  -0.072    0.412    0.906   -0.995   -0.695  
   0.635   -0.717    0.015    0.573    0.951  
  -0.993   -0.107    0.988   -0.831   -0.028  
   0.379    0.930   -0.955   -0.544    0.977  
  -0.998   -0.519    0.657    0.923   -0.931  
  -0.987    1.000   -1.000   -0.760    0.650  
   0.607   -0.964   -0.293    0.994   -1.000  
  -0.797    0.251    0.755   -0.669   -0.279  
   0.971   -0.993   -0.873    0.561    0.831  
  -0.987   -0.839    0.889   -0.838   -0.738  
   0.812    0.984   -0.996   -0.778    0.761  
  -0.879   -0.900    0.470    0.933   -0.935  
  -0.564    0.800   -0.978   -0.838    0.337  
   0.842   -0.999   -0.015    0.986   -0.982  
  -0.756    0.363    0.819   -0.993    0.020  
   0.971   -0.989   -0.557    0.549    0.825  
  -0.912   -0.234    0.919   -0.881   -0.317  
   0.644    0.972   -1.000   -0.855    0.992  
  -0.938   -0.115    0.245    0.873   -0.966  
  -0.754    0.984   -0.965   -0.223    0.254  
   0.898   -0.567    0.009    0.995   -0.955  
  -0.215    0.487    0.822   -0.825    0.370  
   0.978   -0.970   -0.650    0.592    0.834  
  -0.671    0.050    0.998   -0.997   -0.827  
   0.653    0.862   -0.601    0.359    0.989  
  -0.972   -0.830    0.537    0.958   -0.706  
   0.935    0.986   -0.995   -0.668    0.464  
   1.000   -0.908    0.999    0.922   -1.000  
  -0.315    0.475    0.978   -0.923    0.309  
   0.997   -0.997   -0.530    0.485    0.998  
  -0.787    0.478    0.996   -0.977   -0.786  
   0.565    0.928   -0.841    0.642    0.948  
  -0.934   -0.844    0.663    0.990   -0.632  
   0.088    0.996   -0.990   -0.701    0.477  
   0.968   -0.854   -0.081    0.993   -0.989  
  -0.560    0.470    0.906   -0.862    0.200  
   0.972   -0.999   -0.491    0.576    0.986  
  -0.885   -0.035    0.999   -0.998   -0.610  
   0.595    0.992   -0.778    0.176    1.000  
  -0.970   -0.682    0.499    0.944   -0.808  
   0.921    0.998   -0.980   -0.609    0.465  
   0.991   -0.778    0.951    0.832   -1.000  
  -0.297    0.467    1.000   -0.863    0.998  
   0.915   -0.891    0.110    0.414    0.999  
  -0.958    0.143    0.924   -0.890    0.420  
   0.431    0.975   -0.867   -0.179    0.997  
  -0.967   -0.082    0.597    1.000   -0.970  
  -0.668    0.750   -0.687   -0.073    0.458  
   0.871   -0.999   -0.905    0.841   -0.894  
  -0.058    0.360    0.867   -0.901   -0.879  
   0.951   -0.859   -0.130    0.481    0.900  
  -0.982   -0.852    0.605   -0.562   -0.114  
   0.571    0.978   -0.979   -0.326   -0.314  
  -0.850    0.012    0.229    0.963   -0.999  
  -0.864   -0.842   -0.907   -0.231    0.190  
   0.867   -0.992   -0.999   -0.936   -0.925  
  -0.344    0.521    0.955   -0.914   -0.441  
  -0.504   -0.841   -0.289    0.473    0.975  
  -0.968   -0.723   -0.745   -0.919   -0.633  
   0.460    0.783   -0.909   -0.365   -0.643  
  -0.934   -0.852    0.338    0.548   -0.713  
   0.941   -0.339   -0.899   -0.722    0.331  
   0.204   -0.994    0.329    0.065   -0.757  
  -0.609    0.536    0.451   -1.000   -0.024  
   0.282   -0.822   -0.449    0.451    0.602  
  -0.871    0.915   -0.179   -0.740   -0.495  
   0.335    0.501   -0.983    0.677    0.440  
  -0.765   -0.636    0.305    0.865   -0.904  
   0.605   -0.025   -0.792   -0.414    0.389  
   0.793   -0.988    0.701   -0.984   -0.930  
  -0.331    0.443    0.689   -0.871    0.990  
  -0.675   -0.858   -0.307    0.500    0.729  
  -0.966    0.640   -0.676   -0.909   -0.572  
   0.591    0.744   -0.982    0.575   -0.909  
  -1.000   -0.710    0.562    0.765   -0.908  
   0.994   -0.609   -0.934   -0.794    0.101  
   0.846   -0.902    0.875    0.638   -0.762  
  -0.813    0.531    0.816   -0.988    0.668  
  -0.361   -0.919   -0.436    0.674    0.748  
  -0.905    0.970   -0.147   -1.000   -0.215  
   0.617    0.790   -0.732    0.883    0.150  
  -0.979   -0.397    0.397    0.837   -0.741  
   0.664    0.582   -0.997   -0.422    0.450  
   0.909   -0.774   -0.140    0.150   -0.983  
  -0.389    0.447    0.916   -0.853   -0.027  
  -0.005   -0.988   -0.412    0.213    0.931  
  -0.655    0.439    0.522   -0.964   -0.496  
   0.257    0.817   -0.719    0.725    0.898  
  -0.992   -0.265    0.442    0.717   -0.784  
   0.838    0.921   -0.918   -0.131    0.507  
   0.778   -0.690    0.804    0.990   -0.977  
  -0.234    0.672    0.890   -0.705    0.662  
   0.900   -0.959   -0.430    0.347    0.974  
  -0.672    0.700    0.681   -0.575   -0.250  
   0.266    0.865   -0.904    1.000   -0.613  
  -0.750   -0.029    0.636    0.871   -0.787  
   0.994   -0.526   -0.743   -0.230    0.657  
   0.919   -0.588    0.685   -0.360   -0.821  
  -0.374    0.333    0.716   -0.830    0.226  
  -0.648   -0.684   -0.317    0.172    0.853  
  -0.547    0.274    0.613   -0.743   -0.328  
   0.761    0.812   -0.961    0.999    0.677  
  -0.850   -0.180    0.376    0.865   -0.992  
   0.471    0.987   -0.950    0.091    0.054  
   0.931   -0.995   -0.754    0.656   -0.998  
   0.137    0.469    0.994   -0.998   -0.943  
  -0.063   -0.999    0.005    0.401    0.963  
  -0.923   -0.232    0.916   -0.985   -0.128  
   0.506    0.938   -0.716    0.685    0.998  
  -0.828   -0.164    0.482    0.813   -0.730  
   0.386    0.998   -0.884   -0.175    0.444  
   0.729   -0.725    0.607    0.782   -1.000  
  -0.362    0.427    0.941   -0.591    0.676  
   0.514   -0.942   -0.555    0.520    0.941  
  -0.907    0.401   -0.657   -0.981   -0.747  
   0.513    0.996   -0.625    0.671    0.168  
  -0.927   -0.724    0.583    0.995   -0.885  
   0.961    0.163   -0.953   -0.568    0.520  
   0.999   -0.954    0.998    0.029   -0.913  
  -0.419    0.404    0.990   -0.867    0.460  
  -0.339   -0.960   -0.466    0.599    0.993  
  -0.984   -0.900   -0.912   -0.979   -0.212  
   0.539    1.000   -0.839   -0.267   -0.571  
  -0.988    0.102    0.500    1.000   -1.000  
   0.689    0.112   -0.997   -0.051    0.248  
   0.911   -0.985    0.874    0.029   -0.979  
  -0.133    0.286    0.961   -0.690    0.829  
  -0.527   -0.946    0.068    0.339    0.900  
  -0.951    0.986   -0.886   -0.817   -0.176  
   0.560    0.907   -0.990    0.497   -0.878  
  -0.975   -0.348    0.473    0.827   -0.976  
  -0.426   -0.970   -0.891   -0.464    0.281  
   0.790   -1.000   -0.733   -0.763   -0.992  
  -0.262    0.209    0.807   -1.000   -0.693  
  -0.701   -0.977   -0.337    0.606    0.787  
  -0.835   -0.853    0.185   -1.000   -0.168  
   0.589    0.949   -0.872    0.036    0.305  
  -0.997   -0.021    0.359    0.982   -0.880  
  -0.182   -0.163   -0.999    0.008    0.386  
   0.982   -0.922   -0.584   -0.157   -0.986  
   0.031    0.417    0.966   -0.901   -0.255  
   0.088   -1.000   -0.026    0.416    0.964  
  -0.829   -0.015    0.018   -0.996    0.002  
   0.212    0.780   -0.749   -0.121   -0.482  
  -0.998   -0.081    0.219    0.793   -0.721  
  -0.260   -0.440   -0.999   -0.358    0.404  
   0.474   -0.899   -0.241    0.385   -0.984  
  -0.575    0.461    0.582   -0.970   -0.987  
   0.427   -0.990   -0.708    0.378    0.658  
  -0.996   -0.330    0.227   -0.944   -0.807  
   0.464    0.670   -0.993   -0.304    0.153  
  -0.981   -0.739    0.627    0.713   -1.000  
  -0.982    0.322   -0.966   -0.683    0.592  
   0.711   -0.856   -0.996    0.828   -0.985  
  -0.439    0.495    0.678   -0.953   -0.762  
   0.992   -0.953   -0.859    0.505    0.786  
  -0.971   -0.022    0.673   -0.808   -0.938  
   0.430    0.632   -0.997   -0.331    0.042  
  -0.961   -0.753    0.318    0.628   -0.959  
  -0.031   -0.776   -0.831   -0.523    0.438  
   0.662   -0.997   -0.253    0.218   -0.731  
  -0.679    0.604    0.801   -0.988   -0.926  
  -0.331   -0.846   -0.585    0.638    0.703  
  -0.957   -0.735   -0.444   -0.825   -0.564  
   0.520    0.760   -1.000   -0.153   -0.544  
  -0.903   -0.592    0.369    0.827   -0.997  
  -0.473    0.360   -0.716   -0.557    0.533  
   0.933   -0.989   -0.199    0.138   -0.815  
  -0.704    0.643    0.839   -0.938   -0.686  
  -0.445   -0.989   -0.896    0.668    0.938  
  -0.999   -0.356   -0.860   -0.994   -0.803  
   0.431    0.984   -0.999    0.352   -0.553  
  -0.927   -0.260    0.277    0.997   -0.952  
   0.987    0.578   -0.839   -0.473    0.467  
   0.946   -0.844    0.872    0.951   -0.956  
  -0.969    0.748    0.896   -0.672    0.566  
   0.999   -0.999   -0.972    0.543    0.808  
  -0.842   -0.399    0.993   -0.881   -0.996  
   0.449    0.792   -0.999   -0.814    0.557  
  -0.911   -0.992    0.593    0.859   -0.982  
  -0.022   -0.810   -0.996   -0.949    0.538  
   0.914   -0.986    0.311   -0.217   -0.573  
  -0.986    0.668    0.979   -0.953    0.340  
   0.785   -0.883   -0.982    0.608    0.837  
  -0.989    0.654    1.000   -0.987   -0.990  
   0.377    0.811   -0.923    0.866    0.240  
  -0.951   -0.870    0.466    0.860   -0.861  
   0.750   -0.992   -0.997   -0.843    0.711  
   0.857   -0.904    0.528   -0.982   -0.995  
  -0.891    0.648    0.965   -0.776    0.919  
  -0.771   -0.860   -0.993    0.164    0.742  
  -0.998    0.006    0.811   -0.815   -0.980  
   0.920    0.784   -0.930   -0.796    0.571  
  -0.965   -0.880    0.491    0.896   -0.638  
   0.161   -0.742   -0.757   -0.937    0.583  
   0.881   -0.713    0.741   -0.524   -0.991  
  -0.996    0.492    0.915   -0.695    0.943  
   0.582   -0.966   -1.000    0.420    0.863  
  -0.996    0.527    0.064   -0.959   -0.999  
   0.475    0.984   -1.000   -0.462   -0.679  
  -1.000   -0.999    0.720    0.943   -1.000  
  -0.995   -0.345   -0.819   -0.988    0.687  
   0.889   -0.666   -0.082   -0.340   -0.882  
  -0.863    0.498    0.849   -0.797   -0.014  
  -0.225   -0.882   -0.862    0.455    0.927  
  -0.817   -0.335    0.066   -0.857   -0.934  
   0.548    1.000   -0.879   -0.070    0.165  
  -0.962   -1.000    0.700    0.993   -0.781  
   0.770   -0.083   -1.000   -0.998    0.418  
   0.948   -0.825    0.779   -0.088   -1.000  
  -0.990    0.559    0.939   -0.688    0.215  
  -0.312   -0.989   -0.994    0.673    0.970  
  -0.862    0.125   -0.016   -0.970   -0.988  
   0.438    1.000   -0.885    0.262   -0.294  
  -0.995   -0.995    0.598    0.992   -0.901  
  -0.095   -0.905   -0.990   -0.954    0.812  
   0.964   -0.721    0.562    0.009   -0.879  
  -0.932    0.544    0.869   -0.998   -0.837  
   0.086   -0.874   -0.962    0.434    0.861  
  -0.992   -0.980    0.226   -0.928   -0.990  
   0.386    0.918   -0.835    0.120    0.069  
  -0.902   -1.000    0.537    0.965   -0.671  
   0.145    0.233   -0.669   -0.990    0.732  
   0.945   -0.761    0.650    0.657   -0.857  
  -0.973    0.660    0.978   -0.644    0.294  
   0.852   -0.994   -0.803    0.604    0.989  
  -0.907    0.211   -0.540   -0.968   -0.842  
   0.445    0.986   -0.821    0.111   -0.692  
  -0.978   -0.983    0.707    0.801   -0.980  
  -0.374    0.990   -0.807   -0.980    0.848  
   0.982   -0.990    0.228    0.084   -0.988  
  -0.990    0.557    0.965   -0.759    0.111  
  -0.779   -0.989   -0.976    0.316    0.990  
  -0.987   -0.587    0.803   -0.985   -0.992  
   0.888    0.999   -0.868   -0.624    0.819  
  -0.809   -0.988    0.205    1.000   -0.972  
   0.305    0.704   -0.909   -0.994    0.851  
   0.984   -0.763   -0.435    0.443   -0.742  
  -0.957    0.430    0.952   -0.977   -0.722  
  -0.304   -0.831   -0.998    0.435    1.000  
  -0.636    0.082   -0.020   -0.826   -0.949  
   0.696    0.990   -0.761    0.446   -0.562  
  -0.938   -0.681    0.671    0.960   -0.990  
   0.000   -0.262   -0.921   -0.734    0.579  
   0.946   -0.882    0.157    0.400   -0.698  
  -0.989    0.556    1.000   -0.960    0.908  
  -0.418   -0.832   -0.992    0.627    0.880  
  -0.757    0.389    0.278   -0.790   -0.776  
   0.253    0.929   -0.934    0.126   -0.522  
  -0.783   -0.967    0.867    1.000   -0.812  
   0.367    0.245   -0.765   -0.997    0.330  
   0.972   -0.906    0.360    0.919   -0.905  
  -0.949    0.615    0.901   -0.963   -0.356  
   0.817   -0.966   -0.767    0.788    0.915  
  -0.954   -0.129   -0.270   -1.000   -0.826  
   0.490    0.992   -0.931   -0.359    0.344  
  -0.993   -0.960    0.586    0.955   -0.984  
  -0.705    0.269   -0.940   -0.970    0.811  
   0.760   -0.949    0.379   -0.074   -0.990  
  -0.923    0.551    0.902   -0.991    0.420  
   0.337   -0.934   -0.663    0.603    0.677  
  -0.999   -0.270    0.099   -0.937   -0.551  
   0.536    0.794   -0.991    0.151    0.138  
  -0.890   -0.508    0.579    0.812   -1.000  
   0.118    0.648   -0.957   -0.585    0.823  
   0.656   -0.962   -0.043    0.971   -0.925  
  -0.924    0.520    0.528   -0.983   -0.185  
   0.779   -0.960   -0.988    0.635    0.755  
  -0.988    0.511    0.926   -0.956   -0.968  
   0.912    0.944   -0.960    0.999    0.987  
  -0.984   -0.945    0.392    0.972   -0.981  
   0.697    1.000   -1.000   -0.638    0.464  
   0.913   -0.998    0.440    0.852   -0.849  
  -0.929    0.693    0.944   -0.987    0.418  
   0.799   -0.834   -0.974    0.658    0.774  
  -0.894    0.974    0.996   -0.927   -0.674  
   0.446    0.880   -0.968    0.925    0.982  
  -0.971   -0.377    0.714    0.727   -0.999  
   0.997    1.000   -0.978   -0.619    0.485  
   0.689   -0.858    0.077    0.909   -0.821  
  -0.978    0.499    0.778   -0.858   -0.480  
   0.995   -0.997   -0.809    0.642    0.776  
  -0.894   -0.829    0.997   -0.999   -0.549  
   0.630    0.743   -0.987   -0.994    0.945  
  -0.996   -0.493    0.545    0.896   -1.000  
  -0.177    0.980   -0.994   -0.822    0.757  
   0.746   -0.890    0.509    0.900   -0.999  
  -0.670    0.575    0.820   -0.891    0.464  
   0.732   -0.833   -0.219    0.517    0.810  
  -0.988    0.553   -0.141   -0.809   -0.229  
   0.604    0.727   -0.962   -0.240   -0.444  
  -0.997   -0.727    0.801    0.936   -0.997  
  -0.905   -0.001   -0.991   -1.000    0.520  
   0.982   -1.000   -1.000    0.209   -0.970  
  -0.972    0.697    0.997   -0.969   -0.982  
  -0.302   -0.932   -0.714    0.514    0.970  
  -0.979   -0.854   -0.015   -0.931   -0.660  
   0.598    0.960   -0.999   -0.730    0.058  
  -0.905   -0.554    0.640    0.940   -0.960  
  -0.822   -0.129   -0.829   -0.583    0.567  
   0.977   -0.931   -0.344   -0.495   -0.845  
  -0.541    0.566    0.967   -0.840    0.038  
  -0.581   -0.798   -0.209    0.463    0.974  
  -0.977   -0.599   -0.020   -0.821    0.001  
   0.362    0.991   -0.811    0.462    0.043  
  -0.638    0.105    0.253    0.919   -0.767  
   0.634    0.179   -0.678   -0.034    0.267  
   0.940   -0.743   -0.099    0.105   -0.827  
   0.056    0.393    0.993   -0.756   -0.203  
   0.951   -0.807    0.262    0.488    1.000  
  -0.883   -0.254    0.990   -0.664    0.190  
   0.138    0.991   -0.955   -0.764    0.986  
  -0.921    0.293    0.004    0.988   -0.980  
  -0.537    1.000   -0.866    0.074    0.383  
   0.955   -0.992    0.385    0.973   -0.939  
  -0.514    0.684    0.610   -0.996    0.778  
   0.784   -1.000   -0.820    0.451    0.796  
  -0.788    0.732    0.669   -0.993   -0.670  
   0.408    0.916   -1.000    0.743   -0.502  
  -1.000   -0.433    0.701    1.000   -0.900  
   0.840    0.105   -0.999   -0.338    0.502  
   0.998   -0.992   -0.668    0.127   -0.996  
  -0.138    0.252    0.933   -0.983   -0.559  
   0.221   -1.000    0.085    0.288    0.987  
  -0.996   -0.312    0.326   -0.997    0.047  
   0.457    0.929   -0.999   -0.911    0.104  
  -0.996   -0.219    0.261    0.930   -0.996  
  -0.967    0.076   -0.985   -0.233    0.348  
   0.999   -0.954    0.129   -0.241   -0.991  
   0.052    0.725    0.953   -0.944    0.585  
   0.386   -0.998    0.170    0.409    0.999  
  -0.998    0.783   -0.242   -1.000   -0.104  
  -0.022    0.915   -0.994    0.406   -1.000  
  -0.971    0.005    0.638    0.988   -0.987  
   0.616   -0.838   -0.984   -0.212    0.540  
   0.912   -1.000    0.786    0.154   -0.997  
  -0.448    0.424    0.956   -0.939    0.872  
  -0.229   -1.000   -0.324    0.616    0.947  
  -0.969    0.112   -0.006   -1.000    0.129  
   0.420    1.000   -0.991    0.256   -0.015  
  -0.987    0.329    0.256    0.999   -0.961  
   0.448    0.060   -0.999    0.048    0.396  
   0.979   -0.976    0.873   -0.977   -0.987  
  -0.301    0.416    0.956   -0.996    0.340  
  -0.157   -1.000    0.006    0.258    0.977  
  -0.988    0.484   -0.466   -0.997    0.330  
   0.252    1.000   -0.999    0.816    0.181  
  -1.000    0.096    0.399    0.998   -0.999  
   0.134   -0.148   -0.998    0.116    0.545  
   0.964   -0.984    0.683   -0.051   -1.000  
   0.193    0.675    0.997   -0.970    0.862  
  -0.491   -0.992    0.344    0.197    0.999  
  -0.924    0.149    0.083   -0.992    0.368  
   0.179    0.961   -1.000    0.863   -0.207  
  -0.978    0.315    0.633    0.980   -0.994  
   0.780   -0.009   -0.977    0.003    0.570  
   0.997   -0.970    0.109    0.167   -0.992  
   0.030    0.360    0.998   -0.896   -0.519  
   0.058   -0.996    0.170    0.005    0.995  
  -0.986    0.092   -0.096   -0.995    0.181  
   0.167    0.999   -0.831    0.986   -0.457  
  -1.000   -0.092    0.386    0.908   -0.899  
  -0.310   -0.058   -0.964    0.134    0.469  
   0.977   -0.967   -0.616   -0.447   -0.999  
  -0.017    0.524    0.941   -0.911   -0.686  
   0.520   -1.000   -0.120    0.350    0.992  
  -0.998   -0.985   -0.960   -0.991   -0.084  
   0.417    0.998   -0.977   -0.660    0.376  
  -0.981    0.203    0.485    1.000   -0.973  
  -0.223    0.781   -0.940    0.495    0.479  
   0.997   -0.962   -0.909    0.744   -0.976  
   0.407    0.484    0.999   -0.949   -0.542  
   0.260   -0.988    0.454    0.091    0.996  
  -0.997    0.256   -0.358   -0.886    0.473  
   0.305    0.993   -0.993    0.663    0.368  
  -1.000    0.698    0.661    0.584   -1.000  
   0.779   -0.500   -0.999    0.024    0.171  
   0.953   -0.917    0.332   -0.212   -1.000  
  -0.337    0.753    0.872   -0.970    0.458  
  -0.299   -0.985   -0.341    0.476    0.877  
  -0.999    0.802   -0.339   -0.993    0.010  
   0.292    0.875   -0.915    0.999    0.221  
  -0.999    0.189    0.728    0.963   -0.970  
   0.910   -0.710   -0.998   -0.010    0.175  
   0.937   -0.771    0.432    0.305   -0.928  
   0.061    0.927    0.926   -0.947   -0.510  
  -0.927   -0.932    0.201   -0.009    0.890  
  -0.965   -0.133    0.607   -0.792   -0.045  
   0.404    0.988   -0.898    0.499    0.976  
  -0.923   -0.198    0.749    0.968   -0.775  
   0.123    0.907   -0.876    0.057    0.135  
   0.984   -0.846   -0.350    0.812   -0.999  
   0.437    0.301    0.975   -0.914    0.354  
  -0.065   -1.000    0.119    0.558    1.000  
  -0.913    0.350   -0.936   -0.993    0.052  
   0.705    0.974   -0.894    0.618   -0.502  
  -0.936    0.020    0.266    0.989   -0.920  
   0.938    0.491   -0.842   -0.289    0.071  
   0.979   -0.895    0.465    0.078   -0.883  
  -0.588    0.595    0.974   -0.802    0.234  
  -0.939   -0.978   -0.698    0.928    0.997  
  -0.872    0.457    0.405   -0.755   -0.716  
   0.424    0.997   -0.898    0.134    0.959  
  -1.000   -0.834    0.371    1.000   -0.916  
  -0.087    0.156   -0.846   -0.866    0.897  
   0.989   -0.953   -0.559   -0.961   -0.998  
  -0.779    0.122    1.000   -0.970   -0.296  
   0.243   -0.899   -0.418    0.727    0.920  
  -0.928    0.334    0.814   -0.900   -0.421  
   0.713    0.931   -0.937    0.872    0.723  
  -0.899   -0.343    0.643    1.000   -0.806  
   0.630   -0.434   -0.980   -0.197    0.446  
   0.989   -0.877    0.451   -0.695   -0.983  
  -0.401    0.491    0.989   -0.611    0.593  
  -0.310   -0.822   -0.574    0.511    0.995  
  -0.841    0.858    0.035   -0.805   -0.466  
   0.681    0.978   -0.967    1.000   -0.422  
  -0.927   -0.700    0.759    0.995   -0.998  
   0.612    0.165   -0.880   -0.878    0.641  
   0.989   -0.990    0.922    0.093   -0.894  
  -0.777    0.553    0.969   -0.989    0.556  
  -0.149   -0.978   -0.849    0.626    0.971  
  -0.976    0.658   -0.021   -0.912   -0.984  
   0.733    0.997   -0.662    0.931   -0.220  
  -0.936   -0.959    0.753    1.000   -0.898  
   1.000    0.235   -0.938   -0.907    0.543  
   1.000   -0.989    0.448    0.019   -0.971  
  -0.877    0.722    0.998   -0.984    0.164  
   0.067   -0.928   -0.824    0.503    0.999  
  -0.985    0.814   -0.300   -0.885   -1.000  
   0.331    0.951   -0.755    0.983   -0.250  
  -0.869   -0.941    0.417    0.847   -0.990  
   0.821    0.233   -0.936   -0.916    0.272  
   0.931   -1.000    0.706   -0.706   -0.960  
  -0.911    0.753    0.928   -0.991    0.731  
  -0.120   -0.949   -0.560    0.559    0.988  
  -1.000    0.795    0.826   -0.858   -0.705  
   0.775    0.987   -0.945    0.926    0.998  
  -1.000   -0.998    0.172    0.724   -0.982  
   0.601    0.892   -1.000   -0.967    0.673  
   0.801   -0.777    0.937    0.990   -0.920  
  -0.476    0.622    0.877   -0.939    0.924  
   0.980   -0.964   -0.368    0.549    1.000  
  -0.818    0.975    0.956   -0.860   -0.058  
   0.297    0.983   -0.926    0.985    0.923  
  -0.943    0.035    0.273    0.985   -0.840  
   0.986    0.904   -0.983    0.064    0.354  
   0.936   -0.775    0.872    0.999   -0.934  
   0.144    0.213    0.932   -0.780    0.840  
   0.980   -0.994   -0.230    0.632    0.982  
  -0.552    0.553    0.940   -0.999   -0.366  
   0.696    0.967   -0.885    0.976    0.968  
  -0.967   -0.535    0.404    0.974   -0.980  
   0.800    0.323   -0.817   -0.680    0.425  
   0.874   -0.934    0.829   -0.680   -0.989  
  -0.967    0.708    0.843   -0.919    0.894  
   0.223   -0.874   -0.968    0.741    0.920  
  -0.937    0.648   -0.479   -0.981   -0.854  
   0.311    0.885   -0.903    0.855    0.146  
  -0.940   -0.961    0.459    0.838   -0.962  
   0.513   -0.100   -0.813   -0.989    0.578  
   0.850   -0.945    0.775   -0.377   -0.763  
  -0.985    0.780    0.935   -0.710    0.967  
   0.281   -0.657   -0.990    0.599    0.932  
  -0.848    0.993   -0.025   -0.865   -1.000  
   0.277    0.920   -0.897    0.869   -0.167  
  -0.973   -0.976    0.618    0.897   -0.996  
   0.598   -0.236   -0.821   -0.995    0.724  
   0.866   -0.804    0.982   -0.343   -0.986  
  -0.882    0.539    0.895   -0.969    0.974  
   0.227   -0.805   -0.953    0.422    0.981  
  -0.857    0.836   -0.198   -0.825   -0.997  
   0.678    0.978   -0.814    0.962    0.031  
  -0.905   -0.992    0.575    0.891   -0.902  
   0.947   -0.417   -0.917   -0.972    0.439  
   0.882   -0.762    0.971   -0.997   -0.941  
  -0.869    0.738    0.969   -0.989    0.789  
  -0.379   -0.888   -0.937    0.561    0.953  
  -0.906    0.724   -0.136   -0.790   -0.910  
   0.464    0.916   -0.971    0.966   -0.986  
  -1.000   -0.938    0.590    1.000   -0.887  
   0.998   -0.283   -0.933   -0.952    0.704  
   0.978   -0.982    0.604    0.286   -0.991  
  -0.971    0.714    0.996   -0.998    0.577  
  -0.303   -0.993   -0.977    0.723    0.999  
  -0.998    0.495   -0.171   -0.961   -0.998  
   0.706    0.991   -0.992    0.108    0.130  
  -0.820   -0.734    0.591    0.965   -0.973  
  -0.974    0.293   -0.894   -0.738    0.346  
   0.578   -0.934    0.973    0.605   -0.781  
  -0.910    0.717    0.850   -0.740    0.931  
   0.298   -0.904   -0.998    0.671    0.910  
  -0.913    0.993   -0.080   -0.988   -0.999  
   0.617    0.871   -0.966    0.772   -0.106  
  -0.962   -0.992    0.551    0.958   -0.952  
   0.946   -0.124   -0.957   -0.957    0.554  
   0.976   -0.868    0.933    0.446   -0.948  
  -0.993    0.385    0.950   -0.963    0.918  
   0.435   -0.996   -0.941    0.705    0.725  
  -0.986   -0.329   -0.325   -0.981   -0.927  
   0.677    0.797   -0.808   -0.924   -0.668  
  -0.998   -0.984    0.633    0.805   -0.821  
  -0.143    0.534   -0.975   -0.999    0.460  
   0.945   -0.548    0.919    0.968   -0.959  
  -0.987    0.303    0.894   -0.992    0.143  
   0.993   -0.879   -0.978    0.613    0.837  
  -0.971   -0.968    1.000   -0.994   -1.000  
   0.744    0.888   -0.895   -0.448    0.954  
  -0.994   -1.000    0.551    0.821   -0.665  
   0.418    0.974   -0.998   -0.997    0.720  
   0.851   -0.728    1.000    0.875   -0.957  
  -0.912    0.381    0.755   -0.605    0.945  
   0.983   -0.973   -0.909    0.498    0.667  
  -0.999   -0.545    0.852   -0.881   -0.995  
   0.556    0.742   -0.468    0.650   -0.198  
  -0.935   -1.000    0.531    0.731   -0.992  
   0.650   -0.789   -0.931   -0.974    0.563  
   0.593   -0.985   -0.814   -0.751   -0.980  
  -0.897    0.588    0.506   -0.552    0.117  
   0.403   -0.982   -0.905    0.510    0.510  
  -0.690    0.659    0.639   -0.990   -0.766  
   0.610    0.633   -0.760    0.123    0.985  
  -0.943   -0.587    0.644    0.752   -0.888  
   0.010   -0.135   -0.910   -0.598    0.517  
   0.775   -0.584    0.312    0.007   -0.487  
  -0.521    0.046    0.526   -0.946   -0.456  
   0.085   -0.819   -0.662    0.450    0.725  
  -0.582    0.162   -0.337   -0.849   -0.171  
   0.667    0.776   -0.791    0.261    0.193  
  -0.705   -0.281    0.620    0.782   -0.681  
   0.389    0.180   -0.691   -0.247    0.507  
   0.993   -0.699    0.910    0.303   -0.806  
  -0.116    0.585    0.998   -0.998    0.906  
   0.396   -0.770    0.039    0.136    0.997  
  -0.939   -0.238   -0.150   -0.794    0.422  
   0.148    0.997   -0.977   -0.624   -0.696  
  -0.813    0.214    0.562    0.999   -0.708  
   0.632    0.263   -0.696   -0.335    0.290  
   0.945   -0.968    0.980   -0.077   -0.795  
  -0.478    0.378    0.998   -0.993    0.488  
  -0.204   -0.936   -0.626    0.674    0.919  
  -0.988   -0.177   -0.525   -0.812   -0.351  
   0.491    0.844   -1.000   -0.110   -0.989  
  -0.870   -0.112    0.063    0.846   -0.980  
  -0.857   -0.456   -0.777   -0.176    0.160  
   0.896   -1.000   -0.712    0.627   -0.641  
   0.028    0.206    0.933   -0.977   -0.330  
   0.203   -0.655   -0.003    0.220    0.862  
  -0.995   -0.955   -0.703   -0.793   -0.476  
   0.561    0.792   -0.989   -0.975    0.392  
  -0.999   -0.171    0.468    0.868   -1.000  
  -0.810    0.191   -0.999    0.017    0.288  
   0.887   -0.994   -0.985    0.593   -0.848  
   0.236    0.234    0.954   -0.976   -0.648  
  -0.059   -0.981   -0.144    0.165    0.904  
  -0.801    0.409    0.342   -0.965   -0.177  
   0.843    0.981   -0.781    0.505   -0.375  
  -0.965   -0.869    0.042    0.936   -0.772  
   0.791    0.178   -0.998   -0.746    0.731  
   0.925   -0.783    0.597    0.048   -0.927  
  -0.694    0.598    0.926   -0.802    0.345  
  -0.352   -0.992   -0.400    0.572    0.992  
  -0.666    0.030    0.154   -0.997   -0.508  
   0.122    0.853   -0.704    0.050    0.204  
  -0.995   -0.368    0.355    0.793   -0.772  
   0.159   -0.988   -0.853   -0.537    0.490  
   0.766   -0.839   -0.485   -0.859   -0.981  
  -0.468    0.589    0.800   -0.981   -1.000  
  -1.000   -0.863   -0.214    0.413    0.910  
  -0.995   -0.806   -0.974   -0.947    0.103  
   0.110    0.985   -0.988   -0.515    0.082  
  -0.975   -0.167    0.248    0.960   -1.000  
  -0.941    0.954   -0.980   -0.229   -0.038  
   0.919   -0.986   -0.874    1.000   -0.742  
  -0.156    0.496    0.974   -0.994   -0.583  
   1.000   -0.949   -0.155    0.695    0.902  
  -0.992   -0.990    0.816   -0.986   -0.082  
   0.485    0.916   -0.935   -0.871    0.050  
  -0.984   -0.155    0.254    0.875   -0.987  
  -0.979    0.355   -0.999   -0.153    0.993  
   0.923   -0.891   -0.065   -0.353   -0.987  
  -0.443    0.465    0.861   -0.778    0.967  
  -0.713   -0.823   -0.456    0.704    0.603  
  -0.905   -0.281   -0.859   -0.966   -0.282  
   0.919    0.844   -0.996   -0.341   -0.286  
  -0.782   -0.393    0.949    0.866   -0.988  
   0.250    0.189   -0.810   -0.710    0.248  
   0.703   -0.986   -0.433   -0.492   -0.557  
  -0.546    0.583    0.365   -0.988   -0.439  
  -0.129   -0.694   -0.387    0.946    0.284  
  -0.881   -0.945   -0.125   -0.648   -0.406  
   0.667    0.227   -0.998   -0.992    0.009  
  -0.619   -0.265    0.977    0.516   -0.978  
  -0.354    0.726   -0.685   -0.395   -0.496  
   0.653   -0.975   -0.708    0.595   -0.871  
  -0.648   -0.465    0.811   -0.985   -0.295  
  -0.144   -0.791   -0.560    0.913    0.571  
  -0.983   -0.513   -0.429   -0.698   -0.071  
   0.847    0.649   -0.993   -0.847    0.064  
  -0.653   -0.273    0.491    0.640   -0.994  
  -0.605    0.146   -0.677   -0.627    0.757  
   0.627   -0.997   -0.548   -0.056   -0.829  
  -0.812    0.816    0.604   -0.993   -0.863  
  -0.609   -0.706   -0.721    0.686    0.688  
  -0.989   -0.341   -0.543   -0.849   -0.702  
   0.425    0.691   -0.996   -0.912   -0.982  
  -0.960   -0.770    0.541    0.562   -0.995  
  -0.559   -0.568   -0.733   -0.826    0.503  
   0.617   -0.990   -0.647   -0.740   -0.802  
  -0.677    0.640    0.649   -0.996   -1.000  
   0.097   -0.786   -0.586    0.755    0.840  
  -0.989   -0.895   -0.356   -0.785   -0.549  
   0.834    0.687   -0.966   -0.442    0.055  
  -0.793   -0.700    0.584    0.779   -0.972  
  -0.273   -0.415   -0.812   -0.693    0.649  
   0.692   -0.990   -0.689    0.155   -0.707  
  -0.750    0.561    0.804   -1.000   -0.889  
   0.033   -0.724   -0.493    0.571    0.926  
  -0.989   -0.461    0.430   -0.695   -0.408  
   0.637    0.910   -1.000   -0.921   -0.769  
  -0.815   -0.288    0.770    0.881   -0.840  
  -0.426    0.034   -0.785   -0.088    0.815  
   0.887   -0.677    0.597   -0.216   -0.796  
  -0.310    0.731    0.678   -0.788    0.991  
  -0.726   -0.695   -0.422    0.642    0.535  
  -0.922    0.562   -0.113   -0.693   -0.173  
   0.817    0.573   -0.965    0.342   -0.175  
  -0.799   -0.391    0.721    0.518   -0.912  
   0.647   -0.890   -0.941   -0.156    0.858  
   0.718   -0.756    0.992    0.583   -1.000  
  -0.264    0.734    0.759   -0.885    0.827  
   0.999   -0.848   -0.323    0.827    0.802  
  -0.765    0.936    0.951   -0.859   -0.146  
   0.624    0.612   -0.847    0.989    0.984  
  -0.961   -0.509    0.712    0.349   -0.838  
   0.909    0.990   -0.967   -0.534    0.672  
   0.174   -0.999    0.019    0.999   -1.000  
  -0.530    0.651    0.290   -0.969   -0.676  
   0.859   -0.833   -0.273    0.762    0.187  
  -0.988   -0.822    0.550   -0.920   -0.303  
   0.757   -0.189   -0.998   -0.993   -0.853  
  -0.971   -0.281    0.705    0.150   -0.964  
  -0.948   -0.128   -0.875   -0.471    0.781  
  -0.033   -0.981   -0.949   -0.225   -0.767  
  -0.485    0.764   -0.210   -1.000   -0.929  
  -0.486   -0.933   -0.321    0.733   -0.088  
  -0.998   -0.863   -0.702   -0.976   -0.398  
   0.577   -0.068   -0.986   -0.700    0.306  
  -0.747   -0.754    0.271    0.141   -0.999  
  -0.684    0.313   -0.771   -0.705    0.406  
   0.326   -0.970   -0.957   -0.412   -0.842  
  -0.508    0.678    0.341   -0.995   -0.994  
   0.381   -0.753   -0.548    0.599    0.031  
  -0.996   -0.866   -0.699   -0.845   -0.305  
   0.745   -0.246   -0.999   -0.976    0.675  
  -0.862   -0.257    0.693   -0.029   -0.997  
  -0.882    0.963   -0.960   -0.460    0.763  
  -0.213   -0.965    0.110    0.829   -0.996  
  -0.450    0.715    0.125   -0.484    0.963  
   0.904   -0.781   -0.392    0.688    0.008  
  -0.870   -0.447    0.455   -0.898   -0.605  
   0.590    0.399   -1.000   -0.358    0.329  
  -0.574   -0.357    0.754    0.672   -0.876  
   0.876    0.979   -0.867   -0.243    0.679  
   0.826   -0.945    0.941   -0.293   -0.970  
  -0.609    0.740    0.772   -0.977   -0.005  
   0.096   -0.833   -0.513    0.736    0.852  
  -1.000   -0.849   -0.818   -0.866   -0.605  
   0.718    0.706   -0.998   -0.220   -0.204  
  -0.718   -0.362    0.635    0.480   -0.999  
  -0.169    0.266   -0.677   -0.354    0.707  
   0.286   -0.951    0.778   -0.509   -0.822  
  -0.421    0.639    0.453   -0.800    0.305  
  -0.743   -0.905   -0.553    0.634    0.685  
  -1.000   -0.772   -0.880   -0.835   -0.409  
   0.774    0.959   -0.990    0.816   -0.278  
  -0.706   -0.363    0.540    0.917   -0.903  
   0.826    0.580   -0.817   -0.198    0.552  
   0.788   -0.733    0.375    0.804   -0.672  
  -0.488    0.960    0.867   -0.988   -0.957  
   0.999   -0.944   -0.421    0.702    0.986  
  -0.989   -0.943    0.662   -0.974   -0.509  
   0.635    0.912   -0.999   -0.915   -0.744  
  -1.000   -0.721    0.645    0.766   -1.000  
  -0.624   -0.759   -0.866   -0.633    0.571  
   0.840   -0.999   -0.191    0.465   -0.796  
  -0.491    0.575    0.907   -1.000   -0.570  
   0.916   -0.984   -0.178    0.761    0.933  
  -0.987   -0.924   -0.988   -0.918   -0.193  
   0.529    0.930   -0.968   -0.990    0.956  
  -0.905   -0.338    0.564    0.785   -0.989  
  -0.979   -0.652   -0.988   -0.403    0.810  
   0.911   -0.998   -0.747    0.637   -0.766  
  -0.252    0.619    0.990   -0.991   -0.308  
   0.993   -0.809   -0.477    0.266    0.990  
  -0.999   -0.858    0.922   -1.000   -0.814  
   0.787    0.859   -0.961   -0.985    0.995  
  -0.995   -0.750    0.743    0.982   -0.971  
  -0.992    0.675   -0.938   -0.557    0.656  
   0.978   -0.996   -0.998   -0.030   -0.834  
  -0.508    0.324    0.927   -0.940   -0.892  
  -0.107   -0.828   -0.648    0.624    0.984  
  -0.988   -0.058    0.331   -0.816   -0.500  
   0.769    0.805   -0.930   -0.302   -0.312  
  -0.864   -0.554    0.710    0.928   -0.995  
  -0.459   -0.017   -0.712   -0.722    0.431  
   0.785   -0.970   -0.478   -0.171   -0.993  
  -0.925    0.634    0.885   -0.490    0.700  
  -0.287   -0.987   -0.979    0.762    0.820  
  -0.906    0.932    0.513   -0.864   -0.986  
   0.326    0.992   -0.844    0.999   -0.538  
  -0.994   -0.951    0.486    0.895   -0.905  
   0.974   -0.834   -0.980   -0.945    0.711  
   0.880   -0.587    0.949   -0.117   -0.873  
  -0.993    0.389    0.680   -0.981    0.768  
  -0.187   -0.977   -0.999    0.775    0.669  
  -0.590    0.988   -0.609   -0.986   -0.942  
   0.108    0.919   -0.943    0.775    0.010  
  -0.920   -0.953    0.267    0.996   -0.997  
   0.335   -0.094   -0.903   -0.867    0.716  
   0.994   -0.947   -0.590   -0.101   -0.844  
  -0.539    0.609    0.996   -0.987    0.069  
   0.336   -0.835   -0.347    0.587    0.977  
  -0.875    0.970  
