  -0.982    0.191   -0.096   -0.995   -0.918  
   0.396   -0.033   -0.999   -0.945    0.327  
  -0.142   -0.990   -0.993    0.114   -0.028  
  -1.000   -0.989    0.145    0.106   -0.994  
  -0.986    0.169   -0.015   -1.000   -0.996  
   0.094    0.013   -1.000   -0.943    0.333  
  -0.140   -0.990   -0.914    0.405   -0.026  
  -1.000   -1.000   -0.006    0.135   -0.991  
  -0.901    0.434    0.293   -0.956   -0.960  
   0.281    0.005   -1.000   -0.999   -0.054  
   0.143   -0.990   -0.998    0.064    0.218  
  -0.976   -0.998    0.070    0.525   -0.851  
  -0.953    0.303    0.614   -0.789   -0.974  
   0.226    0.112   -0.994   -0.941    0.339  
   0.234   -0.972   -0.976    0.219    0.069  
  -0.998   -0.969    0.246    0.167   -0.986  
  -0.936    0.352    0.063   -0.998   -0.777  
   0.630    0.286   -0.958   -0.892    0.452  
   0.344   -0.939   -0.925    0.380    0.296  
  -0.955   -0.987    0.160    0.489   -0.872  
  -0.984    0.179    0.620   -0.785   -0.894  
   0.449    0.770   -0.639   -0.908    0.419  
   0.638   -0.770   -0.927    0.375    0.480  
  -0.877   -0.906    0.423    0.374   -0.927  
  -0.960    0.281    0.349   -0.937   -0.998  
  -0.064    0.249   -0.969   -0.995   -0.101  
   0.145   -0.989   -0.918   -0.396    0.044  
  -0.999   -0.977   -0.212    0.095   -0.995  
  -0.992   -0.124    0.173   -0.985   -1.000  
   0.001   -0.100   -0.995   -0.916    0.400  
   0.107   -0.994   -0.914    0.406    0.090  
  -0.996   -0.985    0.171    0.320   -0.947  
  -0.988   -0.151    0.500   -0.866   -0.999  
   0.047    0.446   -0.895   -0.877    0.481  
   0.614   -0.789   -0.988    0.153    0.511  
  -0.860   -0.956   -0.293    0.120   -0.993  
  -0.663   -0.749    0.216   -0.976   -0.938  
  -0.347    0.202   -0.979   -0.996    0.092  
   0.436   -0.900   -1.000   -0.004    0.372  
  -0.928   -0.973   -0.232    0.421   -0.907  
  -0.959   -0.284    0.504   -0.864   -0.965  
   0.264    0.319   -0.948   -0.876    0.482  
   0.484   -0.875   -0.984    0.179    0.611  
  -0.791   -1.000    0.019    0.549   -0.836  
  -0.988   -0.156    0.342   -0.940   -0.904  
  -0.428    0.607   -0.795   -0.648   -0.761  
   0.767   -0.641   -0.738   -0.674    0.445  
  -0.895   -0.895   -0.445    0.396   -0.918  
  -0.939   -0.343    0.412   -0.911   -0.787  
  -0.616    0.283   -0.959   -0.719   -0.695  
  -0.011   -1.000   -0.754   -0.656    0.134  
  -0.991   -0.857   -0.516    0.528   -0.849  
  -0.644   -0.765    0.538   -0.843   -0.797  
  -0.604    0.279   -0.960   -0.488   -0.873  
   0.208   -0.978   -0.692   -0.722    0.209  
  -0.978   -0.300   -0.954    0.304   -0.953  
  -0.361   -0.933    0.199   -0.980   -0.437  
  -0.900    0.325   -0.946   -0.593   -0.805  
   0.202   -0.979   -0.514   -0.858    0.133  
  -0.991   -0.890   -0.457   -0.097   -0.995  
  -0.926   -0.379    0.114   -0.994   -0.513  
  -0.859    0.477   -0.879   -0.640   -0.769  
   0.479   -0.878   -0.630   -0.776    0.525  
  -0.851   -0.533   -0.846    0.658   -0.753  
  -0.701   -0.714    0.650   -0.760   -0.609  
  -0.793    0.378   -0.926   -0.398   -0.918  
   0.365   -0.931   -0.280   -0.960    0.090  
  -0.996   -0.453   -0.892    0.109   -0.994  
  -0.508   -0.861   -0.005   -1.000   -0.613  
  -0.790    0.308   -0.951   -0.310   -0.951  
   0.676   -0.736   -0.895   -0.447    0.669  
  -0.743   -0.974   -0.228    0.648   -0.761  
  -0.998   -0.068    0.504   -0.864   -0.976  
  -0.217    0.446   -0.895   -0.982   -0.187  
   0.216   -0.976   -1.000   -0.016    0.173  
  -0.985   -0.992   -0.126    0.318   -0.948  
  -1.000    0.002    0.512   -0.859   -0.999  
  -0.036    0.381   -0.924   -0.999    0.044  
   0.272   -0.962   -0.994    0.106    0.186  
  -0.982   -0.959    0.282    0.235   -0.972  
  -0.993    0.116    0.446   -0.895   -0.998  
   0.063    0.151   -0.989   -1.000   -0.016  
   0.186   -0.983   -0.993    0.120    0.162  
  -0.987   -0.878    0.479    0.422   -0.906  
  -0.851    0.525    0.434   -0.901   -0.943  
   0.333    0.584   -0.812   -0.949    0.316  
   0.484   -0.875   -0.929    0.370    0.497  
  -0.868   -0.981    0.193    0.480   -0.877  
  -0.926    0.378    0.509   -0.860   -0.829  
   0.559    0.642   -0.767   -0.852    0.523  
   0.771   -0.637   -0.961    0.278    0.782  
  -0.623   -0.826    0.564    0.664   -0.747  
  -0.911    0.412    0.477   -0.879   -0.947  
   0.320    0.603   -0.798   -0.891    0.454  
   0.840   -0.543   -0.935    0.353    0.831  
  -0.557   -0.940    0.341    0.800   -0.600  
  -1.000    0.019    0.725   -0.689   -0.923  
   0.384    0.620   -0.785   -0.848    0.531  
   0.704   -0.710   -0.817    0.577    0.953  
  -0.304   -0.891    0.454    0.772   -0.635  
  -0.597    0.802    0.782   -0.623   -0.783  
   0.622    0.575   -0.818   -0.803    0.596  
   0.690   -0.724   -0.841    0.541    0.615  
  -0.789   -0.885    0.465    0.667   -0.745  
  -0.866    0.499    0.543   -0.840   -0.946  
   0.324    0.431   -0.902   -0.927    0.374  
   0.245   -0.970   -0.692    0.722    0.497  
  -0.868   -0.993    0.117    0.428   -0.904  
  -0.850    0.527    0.368   -0.930   -0.916  
   0.401    0.447   -0.894   -0.819    0.574  
   0.701   -0.713   -0.921    0.390    0.603  
  -0.798   -0.999   -0.036    0.277   -0.961  
  -0.999    0.053    0.285   -0.959   -0.984  
   0.180    0.560   -0.828   -0.984   -0.178  
   0.669   -0.743   -0.981   -0.192    0.539  
  -0.842   -1.000   -0.027    0.432   -0.902  
  -0.999    0.033    0.657   -0.754   -0.996  
   0.090    0.742   -0.670   -0.959    0.282  
   0.679   -0.734   -0.925    0.380    0.212  
  -0.977   -0.989    0.145    0.111   -0.994  
  -0.867   -0.497    0.197   -0.980   -0.995  
  -0.102    0.391   -0.921   -0.999    0.042  
   0.208   -0.978   -1.000   -0.022    0.059  
  -0.998   -0.984    0.176    0.449   -0.893  
  -0.943   -0.333    0.535   -0.845   -0.982  
  -0.189    0.113   -0.994   -0.995   -0.104  
   0.098   -0.995   -0.999    0.054    0.123  
  -0.992   -0.850    0.527    0.052   -0.999  
  -0.919    0.394    0.223   -0.975   -0.923  
   0.385    0.412   -0.911   -0.937    0.348  
   0.212   -0.977   -0.998    0.065   -0.083  
  -0.997   -0.972   -0.233    0.001   -1.000  
  -0.910   -0.414    0.240   -0.971   -0.710  
  -0.705    0.304   -0.953   -0.816   -0.578  
   0.142   -0.990   -0.595   -0.804    0.289  
  -0.957   -0.779   -0.627    0.030   -1.000  
  -0.933   -0.360    0.115   -0.993   -0.931  
  -0.364    0.285   -0.959   -0.725   -0.689  
   0.301   -0.954   -0.447   -0.894    0.263  
  -0.965   -0.491   -0.871    0.225   -0.974  
  -0.414   -0.910    0.574   -0.819   -0.834  
  -0.552    0.525   -0.851   -0.974   -0.225  
   0.279   -0.960   -0.984   -0.179    0.420  
  -0.907   -0.917   -0.398    0.399   -0.917  
  -0.945   -0.326    0.309   -0.951   -0.965  
  -0.264    0.321   -0.947   -0.996    0.084  
   0.247   -0.969   -0.982   -0.188    0.226  
  -0.974   -0.897   -0.442    0.097   -0.995  
  -0.889   -0.459    0.278   -0.961   -0.990  
  -0.141    0.046   -0.999   -0.955   -0.298  
   0.328   -0.945   -0.785   -0.619    0.383  
  -0.924   -0.951   -0.309    0.312   -0.950  
  -0.973   -0.231    0.430   -0.903   -0.996  
   0.091    0.397   -0.918   -0.942   -0.335  
   0.308   -0.952   -0.919   -0.394    0.344  
  -0.939   -0.989   -0.150    0.603   -0.798  
  -0.993    0.115    0.373   -0.928   -0.718  
  -0.697    0.241   -0.970   -0.669   -0.743  
   0.172   -0.985   -0.836   -0.548    0.244  
  -0.970   -0.921   -0.389    0.351   -0.936  
  -0.965   -0.261    0.081   -0.997   -0.785  
  -0.620    0.131   -0.991   -0.455   -0.890  
   0.225   -0.974   -0.884   -0.468    0.330  
  -0.944   -0.889   -0.457    0.326   -0.946  
  -0.966   -0.258    0.074   -0.997   -0.808  
  -0.590    0.265   -0.964   -0.748   -0.664  
   0.364   -0.932   -0.536   -0.844    0.385  
  -0.923   -0.627   -0.779    0.245   -0.969  
  -0.333   -0.943    0.153   -0.988   -0.537  
  -0.843    0.518   -0.855   -0.785   -0.619  
   0.201   -0.980   -0.666   -0.746    0.097  
  -0.995   -0.389   -0.921    0.425   -0.905  
  -0.813   -0.582    0.452   -0.892   -0.807  
  -0.591    0.592   -0.806   -0.718   -0.696  
   0.434   -0.901   -0.481   -0.877    0.458  
  -0.889   -0.598   -0.801    0.427   -0.904  
  -0.628   -0.778    0.018   -1.000   -0.783  
  -0.622   -0.133   -0.991   -0.724   -0.690  
   0.232   -0.973   -0.723   -0.691    0.638  
  -0.770   -0.787   -0.617    0.524   -0.852  
  -0.813   -0.582    0.257   -0.966   -0.799  
  -0.601    0.525   -0.851   -0.824   -0.567  
   0.276   -0.961   -0.694   -0.720    0.574  
  -0.819   -0.742   -0.670    0.507   -0.862  
  -0.654   -0.757    0.445   -0.896   -0.537  
  -0.844    0.209   -0.978   -0.310   -0.951  
   0.159   -0.987   -0.402   -0.916   -0.072  
  -0.997   -0.652   -0.758    0.351   -0.936  
  -0.972   -0.233    0.535   -0.845   -0.996  
  -0.085    0.367   -0.930   -0.969    0.245  
   0.389   -0.921   -0.999    0.040    0.496  
  -0.868   -0.999    0.034    0.734   -0.679  
  -0.968   -0.250    0.684   -0.729   -0.993  
  -0.122    0.685   -0.728   -0.996   -0.093  
   0.666   -0.746   -0.992   -0.130    0.716  
  -0.698   -0.990   -0.144    0.762   -0.648  
  -0.988    0.156    0.582   -0.814   -0.858  
   0.514    0.497   -0.868   -0.993    0.114  
   0.638   -0.770   -0.999    0.040    0.705  
  -0.709   -0.963    0.268    0.424   -0.906  
  -0.968   -0.252    0.628   -0.778   -0.840  
  -0.543    0.657   -0.754   -0.990   -0.142  
   0.705   -0.709   -0.973    0.232    0.747  
  -0.665   -0.958    0.287    0.975   -0.221  
  -0.970   -0.244    0.997   -0.077   -0.829  
  -0.559    0.996    0.091   -0.839   -0.544  
   0.970    0.243   -0.561   -0.828    0.902  
   0.431   -0.718   -0.696    0.744    0.669  
  -0.663   -0.748    0.639    0.770   -0.222  
  -0.975    0.561    0.828   -0.526   -0.850  
   0.655    0.756   -0.435   -0.901    0.539  
   0.842   -0.532   -0.847    0.156    0.988  
  -0.744   -0.668   -0.330    0.944   -0.711  
  -0.704   -0.075    0.997   -0.495   -0.869  
   0.421    0.907   -0.495   -0.869    0.542  
   0.840   -0.504   -0.863    0.286    0.958  
  -0.526   -0.851    0.010    1.000   -0.750  
  -0.662    0.232    0.973   -0.616   -0.788  
   0.396    0.918   -0.571   -0.821    0.192  
   0.981   -0.701   -0.713    0.214    0.977  
  -0.710   -0.704   -0.064    0.998   -0.733  
  -0.680    0.072    0.997   -0.246   -0.969  
  -0.219    0.976   -0.516   -0.857   -0.229  
   0.974   -0.886   -0.464   -0.251    0.968  
  -0.999    0.036   -0.247    0.969   -0.998  
  -0.062   -0.709    0.705   -0.972    0.237  
  -0.422    0.906   -0.893    0.450   -0.293  
   0.956   -0.624    0.781   -0.388    0.922  
  -1.000   -0.008   -0.242    0.970   -0.885  
  -0.466   -0.095    0.996   -0.749   -0.663  
   0.053    0.999   -0.770   -0.639    0.325  
   0.946   -0.687   -0.727    0.309    0.951  
  -0.714   -0.700    0.398    0.917   -0.578  
  -0.816    0.063    0.998   -0.874   -0.487  
   0.116    0.993   -0.589   -0.808    0.452  
   0.892   -0.418   -0.909    0.499    0.866  
  -0.711   -0.703    0.250    0.968   -0.704  
  -0.710    0.188    0.982   -0.762   -0.648  
   0.376    0.927   -0.839   -0.543    0.159  
   0.987   -0.766   -0.642    0.036    0.999  
  -0.692   -0.722    0.153    0.988   -0.805  
  -0.593    0.478    0.878   -0.851   -0.526  
   0.406    0.914   -0.784   -0.621    0.271  
   0.963   -0.963   -0.271    0.342    0.940  
  -1.000   -0.007    0.320    0.948   -0.984  
   0.179   -0.282    0.959   -0.963    0.269  
  -0.553    0.833   -0.849    0.528   -0.353  
   0.936   -0.971    0.238   -0.039    0.999  
  -0.977    0.215   -0.142    0.990   -0.868  
   0.497   -0.604    0.797   -0.909    0.417  
  -0.442    0.897   -0.945    0.326    0.007  
   1.000   -0.934    0.358   -0.077    0.997  
  -0.986    0.165   -0.161    0.987   -0.910  
   0.414   -0.269    0.963   -0.903    0.429  
  -0.326    0.945   -0.861    0.508   -0.218  
   0.976   -0.959    0.283    0.211    0.978  
  -1.000   -0.026    0.148    0.989   -1.000  
   0.022    0.187    0.982   -0.999   -0.053  
   0.255    0.967   -0.944   -0.330    0.503  
   0.864   -1.000   -0.004    0.715    0.699  
  -0.952    0.305    0.498    0.867   -0.999  
   0.053    0.371    0.929   -0.985    0.175  
   0.617    0.787   -0.996    0.085    0.313  
   0.950   -0.983    0.184    0.057    0.998  
  -0.868    0.497   -0.329    0.944   -0.896  
   0.444   -0.437    0.900   -0.892    0.452  
  -0.208    0.978   -0.981    0.196   -0.196  
   0.981   -0.847    0.531   -0.204    0.979  
  -0.950    0.312   -0.095    0.995   -0.908  
   0.420   -0.276    0.961   -1.000    0.003  
  -0.238    0.971   -0.977    0.212   -0.033  
   0.999   -0.872    0.489   -0.205    0.979  
  -0.714    0.700   -0.415    0.910   -0.795  
   0.606   -0.421    0.907   -0.970    0.242  
  -0.126    0.992   -0.991   -0.136   -0.041  
   0.999   -1.000    0.029   -0.191    0.982  
  -0.938    0.346   -0.281    0.960   -0.983  
   0.185   -0.122    0.992   -0.999   -0.039  
  -0.044    0.999   -0.997    0.083   -0.446  
   0.895   -0.862    0.507   -0.601    0.799  
  -0.923    0.385   -0.385    0.923   -0.908  
   0.419   -0.367    0.930   -0.972    0.234  
  -0.174    0.985   -0.986    0.168   -0.131  
   0.991   -0.961    0.276   -0.141    0.990  
  -0.953    0.302   -0.160    0.987   -0.995  
   0.101   -0.281    0.960   -0.855    0.519  
  -0.571    0.821   -0.917    0.399   -0.405  
   0.914   -0.939    0.345   -0.398    0.917  
  -1.000   -0.015   -0.337    0.941   -1.000  
   0.029   -0.301    0.954   -0.988    0.155  
  -0.260    0.966   -0.960    0.279   -0.182  
   0.983   -1.000   -0.022   -0.088    0.996  
  -0.997   -0.074   -0.296    0.955   -0.996  
  -0.090    0.157    0.988   -1.000   -0.022  
   0.543    0.840   -0.999   -0.037    0.533  
   0.846   -0.986   -0.167    0.283    0.959  
  -0.999    0.040   -0.084    0.996   -0.953  
   0.304   -0.164    0.986   -0.927    0.374  
   0.064    0.998   -0.904    0.427    0.346  
   0.938   -0.993   -0.118    0.313    0.950  
  -0.998    0.070   -0.135    0.991   -0.989  
   0.151   -0.358    0.934   -0.989    0.151  
  -0.575    0.818   -0.997   -0.074   -0.421  
   0.907   -0.926   -0.376   -0.319    0.948  
  -0.809   -0.588   -0.296    0.955   -0.968  
  -0.251   -0.441    0.897   -0.905   -0.426  
  -0.653    0.757   -0.692   -0.722   -0.633  
   0.774   -0.761   -0.649   -0.740    0.672  
  -0.837   -0.548   -0.587    0.810   -0.820  
  -0.572   -0.669    0.743   -0.729   -0.685  
   0.065    0.998   -0.712   -0.702    0.511  
   0.860   -0.801   -0.599   -0.009    1.000  
  -0.522   -0.853   -0.359    0.933   -0.477  
  -0.879    0.102    0.995   -0.500   -0.866  
   0.123    0.992   -0.534   -0.845    0.021  
   1.000   -0.429   -0.903    0.140    0.990  
  -0.449   -0.894    0.240    0.971   -0.724  
  -0.690    0.080    0.997   -0.598   -0.801  
  -0.063    0.998   -0.597   -0.802   -0.015  
   1.000   -0.808   -0.589    0.202    0.979  
  -0.492   -0.870    0.274    0.962   -0.441  
  -0.898    0.286    0.958   -0.551   -0.835  
   0.018    1.000   -0.399   -0.917    0.106  
   0.994   -0.528   -0.849   -0.298    0.955  
  -0.497   -0.868   -0.327    0.945   -0.397  
  -0.918   -0.131    0.991   -0.477   -0.879  
   0.235    0.972   -0.621   -0.784    0.161  
   0.987   -0.534   -0.845    0.199    0.980  
  -0.295   -0.955    0.192    0.981   -0.403  
  -0.915    0.278    0.961   -0.605   -0.796  
  -0.063    0.998   -0.778   -0.628   -0.113  
   0.994   -0.725   -0.689    0.339    0.941  
  -0.674   -0.739    0.475    0.880   -0.732  
  -0.681    0.365    0.931   -0.643   -0.766  
   0.290    0.957   -0.598   -0.802    0.125  
   0.992   -0.334   -0.942    0.100    0.995  
  -0.548   -0.836    0.083    0.997   -0.810  
  -0.586   -0.349    0.937   -0.861   -0.509  
  -0.593    0.805   -0.736   -0.677   -0.487  
   0.873   -0.693   -0.720   -0.253    0.967  
  -0.477   -0.879   -0.261    0.965   -0.709  
  -0.706   -0.171    0.985   -0.522   -0.853  
  -0.063    0.998   -0.694   -0.720   -0.186  
   0.983   -0.710   -0.705   -0.002    1.000  
  -0.811   -0.585    0.075    0.997   -0.601  
  -0.799    0.152    0.988   -0.757   -0.653  
  -0.039    0.999   -0.848   -0.530   -0.153  
   0.988   -0.993    0.122   -0.313    0.950  
  -0.993    0.117    0.103    0.995   -0.995  
   0.098   -0.337    0.941   -0.997    0.077  
  -0.088    0.996   -0.996   -0.084    0.170  
   0.985   -0.997    0.076    0.181    0.983  
  -0.979   -0.205    0.443    0.896   -0.999  
  -0.051    0.206    0.979   -1.000   -0.021  
  -0.245    0.970   -0.998   -0.064    0.085  
   0.996   -1.000    0.006    0.106    0.994  
  -0.987    0.158    0.202    0.979   -0.981  
  -0.192    0.063    0.998   -0.909   -0.417  
   0.195    0.981   -0.859   -0.513    0.194  
   0.981   -0.969   -0.246    0.126    0.992  
  -1.000   -0.007    0.203    0.979   -0.984  
   0.178    0.054    0.999   -0.996   -0.085  
  -0.197    0.980   -0.985   -0.171   -0.045  
   0.999   -0.994   -0.105    0.076    0.997  
  -0.862    0.508   -0.319    0.948   -0.940  
   0.340   -0.298    0.954   -0.964    0.266  
  -0.306    0.952   -0.915    0.403   -0.367  
   0.930   -0.995    0.095   -0.289    0.957  
  -1.000   -0.020   -0.241    0.970   -0.960  
  -0.279   -0.115    0.993   -0.901   -0.434  
  -0.373    0.928   -0.977    0.211   -0.583  
   0.813   -0.996   -0.085   -0.624    0.781  
  -1.000   -0.024   -0.478    0.878   -0.885  
   0.466   -0.490    0.872   -0.969    0.247  
  -0.556    0.831   -0.973   -0.232   -0.304  
   0.953   -1.000    0.002   -0.429    0.903  
  -0.999   -0.051   -0.494    0.869   -0.958  
  -0.288   -0.415    0.910   -0.983    0.183  
  -0.558    0.830   -0.982    0.191   -0.784  
   0.620   -0.990    0.143   -0.679    0.734  
  -0.959    0.284   -0.697    0.717   -0.961  
   0.278   -0.627    0.779   -0.939    0.343  
  -0.662    0.750   -0.956    0.292   -0.567  
   0.823   -0.848    0.530   -0.706    0.708  
  -0.933    0.361   -0.713    0.701   -0.921  
   0.388   -0.944    0.330   -0.834    0.552  
  -0.867    0.498   -0.994    0.112   -0.553  
   0.833   -0.883    0.470   -0.255    0.967  
  -0.970    0.244   -0.160    0.987   -0.912  
   0.409   -0.418    0.909   -0.998    0.056  
  -0.176    0.984   -0.985   -0.171    0.413  
   0.911   -0.942   -0.336    0.244    0.970  
  -0.895   -0.447    0.006    1.000   -0.828  
  -0.561   -0.369    0.929   -0.691   -0.723  
  -0.124    0.992   -0.902   -0.431    0.000  
   1.000   -0.948   -0.319    0.015    1.000  
  -0.995   -0.105   -0.068    0.998   -1.000  
   0.014   -0.343    0.939   -0.953    0.302  
  -0.252    0.968   -0.929    0.371   -0.147  
   0.989   -0.953    0.304   -0.174    0.985  
  -0.969   -0.248    0.091    0.996   -0.921  
  -0.389    0.082    0.997   -0.827   -0.562  
  -0.219    0.976   -0.903   -0.430   -0.570  
   0.822   -0.999   -0.042   -0.730    0.683  
  -0.978   -0.210   -0.495    0.869   -0.952  
  -0.307   -0.183    0.983   -0.861   -0.509  
  -0.293    0.956   -0.941   -0.340   -0.417  
   0.909   -0.969   -0.245   -0.247    0.969  
  -0.999   -0.039   -0.353    0.936   -0.951  
  -0.310   -0.392    0.920   -0.901   -0.434  
  -0.285    0.958   -0.912   -0.410   -0.449  
   0.894   -1.000    0.010   -0.585    0.811  
  -0.941    0.339   -0.541    0.841   -0.856  
   0.518   -0.764    0.645   -0.955    0.296  
  -0.615    0.788   -0.952    0.307   -0.102  
   0.995   -0.947    0.323   -0.153    0.988  
  -0.991    0.131   -0.202    0.979   -0.953  
   0.302   -0.460    0.888   -0.924    0.383  
  -0.430    0.903   -0.980    0.197   -0.131  
   0.991   -1.000    0.028   -0.341    0.940  
  -0.999    0.042   -0.475    0.880   -0.983  
  -0.186    0.049    0.999   -0.930   -0.369  
   0.575    0.818   -0.950   -0.311    0.797  
   0.603   -0.999   -0.049    0.602    0.799  
  -0.997    0.078    0.390    0.921   -0.992  
  -0.126    0.390    0.921   -0.991   -0.131  
  -0.001    1.000   -0.998    0.066   -0.049  
   0.999   -1.000    0.013    0.101    0.995  
  -0.972    0.233    0.200    0.980   -0.999  
  -0.045    0.198    0.980   -0.944   -0.330  
  -0.005    1.000   -0.923   -0.385    0.038  
   0.999   -0.928   -0.374    0.062    0.998  
  -1.000   -0.021    0.104    0.995   -0.947  
   0.322   -0.045    0.999   -1.000    0.008  
   0.094    0.996   -0.997   -0.082   -0.179  
   0.984   -1.000   -0.018   -0.225    0.974  
  -0.998    0.059   -0.201    0.980   -1.000  
  -0.028   -0.068    0.998   -0.987    0.159  
   0.094    0.996   -0.972    0.236    0.041  
   0.999   -0.963    0.269   -0.106    0.994  
  -0.997    0.083   -0.361    0.932   -0.963  
   0.269   -0.173    0.985   -0.973    0.230  
  -0.221    0.975   -0.992    0.123   -0.273  
   0.962   -0.993    0.119    0.123    0.992  
  -1.000   -0.011   -0.001    1.000   -0.994  
   0.110   -0.079    0.997   -0.957    0.289  
  -0.072    0.997   -0.897    0.442   -0.321  
   0.947   -0.875    0.484   -0.636    0.772  
  -0.981    0.194   -0.471    0.882   -0.982  
   0.187   -0.296    0.955   -0.942    0.337  
  -0.130    0.992   -0.921    0.390    0.080  
   0.997   -1.000   -0.008   -0.223    0.975  
  -0.995   -0.098   -0.371    0.929   -0.825  
  -0.565   -0.448    0.894   -0.909   -0.418  
  -0.482    0.876   -0.937   -0.351   -0.590  
   0.808   -0.999    0.051   -0.685    0.729  
  -0.980   -0.199   -0.687    0.727   -0.999  
   0.036   -0.654    0.756   -0.959    0.285  
  -0.605    0.797   -0.915    0.404   -0.369  
   0.929   -0.994    0.111   -0.370    0.929  
  -0.912    0.411   -0.174    0.985   -0.969  
   0.246   -0.177    0.984   -0.978    0.207  
  -0.036    0.999   -1.000   -0.014   -0.097  
   0.995   -0.932    0.363    0.034    0.999  
  -0.966    0.259    0.037    0.999   -0.971  
   0.239   -0.343    0.939   -0.950    0.313  
  -0.487    0.873   -0.950    0.313   -0.346  
   0.938   -0.930    0.368   -0.453    0.892  
  -0.901    0.433   -0.555    0.832   -0.906  
   0.423   -0.036    0.999   -0.873    0.487  
  -0.066    0.998   -0.984    0.179    0.281  
   0.960   -1.000   -0.022    0.255    0.967  
  -0.981   -0.192    0.363    0.932   -0.925  
  -0.381    0.316    0.949   -0.968   -0.251  
   0.221    0.975   -0.979   -0.205    0.264  
   0.965   -0.989    0.149    0.111    0.994  
  -0.898   -0.440    0.261    0.965   -0.799  
  -0.601    0.441    0.898   -0.982   -0.188  
   0.267    0.964   -0.999    0.043    0.071  
   0.997   -0.934   -0.358    0.098    0.995  
  -0.998   -0.061    0.186    0.983   -0.999  
  -0.040    0.087    0.996   -0.999   -0.047  
  -0.113    0.994   -0.948   -0.317   -0.102  
   0.995   -0.941   -0.337   -0.103    0.995  
  -0.830   -0.558   -0.047    0.999   -0.818  
  -0.576   -0.353    0.936   -0.982    0.189  
  -0.672    0.741   -0.997   -0.082   -0.425  
   0.905   -0.781   -0.624    0.130    0.992  
  -0.459   -0.888    0.288    0.958   -0.640  
  -0.768    0.174    0.985   -0.527   -0.850  
   0.084    0.996   -0.348   -0.937    0.176  
   0.984   -0.588   -0.809   -0.083    0.997  
  -0.447   -0.894    0.157    0.988   -0.554  
  -0.833    0.219    0.976   -0.892   -0.453  
   0.107    0.994   -0.859   -0.513   -0.104  
   0.995   -0.683   -0.731   -0.158    0.987  
  -0.800   -0.600    0.328    0.945   -0.635  
  -0.772    0.436    0.900   -0.104   -0.995  
   0.290    0.957   -0.408   -0.913    0.290  
   0.957   -0.531   -0.848   -0.051    0.999  
  -0.519   -0.855    0.040    0.999   -0.326  
  -0.946   -0.200    0.980   -0.401   -0.916  
  -0.034    0.999   -0.615   -0.789    0.054  
   0.999   -0.859   -0.511    0.086    0.996  
  -0.829   -0.559   -0.072    0.997   -0.694  
  -0.720   -0.495    0.869   -0.449   -0.894  
  -0.259    0.966   -0.534   -0.845   -0.056  
   0.998   -0.537   -0.843   -0.048    0.999  
  -0.481   -0.877   -0.215    0.977   -0.303  
  -0.953   -0.312    0.950   -0.330   -0.944  
  -0.393    0.920   -0.256   -0.967   -0.027  
   1.000   -0.781   -0.624   -0.066    0.998  
  -0.788   -0.616    0.058    0.998   -0.504  
  -0.864   -0.115    0.993   -0.369   -0.929  
  -0.041    0.999   -0.530   -0.848    0.056  
   0.998   -0.645   -0.764   -0.266    0.964  
  -0.884   -0.468   -0.458    0.889   -0.732  
  -0.681   -0.481    0.877   -0.281   -0.960  
  -0.794    0.608   -0.537   -0.844   -0.689  
   0.725   -0.513   -0.858   -0.473    0.881  
  -0.700   -0.714   -0.378    0.926   -0.396  
  -0.918   -0.563    0.826   -0.570   -0.822  
  -0.279    0.960   -0.595   -0.804   -0.519  
   0.855   -0.732   -0.682   -0.241    0.970  
  -0.449   -0.893   -0.463    0.887   -0.538  
  -0.843   -0.475    0.880   -0.843   -0.538  
  -0.827    0.563   -0.696   -0.718   -0.768  
   0.641   -0.626   -0.780   -0.513    0.858  
  -0.392   -0.920   -0.733    0.680   -0.804  
  -0.595   -0.834    0.552   -0.641   -0.768  
  -0.495    0.869   -0.339   -0.941   -0.540  
   0.842   -0.584   -0.812   -0.737    0.676  
  -0.614   -0.789   -0.836    0.549   -0.838  
  -0.545   -0.734    0.679   -0.754   -0.656  
  -0.616    0.788   -0.311   -0.950   -0.939  
   0.343   -0.548   -0.837   -0.931    0.364  
  -0.756   -0.654   -0.984    0.180   -0.898  
  -0.440   -0.983    0.186   -0.817   -0.577  
  -0.977    0.212   -0.782   -0.623   -0.986  
   0.165   -0.482   -0.876   -0.990    0.143  
  -0.485   -0.874   -0.969    0.245   -0.529  
  -0.849   -0.701    0.713   -0.608   -0.794  
  -0.702    0.712   -0.897   -0.442   -0.811  
   0.585   -0.757   -0.653   -0.679    0.734  
  -0.310   -0.951   -0.907    0.422   -0.905  
  -0.426   -0.942    0.335   -0.959   -0.283  
  -0.970    0.241   -0.860   -0.510   -0.973  
   0.231   -0.410   -0.912   -0.946    0.323  
  -0.692   -0.722   -0.858    0.513   -0.840  
  -0.542   -0.968    0.251   -0.913   -0.408  
  -0.879    0.476   -0.520   -0.854   -0.959  
   0.284   -0.815   -0.579   -0.904    0.427  
  -0.975   -0.222   -0.929    0.371   -0.956  
  -0.294   -0.971    0.241   -0.823   -0.569  
  -0.815    0.580   -0.475   -0.880   -0.391  
   0.920   -0.640   -0.768   -0.559    0.829  
  -0.793   -0.609   -0.712    0.702   -0.887  
  -0.461   -0.848    0.531   -0.901   -0.433  
  -0.674    0.738   -0.964   -0.267   -0.470  
   0.883   -0.979   -0.206   -0.294    0.956  
  -0.984    0.177   -0.363    0.932   -0.968  
   0.253   -0.443    0.896   -0.832    0.554  
  -0.337    0.941   -0.912    0.411   -0.280  
   0.960   -0.875    0.484   -0.499    0.867  
  -0.853    0.522   -0.626    0.780   -0.923  
   0.385   -0.581    0.814   -0.741    0.672  
  -0.582    0.813   -0.905    0.426   -0.406  
   0.914   -0.995   -0.095    0.257    0.966  
  -0.904   -0.427    0.148    0.989   -0.924  
  -0.382   -0.241    0.971   -0.956   -0.293  
  -0.588    0.809   -0.970   -0.244   -0.620  
   0.785   -0.974    0.227   -0.311    0.951  
  -0.888    0.460   -0.443    0.896   -0.780  
   0.626   -0.394    0.919   -0.997    0.077  
  -0.351    0.936   -0.994   -0.113   -0.526  
   0.851   -0.994    0.105   -0.799    0.601  
  -0.942    0.336   -0.757    0.654   -0.935  
   0.354   -0.366    0.931   -0.957    0.291  
  -0.436    0.900   -0.997    0.080   -0.286  
   0.958   -0.983   -0.186   -0.256    0.967  
  -1.000    0.000   -0.472    0.882   -0.965  
   0.261   -0.583    0.812   -0.798    0.602  
  -0.742    0.670   -0.953    0.304   -0.361  
   0.933   -0.976    0.218   -0.373    0.928  
  -0.941    0.338   -0.418    0.908   -0.815  
   0.580   -0.558    0.830   -0.967    0.256  
  -0.586    0.810   -0.881    0.472   -0.528  
   0.850   -0.924    0.383   -0.434    0.901  
  -0.862    0.507   -0.674    0.738   -0.910  
   0.415   -0.801    0.598   -0.915    0.403  
  -0.809    0.588   -0.969    0.249   -0.715  
   0.699   -0.926    0.377   -0.705    0.709  
  -0.926    0.377   -0.653    0.758   -0.861  
   0.509   -0.647    0.763   -0.948    0.319  
  -0.301    0.954   -0.943    0.332   -0.368  
   0.930   -0.967    0.254   -0.322    0.947  
  -1.000    0.009   -0.541    0.841   -0.980  
   0.198   -0.556    0.831   -0.944    0.329  
  -0.537    0.843   -0.860    0.510   -0.677  
   0.736   -0.703    0.711   -0.601    0.799  
  -0.843    0.538   -0.680    0.733   -0.810  
   0.586   -0.724    0.690   -0.705    0.709  
  -0.992    0.123   -0.997    0.074   -0.898  
   0.441   -0.933   -0.360   -0.876    0.483  
  -0.934   -0.358   -0.885    0.466   -0.999  
  -0.039   -0.871    0.491   -0.893    0.450  
  -0.901    0.434   -0.982    0.191   -0.761  
   0.648   -0.898    0.441   -0.887    0.461  
  -0.958    0.287   -0.938    0.346   -0.944  
   0.331   -0.805    0.594   -0.986    0.166  
  -0.289    0.957   -0.884    0.468   -0.477  
   0.879   -0.814    0.580   -0.728    0.685  
  -0.971    0.238   -0.670    0.743   -0.977  
   0.214   -0.757    0.653   -0.975    0.223  
  -0.734    0.679   -0.997   -0.080   -0.787  
   0.617   -0.922   -0.388   -0.629    0.777  
  -0.880   -0.475   -0.600    0.800   -0.788  
  -0.616   -0.685    0.729   -0.895   -0.446  
  -0.576    0.817   -0.682   -0.731   -0.585  
   0.811   -0.764   -0.645   -0.635    0.772  
  -0.910   -0.415   -0.840    0.543   -0.958  
  -0.286   -0.738    0.674   -0.999   -0.032  
  -0.601    0.799   -0.957    0.290   -0.517  
   0.856   -0.997   -0.075   -0.612    0.791  
  -0.900   -0.436   -0.573    0.819   -0.951  
  -0.310   -0.763    0.646   -0.779   -0.627  
  -0.540    0.842   -0.791   -0.611   -0.335  
   0.942   -0.850   -0.526   -0.242    0.970  
  -0.814   -0.581   -0.395    0.919   -0.465  
  -0.885   -0.378    0.926   -0.610   -0.792  
  -0.270    0.963   -0.728   -0.686   -0.452  
   0.892   -0.783   -0.622   -0.582    0.813  
  -0.730   -0.684   -0.458    0.889   -0.453  
  -0.892   -0.080    0.997   -0.620   -0.785  
  -0.015    1.000   -0.807   -0.590   -0.100  
   0.995   -0.746   -0.666   -0.138    0.990  
  -0.963   -0.270   -0.510    0.860   -0.884  
  -0.467   -0.439    0.899   -0.547   -0.837  
   0.172    0.985   -0.691   -0.723    0.395  
   0.919   -0.982   -0.189   -0.185    0.983  
  -0.994   -0.109   -0.565    0.825   -0.916  
   0.402   -0.503    0.864   -0.924    0.382  
  -0.531    0.847   -0.945    0.326   -0.363  
   0.932   -0.866    0.499   -0.162    0.987  
  -0.976    0.216   -0.442    0.897   -0.999  
   0.052   -0.546    0.838   -0.959   -0.284  
  -0.275    0.961   -0.960   -0.279   -0.175  
   0.985   -0.790   -0.613    0.182    0.983  
  -0.743   -0.669   -0.064    0.998   -0.863  
  -0.505    0.050    0.999   -0.699   -0.715  
   0.043    0.999   -0.722   -0.692    0.096  
   0.995   -0.554   -0.832    0.004    1.000  
  -0.406   -0.914   -0.028    1.000   -0.559  
  -0.829   -0.065    0.998   -0.589   -0.808  
   0.050    0.999   -0.587   -0.809    0.039  
   0.999   -0.834   -0.552   -0.008    1.000  
  -0.777   -0.630   -0.227    0.974   -0.597  
  -0.802   -0.242    0.970   -0.629   -0.777  
   0.033    0.999   -0.705   -0.709   -0.027  
   1.000   -0.636   -0.771   -0.288    0.958  
  -0.781   -0.625   -0.156    0.988   -0.866  
  -0.501   -0.154    0.988   -0.615   -0.788  
  -0.496    0.868   -0.492   -0.871   -0.664  
   0.748   -0.662   -0.750   -0.489    0.872  
  -0.526   -0.850   -0.460    0.888   -0.451  
  -0.892   -0.386    0.922   -0.885   -0.465  
  -0.243    0.970   -0.986   -0.167    0.088  
   0.996   -0.780   -0.626   -0.046    0.999  
  -0.614   -0.789   -0.071    0.997   -0.599  
  -0.801    0.039    0.999   -0.269   -0.963  
  -0.217    0.976   -0.602   -0.798   -0.309  
   0.951   -0.549   -0.836   -0.230    0.973  
  -0.359   -0.933    0.420    0.908   -0.290  
  -0.957    0.574    0.819   -0.410   -0.912  
   0.277    0.961   -0.517   -0.856   -0.077  
   0.997   -0.377   -0.926    0.266    0.964  
  -0.450   -0.893    0.292    0.957   -0.449  
  -0.893    0.132    0.991   -0.547   -0.837  
   0.132    0.991   -0.496   -0.868    0.174  
   0.985   -0.932   -0.362    0.301    0.954  
  -0.836   -0.549    0.446    0.895   -0.558  
  -0.830    0.392    0.920   -0.594   -0.804  
   0.354    0.935   -0.812   -0.583    0.623  
   0.782   -0.913   -0.407    0.657    0.754  
  -0.835   -0.550    0.585    0.811   -0.920  
  -0.391    0.345    0.939   -0.999   -0.037  
   0.112    0.994   -1.000    0.009    0.040  
   0.999   -0.987   -0.163    0.419    0.908  
  -0.964   -0.264    0.328    0.945   -0.895  
   0.446    0.049    0.999   -0.979    0.203  
  -0.053    0.999   -0.992    0.129   -0.520  
   0.854   -0.995    0.102   -0.687    0.726  
  -0.999    0.053   -0.685    0.729   -0.746  
   0.665   -0.658    0.753   -0.848    0.530  
  -0.543    0.840   -0.995    0.100   -0.460  
   0.888   -0.976   -0.219   -0.498    0.867  
  -0.998   -0.067   -0.226    0.974   -0.999  
   0.034   -0.123    0.992   -0.936    0.351  
  -0.166    0.986   -0.911    0.412   -0.306  
   0.952   -0.843    0.538   -0.478    0.878  
  -0.886    0.463   -0.119    0.993   -0.998  
   0.061   -0.041    0.999   -0.976    0.217  
  -0.132    0.991   -0.870    0.494   -0.249  
   0.969   -0.656    0.754   -0.470    0.883  
  -0.985    0.172   -0.299    0.954   -0.941  
   0.339   -0.441    0.897   -0.909   -0.416  
  -0.127    0.992   -0.727   -0.687   -0.144  
   0.990   -0.953   -0.302   -0.236    0.972  
  -0.998    0.055   -0.312    0.950   -0.998  
   0.055   -0.231    0.973   -0.999    0.047  
  -0.113    0.994   -0.987   -0.161    0.035  
   0.999   -0.998   -0.057    0.171    0.985  
  -0.993    0.119   -0.229    0.973   -0.909  
   0.416   -0.497    0.868   -0.961    0.278  
  -0.418    0.908   -0.987    0.161   -0.294  
   0.956   -1.000    0.002   -0.401    0.916  
  -0.949    0.315   -0.233    0.972   -0.974  
   0.229   -0.234    0.972   -0.998    0.058  
  -0.080    0.997   -0.983    0.186   -0.231  
   0.973   -0.998   -0.063   -0.110    0.994  
  -0.995    0.097    0.176    0.984   -0.971  
   0.240   -0.040    0.999   -0.989    0.145  
  -0.105    0.994   -0.994   -0.105    0.374  
   0.928   -0.997   -0.074    0.665    0.747  
  -0.996    0.093    0.726    0.688   -0.983  
   0.182    0.640    0.769   -0.971    0.239  
   0.356    0.935   -0.993    0.115    0.185  
   0.983   -0.993   -0.116   -0.047    0.999  
  -0.996   -0.092    0.380    0.925   -0.811  
   0.585    0.037    0.999   -0.974    0.228  
   0.244    0.970   -0.995   -0.095    0.245  
   0.970   -0.928   -0.371    0.371    0.929  
  -0.954   -0.301    0.273    0.962   -0.956  
  -0.295    0.326    0.945   -0.885   -0.466  
   0.290    0.957   -0.888   -0.461    0.354  
   0.935   -0.928   -0.371    0.304    0.953  
  -0.997   -0.073   -0.168    0.986   -0.994  
  -0.105    0.152    0.988   -0.979   -0.203  
   0.070    0.998   -0.935   -0.354    0.256  
   0.967   -0.955   -0.298   -0.036    0.999  
  -0.934   -0.358   -0.218    0.976   -0.997  
   0.076   -0.308    0.951   -0.962    0.273  
  -0.255    0.967   -0.845    0.535   -0.265  
   0.964   -0.955    0.296    0.228    0.974  
  -0.969    0.247    0.168    0.986   -0.927  
   0.375    0.300    0.954   -0.995    0.101  
   0.446    0.895   -0.946    0.324    0.070  
   0.998   -0.896    0.444   -0.050    0.999  
  -1.000    0.002   -0.014    1.000   -0.947  
   0.322    0.250    0.968   -0.988    0.153  
   0.610    0.792   -1.000    0.029    0.731  
   0.683   -0.996    0.094    0.668    0.745  
  -0.973    0.233    0.783    0.622   -1.000  
  -0.003    0.920    0.393   -0.994    0.112  
   0.871    0.492   -0.999    0.046    0.898  
   0.440   -0.975    0.223    0.934    0.357  
  -0.956    0.293    0.941    0.338   -0.991  
   0.135    0.910    0.415   -0.977   -0.215  
   0.846    0.533   -0.981   -0.196    0.733  
   0.680   -1.000    0.017    0.598    0.801  
  -1.000    0.006    0.890    0.457   -0.977  
   0.213    0.930    0.367   -0.970    0.245  
   0.891    0.454   -0.979    0.202    0.949  
   0.314   -0.982    0.189    0.896    0.444  
  -0.977    0.215    0.839    0.545   -0.995  
   0.102    0.734    0.679   -0.992    0.128  
   0.107    0.994   -0.984    0.178   -0.095  
   0.995   -1.000   -0.010    0.008    1.000  
  -0.990   -0.143   -0.068    0.998   -1.000  
  -0.001    0.177    0.984   -0.986    0.166  
   0.508    0.862   -0.968    0.252    0.538  
   0.843   -0.993    0.117    0.588    0.809  
  -0.997   -0.077    0.115    0.993   -0.989  
  -0.149   -0.343    0.939   -0.997   -0.080  
  -0.372    0.928   -0.990    0.143   -0.002  
   1.000   -0.985   -0.172   -0.159    0.987  
  -0.989   -0.149   -0.225    0.974   -0.998  
  -0.060   -0.185    0.983   -0.966   -0.260  
   0.012    1.000   -0.982   -0.190    0.090  
   0.996   -0.999   -0.047   -0.193    0.981  
  -0.998    0.060   -0.260    0.966   -0.962  
   0.273   -0.252    0.968   -0.966    0.260  
   0.069    0.998   -0.996    0.085   -0.375  
   0.927   -0.999   -0.048   -0.571    0.821  
  -0.983   -0.183   -0.565    0.825   -0.794  
  -0.608    0.031    1.000   -0.935   -0.353  
  -0.268    0.963   -0.991   -0.135   -0.436  
   0.900   -0.995   -0.101   -0.271    0.963  
  -0.941   -0.340   -0.269    0.963   -0.999  
  -0.033   -0.165    0.986   -0.996   -0.087  
  -0.165    0.986   -0.933   -0.361    0.077  
   0.997   -0.802   -0.597    0.060    0.998  
  -0.683   -0.731    0.068    0.998   -0.454  
  -0.891   -0.240    0.971   -0.780   -0.625  
  -0.031    1.000   -0.851   -0.525   -0.010  
   1.000   -0.620   -0.785    0.447    0.895  
  -0.757   -0.654    0.417    0.909   -0.744  
  -0.668   -0.141    0.990   -0.595   -0.803  
  -0.380    0.925   -0.743   -0.670   -0.435  
   0.901   -0.967   -0.256   -0.514    0.858  
  -0.998    0.060   -0.400    0.916  
