          0.00100000          0.00000000
          0.00300000          0.00000000
          0.00500000          0.00000000
          0.00700000          0.00000000
          0.00900000          0.00000000
          0.01100000          0.00000000
          0.01300000          0.00000000
          0.01500000          0.00000000
          0.01700000          0.00000000
          0.01900000          0.00000000
          0.02100000          0.00000000
          0.02300000          0.00000000
          0.02500000          0.00000000
          0.02700000          0.00000000
          0.02900000          0.00000000
          0.03100000          0.00000000
          0.03300000          0.00000000
          0.03500000          0.00000000
          0.03700000          0.00000000
          0.03900000          0.00000000
          0.04100000          0.00000000
          0.04300000          0.00000000
          0.04500000          0.00000000
          0.04700000          0.00000000
          0.04900000          0.00000000
          0.05100000          0.00000000
          0.05300000          0.00000000
          0.05500000          0.00000000
          0.05700000          0.00000000
          0.05900000          0.00000000
          0.06100000          0.00000000
          0.06300000          0.00000000
          0.06500000          0.00000000
          0.06700000          0.00000000
          0.06900000          0.00000000
          0.07100000          0.00000000
          0.07300000          0.00000000
          0.07500000          0.00000000
          0.07700000          0.00000000
          0.07900000          0.00000000
          0.08100000          0.00000000
          0.08300000          0.00000000
          0.08500000          0.00000000
          0.08700000          0.00000000
          0.08900000          0.00000000
          0.09100000          0.00000000
          0.09300000          0.00000000
          0.09500000          0.00000000
          0.09700000          0.00000000
          0.09900000          0.00000000
          0.10100000          0.00000000
          0.10300000          0.00000000
          0.10500000          0.00000000
          0.10700000          0.00000000
          0.10900000          0.00000000
          0.11100000          0.00000000
          0.11300000          0.00000000
          0.11500000          0.00000000
          0.11700000          0.00000000
          0.11900000          0.00000000
          0.12100000          0.00000000
          0.12300000          0.00000000
          0.12500000          0.00000000
          0.12700000          0.00000000
          0.12900000          0.00000000
          0.13100000          0.00000000
          0.13300000          0.00000000
          0.13500000          0.00000000
          0.13700000          0.00000000
          0.13900000          0.00000000
          0.14100000          0.00000000
          0.14300000          0.00000000
          0.14500000          0.00000000
          0.14700000          0.00000000
          0.14900000          0.00000000
          0.15100000          0.00000000
          0.15300000          0.00000000
          0.15500000          0.00000000
          0.15700000          0.00000000
          0.15900000          0.00000000
          0.16100000          0.00000000
          0.16300000          0.00000000
          0.16500000          0.00000000
          0.16700000          0.00000000
          0.16900000          0.00000000
          0.17100000          0.00000000
          0.17300000          0.00000000
          0.17500000          0.00000000
          0.17700000          0.00000000
          0.17900000          0.00000000
          0.18100000          0.00000000
          0.18300000          0.00000000
          0.18500000          0.00000000
          0.18700000          0.00000000
          0.18900000          0.00000000
          0.19100000          0.00000000
          0.19300000          0.00000000
          0.19500000          0.00000000
          0.19700000          0.00000000
          0.19900000          0.00000000
          0.20100000          0.00000000
          0.20300000          0.00000000
          0.20500000          0.00000000
          0.20700000          0.00000000
          0.20900000          0.00000000
          0.21100000          0.00000000
          0.21300000          0.00000000
          0.21500000          0.00000000
          0.21700000          0.00000000
          0.21900000          0.00000000
          0.22100000          0.00000000
          0.22300000          0.00000000
          0.22500000          0.00000000
          0.22700000          0.00000000
          0.22900000          0.00000000
          0.23100000          0.00000000
          0.23300000          0.00000000
          0.23500000          0.00000000
          0.23700000          0.00000000
          0.23900000          0.00000000
          0.24100000          0.00000000
          0.24300000          0.00000000
          0.24500000          0.00000000
          0.24700000          0.00000000
          0.24900000          0.00000000
          0.25100000          0.00000000
          0.25300000          0.00000000
          0.25500000          0.00000000
          0.25700000          0.00000000
          0.25900000          0.00000000
          0.26100000          0.00000000
          0.26300000          0.00000000
          0.26500000          0.00000000
          0.26700000          0.00000000
          0.26900000          0.00000000
          0.27100000          0.00000000
          0.27300000          0.00000274
          0.27500000          0.00001348
          0.27700000          0.00002126
          0.27900000          0.00003144
          0.28100000          0.00009040
          0.28300000          0.00010185
          0.28500000          0.00021341
          0.28700000          0.00029958
          0.28900000          0.00054450
          0.29100000          0.00073693
          0.29300000          0.00099058
          0.29500000          0.00152555
          0.29700000          0.00186112
          0.29900000          0.00261416
          0.30100000          0.00333584
          0.30300000          0.00432041
          0.30500000          0.00513206
          0.30700000          0.00615596
          0.30900000          0.00742853
          0.31100000          0.00884508
          0.31300000          0.01031443
          0.31500000          0.01178904
          0.31700000          0.01313238
          0.31900000          0.01522679
          0.32100000          0.01686638
          0.32300000          0.01878685
          0.32500000          0.02076511
          0.32700000          0.02267845
          0.32900000          0.02404836
          0.33100000          0.02604068
          0.33300000          0.02787871
          0.33500000          0.02973472
          0.33700000          0.03118212
          0.33900000          0.03283827
          0.34100000          0.03479378
          0.34300000          0.03615036
          0.34500000          0.03782961
          0.34700000          0.03881240
          0.34900000          0.03968151
          0.35100000          0.04091403
          0.35300000          0.04184774
          0.35500000          0.04294235
          0.35700000          0.04412509
          0.35900000          0.04446555
          0.36100000          0.04485680
          0.36300000          0.04517485
          0.36500000          0.04607413
          0.36700000          0.04648634
          0.36900000          0.04683301
          0.37100000          0.04703173
          0.37300000          0.04718540
          0.37500000          0.04756951
          0.37700000          0.04767451
          0.37900000          0.04744669
          0.38100000          0.04772396
          0.38300000          0.04792197
          0.38500000          0.04786289
          0.38700000          0.04774120
          0.38900000          0.04813159
          0.39100000          0.04821272
          0.39300000          0.04805732
          0.39500000          0.04828032
          0.39700000          0.04770193
          0.39900000          0.04731331
          0.40100000          0.04753753
          0.40300000          0.04686470
          0.40500000          0.04664045
          0.40700000          0.04641957
          0.40900000          0.04580456
          0.41100000          0.04508943
          0.41300000          0.04482715
          0.41500000          0.04389643
          0.41700000          0.04319138
          0.41900000          0.04249893
          0.42100000          0.04159328
          0.42300000          0.04126586
          0.42500000          0.04078806
          0.42700000          0.04006797
          0.42900000          0.03894174
          0.43100000          0.03818924
          0.43300000          0.03792864
          0.43500000          0.03724765
          0.43700000          0.03681352
          0.43900000          0.03591167
          0.44100000          0.03554473
          0.44300000          0.03491276
          0.44500000          0.03442457
          0.44700000          0.03384164
          0.44900000          0.03359343
          0.45100000          0.03339440
          0.45300000          0.03286663
          0.45500000          0.03249953
          0.45700000          0.03215320
          0.45900000          0.03184360
          0.46100000          0.03158901
          0.46300000          0.03116733
          0.46500000          0.03065741
          0.46700000          0.03057679
          0.46900000          0.03023498
          0.47100000          0.03029774
          0.47300000          0.02996368
          0.47500000          0.02988904
          0.47700000          0.02930998
          0.47900000          0.02900174
          0.48100000          0.02905370
          0.48300000          0.02869470
          0.48500000          0.02874897
          0.48700000          0.02855718
          0.48900000          0.02830956
          0.49100000          0.02808279
          0.49300000          0.02832360
          0.49500000          0.02786797
          0.49700000          0.02816096
          0.49900000          0.02783330
          0.50100000          0.02783821
          0.50300000          0.02777686
          0.50500000          0.02765245
          0.50700000          0.02794881
          0.50900000          0.02783587
          0.51100000          0.02753953
          0.51300000          0.02771965
          0.51500000          0.02808222
          0.51700000          0.02792717
          0.51900000          0.02772673
          0.52100000          0.02793049
          0.52300000          0.02785447
          0.52500000          0.02816872
          0.52700000          0.02808602
          0.52900000          0.02787405
          0.53100000          0.02807385
          0.53300000          0.02796693
          0.53500000          0.02797624
          0.53700000          0.02802284
          0.53900000          0.02794934
          0.54100000          0.02762810
          0.54300000          0.02780536
          0.54500000          0.02750417
          0.54700000          0.02750447
          0.54900000          0.02745601
          0.55100000          0.02760970
          0.55300000          0.02710960
          0.55500000          0.02707743
          0.55700000          0.02721462
          0.55900000          0.02683880
          0.56100000          0.02673332
          0.56300000          0.02674253
          0.56500000          0.02667491
          0.56700000          0.02652893
          0.56900000          0.02664889
          0.57100000          0.02660765
          0.57300000          0.02638310
          0.57500000          0.02650151
          0.57700000          0.02634445
          0.57900000          0.02649856
          0.58100000          0.02623306
          0.58300000          0.02677339
          0.58500000          0.02679801
          0.58700000          0.02664294
          0.58900000          0.02702782
          0.59100000          0.02711845
          0.59300000          0.02711735
          0.59500000          0.02727235
          0.59700000          0.02730678
          0.59900000          0.02759081
          0.60100000          0.02795966
          0.60300000          0.02793771
          0.60500000          0.02807479
          0.60700000          0.02820115
          0.60900000          0.02838793
          0.61100000          0.02852087
          0.61300000          0.02850439
          0.61500000          0.02887197
          0.61700000          0.02890795
          0.61900000          0.02923240
          0.62100000          0.02904494
          0.62300000          0.02939102
          0.62500000          0.02953525
          0.62700000          0.02950483
          0.62900000          0.02977574
          0.63100000          0.02983826
          0.63300000          0.02989583
          0.63500000          0.03029297
          0.63700000          0.03017995
          0.63900000          0.03047479
          0.64100000          0.03064525
          0.64300000          0.03067490
          0.64500000          0.03056045
          0.64700000          0.03086385
          0.64900000          0.03087873
          0.65100000          0.03115798
          0.65300000          0.03102576
          0.65500000          0.03123587
          0.65700000          0.03110174
          0.65900000          0.03129596
          0.66100000          0.03132204
          0.66300000          0.03160100
          0.66500000          0.03151589
          0.66700000          0.03171085
          0.66900000          0.03165322
          0.67100000          0.03206813
          0.67300000          0.03171347
          0.67500000          0.03212559
          0.67700000          0.03215009
          0.67900000          0.03227458
          0.68100000          0.03190192
          0.68300000          0.03214510
          0.68500000          0.03247747
          0.68700000          0.03252543
          0.68900000          0.03278838
          0.69100000          0.03262789
          0.69300000          0.03271883
          0.69500000          0.03267518
          0.69700000          0.03281327
          0.69900000          0.03290082
          0.70100000          0.03308478
          0.70300000          0.03321207
          0.70500000          0.03308831
          0.70700000          0.03321961
          0.70900000          0.03344262
          0.71100000          0.03336446
          0.71300000          0.03342627
          0.71500000          0.03332370
          0.71700000          0.03350063
          0.71900000          0.03343878
          0.72100000          0.03367172
          0.72300000          0.03392381
          0.72500000          0.03386144
          0.72700000          0.03393005
          0.72900000          0.03411713
          0.73100000          0.03402077
          0.73300000          0.03409651
          0.73500000          0.03405050
          0.73700000          0.03418921
          0.73900000          0.03423705
          0.74100000          0.03427124
          0.74300000          0.03453472
          0.74500000          0.03441568
          0.74700000          0.03460260
          0.74900000          0.03467179
          0.75100000          0.03456149
          0.75300000          0.03459717
          0.75500000          0.03459515
          0.75700000          0.03452042
          0.75900000          0.03483257
          0.76100000          0.03479340
          0.76300000          0.03502599
          0.76500000          0.03473332
          0.76700000          0.03479889
          0.76900000          0.03473537
          0.77100000          0.03483191
          0.77300000          0.03493893
          0.77500000          0.03504948
          0.77700000          0.03479023
          0.77900000          0.03511658
          0.78100000          0.03496237
          0.78300000          0.03487347
          0.78500000          0.03473108
          0.78700000          0.03504702
          0.78900000          0.03482797
          0.79100000          0.03508426
          0.79300000          0.03496168
          0.79500000          0.03514996
          0.79700000          0.03487585
          0.79900000          0.03492189
          0.80100000          0.03484975
          0.80300000          0.03510080
          0.80500000          0.03490458
          0.80700000          0.03489274
          0.80900000          0.03491798
          0.81100000          0.03502069
          0.81300000          0.03504822
          0.81500000          0.03501120
          0.81700000          0.03474284
          0.81900000          0.03475852
          0.82100000          0.03491977
          0.82300000          0.03463434
          0.82500000          0.03451096
          0.82700000          0.03460694
          0.82900000          0.03455560
          0.83100000          0.03445030
          0.83300000          0.03434591
          0.83500000          0.03443312
          0.83700000          0.03433804
          0.83900000          0.03440601
          0.84100000          0.03416356
          0.84300000          0.03427053
          0.84500000          0.03411535
          0.84700000          0.03417843
          0.84900000          0.03403004
          0.85100000          0.03405078
          0.85300000          0.03391316
          0.85500000          0.03378007
          0.85700000          0.03397079
          0.85900000          0.03387552
          0.86100000          0.03378600
          0.86300000          0.03373419
          0.86500000          0.03371874
          0.86700000          0.03371338
          0.86900000          0.03359214
          0.87100000          0.03354181
          0.87300000          0.03331792
          0.87500000          0.03345532
          0.87700000          0.03346120
          0.87900000          0.03330831
          0.88100000          0.03330860
          0.88300000          0.03328343
          0.88500000          0.03334173
          0.88700000          0.03337713
          0.88900000          0.03336131
          0.89100000          0.03313952
          0.89300000          0.03305364
          0.89500000          0.03313216
          0.89700000          0.03304769
          0.89900000          0.03299771
          0.90100000          0.03323875
          0.90300000          0.03305241
          0.90500000          0.03301255
          0.90700000          0.03314750
          0.90900000          0.03306547
          0.91100000          0.03321631
          0.91300000          0.03301956
          0.91500000          0.03299181
          0.91700000          0.03287570
          0.91900000          0.03283394
          0.92100000          0.03297447
          0.92300000          0.03319055
          0.92500000          0.03308198
          0.92700000          0.03306777
          0.92900000          0.03298557
          0.93100000          0.03306375
          0.93300000          0.03303812
          0.93500000          0.03304086
          0.93700000          0.03293806
          0.93900000          0.03306157
          0.94100000          0.03318880
          0.94300000          0.03305780
          0.94500000          0.03306486
          0.94700000          0.03301312
          0.94900000          0.03309037
          0.95100000          0.03301786
          0.95300000          0.03319041
          0.95500000          0.03322752
          0.95700000          0.03308812
          0.95900000          0.03312920
          0.96100000          0.03320410
          0.96300000          0.03327524
          0.96500000          0.03323359
          0.96700000          0.03303345
          0.96900000          0.03310639
          0.97100000          0.03328594
          0.97300000          0.03331985
          0.97500000          0.03334376
          0.97700000          0.03340480
          0.97900000          0.03341208
          0.98100000          0.03337579
          0.98300000          0.03335999
          0.98500000          0.03323832
          0.98700000          0.03334952
          0.98900000          0.03337448
          0.99100000          0.03349138
          0.99300000          0.03341906
          0.99500000          0.03352215
          0.99700000          0.03345591
          0.99900000          0.03347698
          1.00100000          0.03360182
          1.00300000          0.03349916
          1.00500000          0.03341362
          1.00700000          0.03349400
          1.00900000          0.03366002
          1.01100000          0.03382366
          1.01300000          0.03361472
          1.01500000          0.03368666
          1.01700000          0.03370691
          1.01900000          0.03381139
          1.02100000          0.03368708
          1.02300000          0.03384740
          1.02500000          0.03387034
          1.02700000          0.03372443
          1.02900000          0.03390548
          1.03100000          0.03399834
          1.03300000          0.03405965
          1.03500000          0.03392644
          1.03700000          0.03398079
          1.03900000          0.03404222
          1.04100000          0.03423108
          1.04300000          0.03405681
          1.04500000          0.03409259
          1.04700000          0.03411948
          1.04900000          0.03405752
          1.05100000          0.03417487
          1.05300000          0.03412462
          1.05500000          0.03417364
          1.05700000          0.03413242
          1.05900000          0.03424893
          1.06100000          0.03426106
          1.06300000          0.03430714
          1.06500000          0.03431254
          1.06700000          0.03428165
          1.06900000          0.03426967
          1.07100000          0.03428315
          1.07300000          0.03428176
          1.07500000          0.03433520
          1.07700000          0.03436322
          1.07900000          0.03441409
          1.08100000          0.03434358
          1.08300000          0.03437195
          1.08500000          0.03443868
          1.08700000          0.03424527
          1.08900000          0.03445992
          1.09100000          0.03461810
          1.09300000          0.03447770
          1.09500000          0.03457094
          1.09700000          0.03456006
          1.09900000          0.03445043
          1.10100000          0.03453921
          1.10300000          0.03453862
          1.10500000          0.03445713
          1.10700000          0.03448617
          1.10900000          0.03450765
          1.11100000          0.03440203
          1.11300000          0.03449745
          1.11500000          0.03455326
          1.11700000          0.03445988
          1.11900000          0.03445472
          1.12100000          0.03463650
          1.12300000          0.03452844
          1.12500000          0.03456691
          1.12700000          0.03460361
          1.12900000          0.03455328
          1.13100000          0.03458710
          1.13300000          0.03436089
          1.13500000          0.03449256
          1.13700000          0.03445840
          1.13900000          0.03447519
          1.14100000          0.03435272
          1.14300000          0.03452263
          1.14500000          0.03446187
          1.14700000          0.03440566
          1.14900000          0.03444108
          1.15100000          0.03455763
          1.15300000          0.03448831
          1.15500000          0.03435277
          1.15700000          0.03446781
          1.15900000          0.03425057
          1.16100000          0.03441847
          1.16300000          0.03440966
          1.16500000          0.03440912
          1.16700000          0.03437798
          1.16900000          0.03458697
          1.17100000          0.03447443
          1.17300000          0.03440692
          1.17500000          0.03441751
          1.17700000          0.03427385
          1.17900000          0.03443642
          1.18100000          0.03429795
          1.18300000          0.03418368
          1.18500000          0.03422509
          1.18700000          0.03429715
          1.18900000          0.03429092
          1.19100000          0.03414552
