1 N 0.1592 0.71128 0.325
2 H 0.1984 0.0656888 0.106908
3 H 0.1984 0.0656888 0.106908
4 H 0.1984 0.0656888 0.106908
5 C 0.0221 0.45773 0.339967
6 H 0.1116 0.0656888 0.195998
7 C 0.0865 0.45773 0.339967
8 H 0.0125 0.0656888 0.264953
9 H 0.0125 0.0656888 0.264953
10 C 0.0334 0.45773 0.339967
11 H 0.0292 0.0656888 0.247135
12 H 0.0292 0.0656888 0.247135
13 S -0.2774 1.046 0.356359
14 C -0.0341 0.45773 0.339967
15 H 0.0597 0.0656888 0.247135
16 H 0.0597 0.0656888 0.247135
17 H 0.0597 0.0656888 0.247135
18 C 0.6123 0.359824 0.339967
19 O -0.5713 0.87864 0.295992
20 N -0.4157 0.71128 0.325
21 H 0.2719 0.0656888 0.106908
22 C -0.0389 0.45773 0.339967
23 H 0.1007 0.0656888 0.247135
24 C 0.3654 0.45773 0.339967
25 H 0.0043 0.0656888 0.247135
26 C -0.2438 0.45773 0.339967
27 H 0.0642 0.0656888 0.264953
28 H 0.0642 0.0656888 0.264953
29 H 0.0642 0.0656888 0.264953
30 O -0.6761 0.880314 0.306647
31 H 0.4102 0 0
32 C 0.5973 0.359824 0.339967
33 O -0.5679 0.87864 0.295992
34 N -0.4157 0.71128 0.325
35 H 0.2719 0.0656888 0.106908
36 C -0.0014 0.45773 0.339967
37 H 0.0876 0.0656888 0.247135
38 C -0.0152 0.45773 0.339967
39 H 0.0295 0.0656888 0.264953
40 H 0.0295 0.0656888 0.264953
41 C -0.0011 0.359824 0.339967
42 C -0.1906 0.359824 0.339967
43 H 0.1699 0.06276 0.259964
44 C -0.2341 0.359824 0.339967
45 H 0.1656 0.06276 0.259964
46 C 0.3226 0.359824 0.339967
47 O -0.5579 0.880314 0.306647
48 H 0.3992 0 0
49 C -0.2341 0.359824 0.339967
50 H 0.1656 0.06276 0.259964
51 C -0.1906 0.359824 0.339967
52 H 0.1699 0.06276 0.259964
53 C 0.5973 0.359824 0.339967
54 O -0.5679 0.87864 0.295992
55 N -0.3479 0.71128 0.325
56 H 0.2747 0.0656888 0.106908
57 C -0.24 0.45773 0.339967
58 H 0.1426 0.0656888 0.247135
59 C -0.0094 0.45773 0.339967
60 H 0.0362 0.0656888 0.264953
61 H 0.0362 0.0656888 0.264953
62 C 0.0187 0.45773 0.339967
63 H 0.0103 0.0656888 0.264953
64 H 0.0103 0.0656888 0.264953
65 C -0.0479 0.45773 0.339967
66 H 0.0621 0.0656888 0.264953
67 H 0.0621 0.0656888 0.264953
68 C -0.0143 0.45773 0.339967
69 H 0.1135 0.0656888 0.195998
70 H 0.1135 0.0656888 0.195998
71 N -0.3854 0.71128 0.325
72 H 0.34 0.0656888 0.106908
73 H 0.34 0.0656888 0.106908
74 H 0.34 0.0656888 0.106908
75 C 0.7341 0.359824 0.339967
76 O -0.5894 0.87864 0.295992
77 N -0.4157 0.71128 0.325
78 H 0.2719 0.0656888 0.106908
79 C -0.0518 0.45773 0.339967
80 H 0.0922 0.0656888 0.247135
81 C -0.1102 0.45773 0.339967
82 H 0.0457 0.0656888 0.264953
83 H 0.0457 0.0656888 0.264953
84 C 0.3531 0.45773 0.339967
85 H -0.0361 0.0656888 0.264953
86 C -0.4121 0.45773 0.339967
87 H 0.1 0.0656888 0.264953
88 H 0.1 0.0656888 0.264953
89 H 0.1 0.0656888 0.264953
90 C -0.4121 0.45773 0.339967
91 H 0.1 0.0656888 0.264953
92 H 0.1 0.0656888 0.264953
93 H 0.1 0.0656888 0.264953
94 C 0.5973 0.359824 0.339967
95 O -0.5679 0.87864 0.295992
96 N -0.4157 0.71128 0.325
97 H 0.2719 0.0656888 0.106908
98 C -0.0597 0.45773 0.339967
99 H 0.0869 0.0656888 0.247135
100 C 0.1303 0.45773 0.339967
101 H 0.0187 0.0656888 0.264953
102 C -0.3204 0.45773 0.339967
103 H 0.0882 0.0656888 0.264953
104 H 0.0882 0.0656888 0.264953
105 H 0.0882 0.0656888 0.264953
106 C -0.043 0.45773 0.339967
107 H 0.0236 0.0656888 0.264953
108 H 0.0236 0.0656888 0.264953
109 C -0.066 0.45773 0.339967
110 H 0.0186 0.0656888 0.264953
111 H 0.0186 0.0656888 0.264953
112 H 0.0186 0.0656888 0.264953
113 C 0.5973 0.359824 0.339967
114 O -0.5679 0.87864 0.295992
115 N -0.4157 0.71128 0.325
116 H 0.2719 0.0656888 0.106908
117 C -0.0518 0.45773 0.339967
118 H 0.0922 0.0656888 0.247135
119 C -0.1102 0.45773 0.339967
120 H 0.0457 0.0656888 0.264953
121 H 0.0457 0.0656888 0.264953
122 C 0.3531 0.45773 0.339967
123 H -0.0361 0.0656888 0.264953
124 C -0.4121 0.45773 0.339967
125 H 0.1 0.0656888 0.264953
126 H 0.1 0.0656888 0.264953
127 H 0.1 0.0656888 0.264953
128 C -0.4121 0.45773 0.339967
129 H 0.1 0.0656888 0.264953
130 H 0.1 0.0656888 0.264953
131 H 0.1 0.0656888 0.264953
132 C 0.5973 0.359824 0.339967
133 O -0.5679 0.87864 0.295992
134 N -0.4157 0.71128 0.325
135 H 0.2719 0.0656888 0.106908
136 C 0.0143 0.45773 0.339967
137 H 0.1048 0.0656888 0.247135
138 C -0.2041 0.45773 0.339967
139 H 0.0797 0.0656888 0.264953
140 H 0.0797 0.0656888 0.264953
141 C 0.713 0.359824 0.339967
142 O -0.5931 0.87864 0.295992
143 N -0.9191 0.71128 0.325
144 H 0.4196 0.0656888 0.106908
145 H 0.4196 0.0656888 0.106908
146 C 0.5973 0.359824 0.339967
147 O -0.5679 0.87864 0.295992
148 N -0.4157 0.71128 0.325
149 H 0.2719 0.0656888 0.106908
150 C -0.0252 0.45773 0.339967
151 H 0.0698 0.0656888 0.247135
152 H 0.0698 0.0656888 0.247135
153 C 0.5973 0.359824 0.339967
154 O -0.5679 0.87864 0.295992
155 N -0.3479 0.71128 0.325
156 H 0.2747 0.0656888 0.106908
157 C -0.24 0.45773 0.339967
158 H 0.1426 0.0656888 0.247135
159 C -0.0094 0.45773 0.339967
160 H 0.0362 0.0656888 0.264953
161 H 0.0362 0.0656888 0.264953
162 C 0.0187 0.45773 0.339967
163 H 0.0103 0.0656888 0.264953
164 H 0.0103 0.0656888 0.264953
165 C -0.0479 0.45773 0.339967
166 H 0.0621 0.0656888 0.264953
167 H 0.0621 0.0656888 0.264953
168 C -0.0143 0.45773 0.339967
169 H 0.1135 0.0656888 0.195998
170 H 0.1135 0.0656888 0.195998
171 N -0.3854 0.71128 0.325
172 H 0.34 0.0656888 0.106908
173 H 0.34 0.0656888 0.106908
174 H 0.34 0.0656888 0.106908
175 C 0.7341 0.359824 0.339967
176 O -0.5894 0.87864 0.295992
177 N -0.4157 0.71128 0.325
178 H 0.2719 0.0656888 0.106908
179 C -0.0389 0.45773 0.339967
180 H 0.1007 0.0656888 0.247135
181 C 0.3654 0.45773 0.339967
182 H 0.0043 0.0656888 0.247135
183 C -0.2438 0.45773 0.339967
184 H 0.0642 0.0656888 0.264953
185 H 0.0642 0.0656888 0.264953
186 H 0.0642 0.0656888 0.264953
187 O -0.6761 0.880314 0.306647
188 H 0.4102 0 0
189 C 0.5973 0.359824 0.339967
190 O -0.5679 0.87864 0.295992
191 N -0.4157 0.71128 0.325
192 H 0.2719 0.0656888 0.106908
193 C -0.0518 0.45773 0.339967
194 H 0.0922 0.0656888 0.247135
195 C -0.1102 0.45773 0.339967
196 H 0.0457 0.0656888 0.264953
197 H 0.0457 0.0656888 0.264953
198 C 0.3531 0.45773 0.339967
199 H -0.0361 0.0656888 0.264953
200 C -0.4121 0.45773 0.339967
201 H 0.1 0.0656888 0.264953
202 H 0.1 0.0656888 0.264953
203 H 0.1 0.0656888 0.264953
204 C -0.4121 0.45773 0.339967
205 H 0.1 0.0656888 0.264953
206 H 0.1 0.0656888 0.264953
207 H 0.1 0.0656888 0.264953
208 C 0.5973 0.359824 0.339967
209 O -0.5679 0.87864 0.295992
210 N -0.3479 0.71128 0.325
211 H 0.2747 0.0656888 0.106908
212 C -0.24 0.45773 0.339967
213 H 0.1426 0.0656888 0.247135
214 C -0.0094 0.45773 0.339967
215 H 0.0362 0.0656888 0.264953
216 H 0.0362 0.0656888 0.264953
217 C 0.0187 0.45773 0.339967
218 H 0.0103 0.0656888 0.264953
219 H 0.0103 0.0656888 0.264953
220 C -0.0479 0.45773 0.339967
221 H 0.0621 0.0656888 0.264953
222 H 0.0621 0.0656888 0.264953
223 C -0.0143 0.45773 0.339967
224 H 0.1135 0.0656888 0.195998
225 H 0.1135 0.0656888 0.195998
226 N -0.3854 0.71128 0.325
227 H 0.34 0.0656888 0.106908
228 H 0.34 0.0656888 0.106908
229 H 0.34 0.0656888 0.106908
230 C 0.7341 0.359824 0.339967
231 O -0.5894 0.87864 0.295992
232 N -0.4157 0.71128 0.325
233 H 0.2719 0.0656888 0.106908
234 C -0.0252 0.45773 0.339967
235 H 0.0698 0.0656888 0.247135
236 H 0.0698 0.0656888 0.247135
237 C 0.5973 0.359824 0.339967
238 O -0.5679 0.87864 0.295992
239 N -0.5163 0.71128 0.325
240 H 0.2936 0.0656888 0.106908
241 C 0.0397 0.45773 0.339967
242 H 0.1105 0.0656888 0.247135
243 C 0.056 0.45773 0.339967
244 H -0.0173 0.0656888 0.264953
245 H -0.0173 0.0656888 0.264953
246 C 0.0136 0.45773 0.339967
247 H -0.0425 0.0656888 0.264953
248 H -0.0425 0.0656888 0.264953
249 C 0.8054 0.359824 0.339967
250 O -0.8188 0.87864 0.295992
251 O -0.8188 0.87864 0.295992
252 C 0.5366 0.359824 0.339967
253 O -0.5819 0.87864 0.295992
254 N -0.4157 0.71128 0.325
255 H 0.2719 0.0656888 0.106908
256 C -0.0389 0.45773 0.339967
257 H 0.1007 0.0656888 0.247135
258 C 0.3654 0.45773 0.339967
259 H 0.0043 0.0656888 0.247135
260 C -0.2438 0.45773 0.339967
261 H 0.0642 0.0656888 0.264953
262 H 0.0642 0.0656888 0.264953
263 H 0.0642 0.0656888 0.264953
264 O -0.6761 0.880314 0.306647
265 H 0.4102 0 0
266 C 0.5973 0.359824 0.339967
267 O -0.5679 0.87864 0.295992
268 N -0.4157 0.71128 0.325
269 H 0.2719 0.0656888 0.106908
270 C -0.0389 0.45773 0.339967
271 H 0.1007 0.0656888 0.247135
272 C 0.3654 0.45773 0.339967
273 H 0.0043 0.0656888 0.247135
274 C -0.2438 0.45773 0.339967
275 H 0.0642 0.0656888 0.264953
276 H 0.0642 0.0656888 0.264953
277 H 0.0642 0.0656888 0.264953
278 O -0.6761 0.880314 0.306647
279 H 0.4102 0 0
280 C 0.5973 0.359824 0.339967
281 O -0.5679 0.87864 0.295992
282 N -0.4157 0.71128 0.325
283 H 0.2719 0.0656888 0.106908
284 C -0.0389 0.45773 0.339967
285 H 0.1007 0.0656888 0.247135
286 C 0.3654 0.45773 0.339967
287 H 0.0043 0.0656888 0.247135
288 C -0.2438 0.45773 0.339967
289 H 0.0642 0.0656888 0.264953
290 H 0.0642 0.0656888 0.264953
291 H 0.0642 0.0656888 0.264953
292 O -0.6761 0.880314 0.306647
293 H 0.4102 0 0
294 C 0.5973 0.359824 0.339967
295 O -0.5679 0.87864 0.295992
296 N -0.5163 0.71128 0.325
297 H 0.2936 0.0656888 0.106908
298 C 0.0397 0.45773 0.339967
299 H 0.1105 0.0656888 0.247135
300 C 0.056 0.45773 0.339967
301 H -0.0173 0.0656888 0.264953
302 H -0.0173 0.0656888 0.264953
303 C 0.0136 0.45773 0.339967
304 H -0.0425 0.0656888 0.264953
305 H -0.0425 0.0656888 0.264953
306 C 0.8054 0.359824 0.339967
307 O -0.8188 0.87864 0.295992
308 O -0.8188 0.87864 0.295992
309 C 0.5366 0.359824 0.339967
310 O -0.5819 0.87864 0.295992
311 N -0.4157 0.71128 0.325
312 H 0.2719 0.0656888 0.106908
313 C 0.0337 0.45773 0.339967
314 H 0.0823 0.0656888 0.247135
315 C -0.1825 0.45773 0.339967
316 H 0.0603 0.0656888 0.264953
317 H 0.0603 0.0656888 0.264953
318 H 0.0603 0.0656888 0.264953
319 C 0.5973 0.359824 0.339967
320 O -0.5679 0.87864 0.295992
321 N -0.4157 0.71128 0.325
322 H 0.2719 0.0656888 0.106908
323 C -0.0875 0.45773 0.339967
324 H 0.0969 0.0656888 0.247135
325 C 0.2985 0.45773 0.339967
326 H -0.0297 0.0656888 0.264953
327 C -0.3192 0.45773 0.339967
328 H 0.0791 0.0656888 0.264953
329 H 0.0791 0.0656888 0.264953
330 H 0.0791 0.0656888 0.264953
331 C -0.3192 0.45773 0.339967
332 H 0.0791 0.0656888 0.264953
333 H 0.0791 0.0656888 0.264953
334 H 0.0791 0.0656888 0.264953
335 C 0.5973 0.359824 0.339967
336 O -0.5679 0.87864 0.295992
337 N -0.5163 0.71128 0.325
338 H 0.2936 0.0656888 0.106908
339 C 0.0381 0.45773 0.339967
340 H 0.088 0.0656888 0.247135
341 C -0.0303 0.45773 0.339967
342 H -0.0122 0.0656888 0.264953
343 H -0.0122 0.0656888 0.264953
344 C 0.7994 0.359824 0.339967
345 O -0.8014 0.87864 0.295992
346 O -0.8014 0.87864 0.295992
347 C 0.5366 0.359824 0.339967
348 O -0.5819 0.87864 0.295992
349 N -0.4157 0.71128 0.325
350 H 0.2719 0.0656888 0.106908
351 C 0.0337 0.45773 0.339967
352 H 0.0823 0.0656888 0.247135
353 C -0.1825 0.45773 0.339967
354 H 0.0603 0.0656888 0.264953
355 H 0.0603 0.0656888 0.264953
356 H 0.0603 0.0656888 0.264953
357 C 0.5973 0.359824 0.339967
358 O -0.5679 0.87864 0.295992
359 N -0.4157 0.71128 0.325
360 H 0.2719 0.0656888 0.106908
361 C 0.0337 0.45773 0.339967
362 H 0.0823 0.0656888 0.247135
363 C -0.1825 0.45773 0.339967
364 H 0.0603 0.0656888 0.264953
365 H 0.0603 0.0656888 0.264953
366 H 0.0603 0.0656888 0.264953
367 C 0.5973 0.359824 0.339967
368 O -0.5679 0.87864 0.295992
369 N -0.4157 0.71128 0.325
370 H 0.2719 0.0656888 0.106908
371 C -0.0389 0.45773 0.339967
372 H 0.1007 0.0656888 0.247135
373 C 0.3654 0.45773 0.339967
374 H 0.0043 0.0656888 0.247135
375 C -0.2438 0.45773 0.339967
376 H 0.0642 0.0656888 0.264953
377 H 0.0642 0.0656888 0.264953
378 H 0.0642 0.0656888 0.264953
379 O -0.6761 0.880314 0.306647
380 H 0.4102 0 0
381 C 0.5973 0.359824 0.339967
382 O -0.5679 0.87864 0.295992
383 N -0.4157 0.71128 0.325
384 H 0.2719 0.0656888 0.106908
385 C 0.0337 0.45773 0.339967
386 H 0.0823 0.0656888 0.247135
387 C -0.1825 0.45773 0.339967
388 H 0.0603 0.0656888 0.264953
389 H 0.0603 0.0656888 0.264953
390 H 0.0603 0.0656888 0.264953
391 C 0.5973 0.359824 0.339967
392 O -0.5679 0.87864 0.295992
393 N -0.5163 0.71128 0.325
394 H 0.2936 0.0656888 0.106908
395 C 0.0397 0.45773 0.339967
396 H 0.1105 0.0656888 0.247135
397 C 0.056 0.45773 0.339967
398 H -0.0173 0.0656888 0.264953
399 H -0.0173 0.0656888 0.264953
400 C 0.0136 0.45773 0.339967
401 H -0.0425 0.0656888 0.264953
402 H -0.0425 0.0656888 0.264953
403 C 0.8054 0.359824 0.339967
404 O -0.8188 0.87864 0.295992
405 O -0.8188 0.87864 0.295992
406 C 0.5366 0.359824 0.339967
407 O -0.5819 0.87864 0.295992
408 N -0.3479 0.71128 0.325
409 H 0.2747 0.0656888 0.106908
410 C -0.24 0.45773 0.339967
411 H 0.1426 0.0656888 0.247135
412 C -0.0094 0.45773 0.339967
413 H 0.0362 0.0656888 0.264953
414 H 0.0362 0.0656888 0.264953
415 C 0.0187 0.45773 0.339967
416 H 0.0103 0.0656888 0.264953
417 H 0.0103 0.0656888 0.264953
418 C -0.0479 0.45773 0.339967
419 H 0.0621 0.0656888 0.264953
420 H 0.0621 0.0656888 0.264953
421 C -0.0143 0.45773 0.339967
422 H 0.1135 0.0656888 0.195998
423 H 0.1135 0.0656888 0.195998
424 N -0.3854 0.71128 0.325
425 H 0.34 0.0656888 0.106908
426 H 0.34 0.0656888 0.106908
427 H 0.34 0.0656888 0.106908
428 C 0.7341 0.359824 0.339967
429 O -0.5894 0.87864 0.295992
430 N -0.4157 0.71128 0.325
431 H 0.2719 0.0656888 0.106908
432 C -0.0875 0.45773 0.339967
433 H 0.0969 0.0656888 0.247135
434 C 0.2985 0.45773 0.339967
435 H -0.0297 0.0656888 0.264953
436 C -0.3192 0.45773 0.339967
437 H 0.0791 0.0656888 0.264953
438 H 0.0791 0.0656888 0.264953
439 H 0.0791 0.0656888 0.264953
440 C -0.3192 0.45773 0.339967
441 H 0.0791 0.0656888 0.264953
442 H 0.0791 0.0656888 0.264953
443 H 0.0791 0.0656888 0.264953
444 C 0.5973 0.359824 0.339967
445 O -0.5679 0.87864 0.295992
446 N -0.4157 0.71128 0.325
447 H 0.2719 0.0656888 0.106908
448 C -0.0024 0.45773 0.339967
449 H 0.0978 0.0656888 0.247135
450 C -0.0343 0.45773 0.339967
451 H 0.0295 0.0656888 0.264953
452 H 0.0295 0.0656888 0.264953
453 C 0.0118 0.359824 0.339967
454 C -0.1256 0.359824 0.339967
455 H 0.133 0.06276 0.259964
456 C -0.1704 0.359824 0.339967
457 H 0.143 0.06276 0.259964
458 C -0.1072 0.359824 0.339967
459 H 0.1297 0.06276 0.259964
460 C -0.1704 0.359824 0.339967
461 H 0.143 0.06276 0.259964
462 C -0.1256 0.359824 0.339967
463 H 0.133 0.06276 0.259964
464 C 0.5973 0.359824 0.339967
465 O -0.5679 0.87864 0.295992
466 N -0.3479 0.71128 0.325
467 H 0.2747 0.0656888 0.106908
468 C -0.24 0.45773 0.339967
469 H 0.1426 0.0656888 0.247135
470 C -0.0094 0.45773 0.339967
471 H 0.0362 0.0656888 0.264953
472 H 0.0362 0.0656888 0.264953
473 C 0.0187 0.45773 0.339967
474 H 0.0103 0.0656888 0.264953
475 H 0.0103 0.0656888 0.264953
476 C -0.0479 0.45773 0.339967
477 H 0.0621 0.0656888 0.264953
478 H 0.0621 0.0656888 0.264953
479 C -0.0143 0.45773 0.339967
480 H 0.1135 0.0656888 0.195998
481 H 0.1135 0.0656888 0.195998
482 N -0.3854 0.71128 0.325
483 H 0.34 0.0656888 0.106908
484 H 0.34 0.0656888 0.106908
485 H 0.34 0.0656888 0.106908
486 C 0.7341 0.359824 0.339967
487 O -0.5894 0.87864 0.295992
488 N -0.4157 0.71128 0.325
489 H 0.2719 0.0656888 0.106908
490 C -0.0031 0.45773 0.339967
491 H 0.085 0.0656888 0.247135
492 C -0.0036 0.45773 0.339967
493 H 0.0171 0.0656888 0.264953
494 H 0.0171 0.0656888 0.264953
495 C -0.0645 0.45773 0.339967
496 H 0.0352 0.0656888 0.264953
497 H 0.0352 0.0656888 0.264953
498 C 0.6951 0.359824 0.339967
499 O -0.6086 0.87864 0.295992
500 N -0.9407 0.71128 0.325
501 H 0.4251 0.0656888 0.106908
502 H 0.4251 0.0656888 0.106908
503 C 0.5973 0.359824 0.339967
504 O -0.5679 0.87864 0.295992
505 N -0.4157 0.71128 0.325
506 H 0.2719 0.0656888 0.106908
507 C -0.0014 0.45773 0.339967
508 H 0.0876 0.0656888 0.247135
509 C -0.0152 0.45773 0.339967
510 H 0.0295 0.0656888 0.264953
511 H 0.0295 0.0656888 0.264953
512 C -0.0011 0.359824 0.339967
513 C -0.1906 0.359824 0.339967
514 H 0.1699 0.06276 0.259964
515 C -0.2341 0.359824 0.339967
516 H 0.1656 0.06276 0.259964
517 C 0.3226 0.359824 0.339967
518 O -0.5579 0.880314 0.306647
519 H 0.3992 0 0
520 C -0.2341 0.359824 0.339967
521 H 0.1656 0.06276 0.259964
522 C -0.1906 0.359824 0.339967
523 H 0.1699 0.06276 0.259964
524 C 0.5973 0.359824 0.339967
525 O -0.5679 0.87864 0.295992
526 N -0.4157 0.71128 0.325
527 H 0.2719 0.0656888 0.106908
528 C 0.0337 0.45773 0.339967
529 H 0.0823 0.0656888 0.247135
530 C -0.1825 0.45773 0.339967
531 H 0.0603 0.0656888 0.264953
532 H 0.0603 0.0656888 0.264953
533 H 0.0603 0.0656888 0.264953
534 C 0.5973 0.359824 0.339967
535 O -0.5679 0.87864 0.295992
536 N -0.4157 0.71128 0.325
537 H 0.2719 0.0656888 0.106908
538 C 0.0143 0.45773 0.339967
539 H 0.1048 0.0656888 0.247135
540 C -0.2041 0.45773 0.339967
541 H 0.0797 0.0656888 0.264953
542 H 0.0797 0.0656888 0.264953
543 C 0.713 0.359824 0.339967
544 O -0.5931 0.87864 0.295992
545 N -0.9191 0.71128 0.325
546 H 0.4196 0.0656888 0.106908
547 H 0.4196 0.0656888 0.106908
548 C 0.5973 0.359824 0.339967
549 O -0.5679 0.87864 0.295992
550 N -0.5163 0.71128 0.325
551 H 0.2936 0.0656888 0.106908
552 C 0.0381 0.45773 0.339967
553 H 0.088 0.0656888 0.247135
554 C -0.0303 0.45773 0.339967
555 H -0.0122 0.0656888 0.264953
556 H -0.0122 0.0656888 0.264953
557 C 0.7994 0.359824 0.339967
558 O -0.8014 0.87864 0.295992
559 O -0.8014 0.87864 0.295992
560 C 0.5366 0.359824 0.339967
561 O -0.5819 0.87864 0.295992
562 N -0.4157 0.71128 0.325
563 H 0.2719 0.0656888 0.106908
564 C 0.0143 0.45773 0.339967
565 H 0.1048 0.0656888 0.247135
566 C -0.2041 0.45773 0.339967
567 H 0.0797 0.0656888 0.264953
568 H 0.0797 0.0656888 0.264953
569 C 0.713 0.359824 0.339967
570 O -0.5931 0.87864 0.295992
571 N -0.9191 0.71128 0.325
572 H 0.4196 0.0656888 0.106908
573 H 0.4196 0.0656888 0.106908
574 C 0.5973 0.359824 0.339967
575 O -0.5679 0.87864 0.295992
576 N -0.4157 0.71128 0.325
577 H 0.2719 0.0656888 0.106908
578 C -0.0252 0.45773 0.339967
579 H 0.0698 0.0656888 0.247135
580 H 0.0698 0.0656888 0.247135
581 C 0.5973 0.359824 0.339967
582 O -0.5679 0.87864 0.295992
583 N -0.4157 0.71128 0.325
584 H 0.2719 0.0656888 0.106908
585 C -0.0875 0.45773 0.339967
586 H 0.0969 0.0656888 0.247135
587 C 0.2985 0.45773 0.339967
588 H -0.0297 0.0656888 0.264953
589 C -0.3192 0.45773 0.339967
590 H 0.0791 0.0656888 0.264953
591 H 0.0791 0.0656888 0.264953
592 H 0.0791 0.0656888 0.264953
593 C -0.3192 0.45773 0.339967
594 H 0.0791 0.0656888 0.264953
595 H 0.0791 0.0656888 0.264953
596 H 0.0791 0.0656888 0.264953
597 C 0.5973 0.359824 0.339967
598 O -0.5679 0.87864 0.295992
599 N -0.5163 0.71128 0.325
600 H 0.2936 0.0656888 0.106908
601 C 0.0381 0.45773 0.339967
602 H 0.088 0.0656888 0.247135
603 C -0.0303 0.45773 0.339967
604 H -0.0122 0.0656888 0.264953
605 H -0.0122 0.0656888 0.264953
606 C 0.7994 0.359824 0.339967
607 O -0.8014 0.87864 0.295992
608 O -0.8014 0.87864 0.295992
609 C 0.5366 0.359824 0.339967
610 O -0.5819 0.87864 0.295992
611 N -0.4157 0.71128 0.325
612 H 0.2719 0.0656888 0.106908
613 C -0.0252 0.45773 0.339967
614 H 0.0698 0.0656888 0.247135
615 H 0.0698 0.0656888 0.247135
616 C 0.5973 0.359824 0.339967
617 O -0.5679 0.87864 0.295992
618 N -0.5163 0.71128 0.325
619 H 0.2936 0.0656888 0.106908
620 C 0.0397 0.45773 0.339967
621 H 0.1105 0.0656888 0.247135
622 C 0.056 0.45773 0.339967
623 H -0.0173 0.0656888 0.264953
624 H -0.0173 0.0656888 0.264953
625 C 0.0136 0.45773 0.339967
626 H -0.0425 0.0656888 0.264953
627 H -0.0425 0.0656888 0.264953
628 C 0.8054 0.359824 0.339967
629 O -0.8188 0.87864 0.295992
630 O -0.8188 0.87864 0.295992
631 C 0.5366 0.359824 0.339967
632 O -0.5819 0.87864 0.295992
633 N -0.4157 0.71128 0.325
634 H 0.2719 0.0656888 0.106908
635 C -0.0275 0.45773 0.339967
636 H 0.1123 0.0656888 0.247135
637 C -0.005 0.45773 0.339967
638 H 0.0339 0.0656888 0.264953
639 H 0.0339 0.0656888 0.264953
640 C -0.1415 0.359824 0.339967
641 C -0.1638 0.359824 0.339967
642 H 0.2062 0.06276 0.251055
643 N -0.3418 0.71128 0.325
644 H 0.3412 0.0656888 0.106908
645 C 0.138 0.359824 0.339967
646 C -0.2601 0.359824 0.339967
647 H 0.1572 0.06276 0.259964
648 C -0.1134 0.359824 0.339967
649 H 0.1417 0.06276 0.259964
650 C -0.1972 0.359824 0.339967
651 H 0.1447 0.06276 0.259964
652 C -0.2387 0.359824 0.339967
653 H 0.17 0.06276 0.259964
654 C 0.1243 0.359824 0.339967
655 C 0.5973 0.359824 0.339967
656 O -0.5679 0.87864 0.295992
657 N -0.4157 0.71128 0.325
658 H 0.2719 0.0656888 0.106908
659 C -0.0389 0.45773 0.339967
660 H 0.1007 0.0656888 0.247135
661 C 0.3654 0.45773 0.339967
662 H 0.0043 0.0656888 0.247135
663 C -0.2438 0.45773 0.339967
664 H 0.0642 0.0656888 0.264953
665 H 0.0642 0.0656888 0.264953
666 H 0.0642 0.0656888 0.264953
667 O -0.6761 0.880314 0.306647
668 H 0.4102 0 0
669 C 0.5973 0.359824 0.339967
670 O -0.5679 0.87864 0.295992
671 N -0.4157 0.71128 0.325
672 H 0.2719 0.0656888 0.106908
673 C -0.0014 0.45773 0.339967
674 H 0.0876 0.0656888 0.247135
675 C -0.0152 0.45773 0.339967
676 H 0.0295 0.0656888 0.264953
677 H 0.0295 0.0656888 0.264953
678 C -0.0011 0.359824 0.339967
679 C -0.1906 0.359824 0.339967
680 H 0.1699 0.06276 0.259964
681 C -0.2341 0.359824 0.339967
682 H 0.1656 0.06276 0.259964
683 C 0.3226 0.359824 0.339967
684 O -0.5579 0.880314 0.306647
685 H 0.3992 0 0
686 C -0.2341 0.359824 0.339967
687 H 0.1656 0.06276 0.259964
688 C -0.1906 0.359824 0.339967
689 H 0.1699 0.06276 0.259964
690 C 0.5973 0.359824 0.339967
691 O -0.5679 0.87864 0.295992
692 N -0.5163 0.71128 0.325
693 H 0.2936 0.0656888 0.106908
694 C 0.0381 0.45773 0.339967
695 H 0.088 0.0656888 0.247135
696 C -0.0303 0.45773 0.339967
697 H -0.0122 0.0656888 0.264953
698 H -0.0122 0.0656888 0.264953
699 C 0.7994 0.359824 0.339967
700 O -0.8014 0.87864 0.295992
701 O -0.8014 0.87864 0.295992
702 C 0.5366 0.359824 0.339967
703 O -0.5819 0.87864 0.295992
704 N -0.5163 0.71128 0.325
705 H 0.2936 0.0656888 0.106908
706 C 0.0381 0.45773 0.339967
707 H 0.088 0.0656888 0.247135
708 C -0.0303 0.45773 0.339967
709 H -0.0122 0.0656888 0.264953
710 H -0.0122 0.0656888 0.264953
711 C 0.7994 0.359824 0.339967
712 O -0.8014 0.87864 0.295992
713 O -0.8014 0.87864 0.295992
714 C 0.5366 0.359824 0.339967
715 O -0.5819 0.87864 0.295992
716 N -0.4157 0.71128 0.325
717 H 0.2719 0.0656888 0.106908
718 C 0.0337 0.45773 0.339967
719 H 0.0823 0.0656888 0.247135
720 C -0.1825 0.45773 0.339967
721 H 0.0603 0.0656888 0.264953
722 H 0.0603 0.0656888 0.264953
723 H 0.0603 0.0656888 0.264953
724 C 0.5973 0.359824 0.339967
725 O -0.5679 0.87864 0.295992
726 N -0.4157 0.71128 0.325
727 H 0.2719 0.0656888 0.106908
728 C -0.0389 0.45773 0.339967
729 H 0.1007 0.0656888 0.247135
730 C 0.3654 0.45773 0.339967
731 H 0.0043 0.0656888 0.247135
732 C -0.2438 0.45773 0.339967
733 H 0.0642 0.0656888 0.264953
734 H 0.0642 0.0656888 0.264953
735 H 0.0642 0.0656888 0.264953
736 O -0.6761 0.880314 0.306647
737 H 0.4102 0 0
738 C 0.5973 0.359824 0.339967
739 O -0.5679 0.87864 0.295992
740 N -0.3479 0.71128 0.325
741 H 0.2747 0.0656888 0.106908
742 C -0.24 0.45773 0.339967
743 H 0.1426 0.0656888 0.247135
744 C -0.0094 0.45773 0.339967
745 H 0.0362 0.0656888 0.264953
746 H 0.0362 0.0656888 0.264953
747 C 0.0187 0.45773 0.339967
748 H 0.0103 0.0656888 0.264953
749 H 0.0103 0.0656888 0.264953
750 C -0.0479 0.45773 0.339967
751 H 0.0621 0.0656888 0.264953
752 H 0.0621 0.0656888 0.264953
753 C -0.0143 0.45773 0.339967
754 H 0.1135 0.0656888 0.195998
755 H 0.1135 0.0656888 0.195998
756 N -0.3854 0.71128 0.325
757 H 0.34 0.0656888 0.106908
758 H 0.34 0.0656888 0.106908
759 H 0.34 0.0656888 0.106908
760 C 0.7341 0.359824 0.339967
761 O -0.5894 0.87864 0.295992
762 N -0.4157 0.71128 0.325
763 H 0.2719 0.0656888 0.106908
764 C -0.0389 0.45773 0.339967
765 H 0.1007 0.0656888 0.247135
766 C 0.3654 0.45773 0.339967
767 H 0.0043 0.0656888 0.247135
768 C -0.2438 0.45773 0.339967
769 H 0.0642 0.0656888 0.264953
770 H 0.0642 0.0656888 0.264953
771 H 0.0642 0.0656888 0.264953
772 O -0.6761 0.880314 0.306647
773 H 0.4102 0 0
774 C 0.5973 0.359824 0.339967
775 O -0.5679 0.87864 0.295992
776 N -0.4157 0.71128 0.325
777 H 0.2719 0.0656888 0.106908
778 C -0.0024 0.45773 0.339967
779 H 0.0978 0.0656888 0.247135
780 C -0.0343 0.45773 0.339967
781 H 0.0295 0.0656888 0.264953
782 H 0.0295 0.0656888 0.264953
783 C 0.0118 0.359824 0.339967
784 C -0.1256 0.359824 0.339967
785 H 0.133 0.06276 0.259964
786 C -0.1704 0.359824 0.339967
787 H 0.143 0.06276 0.259964
788 C -0.1072 0.359824 0.339967
789 H 0.1297 0.06276 0.259964
790 C -0.1704 0.359824 0.339967
791 H 0.143 0.06276 0.259964
792 C -0.1256 0.359824 0.339967
793 H 0.133 0.06276 0.259964
794 C 0.5973 0.359824 0.339967
795 O -0.5679 0.87864 0.295992
796 N -0.4157 0.71128 0.325
797 H 0.2719 0.0656888 0.106908
798 C -0.0389 0.45773 0.339967
799 H 0.1007 0.0656888 0.247135
800 C 0.3654 0.45773 0.339967
801 H 0.0043 0.0656888 0.247135
802 C -0.2438 0.45773 0.339967
803 H 0.0642 0.0656888 0.264953
804 H 0.0642 0.0656888 0.264953
805 H 0.0642 0.0656888 0.264953
806 O -0.6761 0.880314 0.306647
807 H 0.4102 0 0
808 C 0.5973 0.359824 0.339967
809 O -0.5679 0.87864 0.295992
810 N -0.4157 0.71128 0.325
811 H 0.2719 0.0656888 0.106908
812 C -0.0875 0.45773 0.339967
813 H 0.0969 0.0656888 0.247135
814 C 0.2985 0.45773 0.339967
815 H -0.0297 0.0656888 0.264953
816 C -0.3192 0.45773 0.339967
817 H 0.0791 0.0656888 0.264953
818 H 0.0791 0.0656888 0.264953
819 H 0.0791 0.0656888 0.264953
820 C -0.3192 0.45773 0.339967
821 H 0.0791 0.0656888 0.264953
822 H 0.0791 0.0656888 0.264953
823 H 0.0791 0.0656888 0.264953
824 C 0.5973 0.359824 0.339967
825 O -0.5679 0.87864 0.295992
826 N -0.4157 0.71128 0.325
827 H 0.2719 0.0656888 0.106908
828 C -0.0389 0.45773 0.339967
829 H 0.1007 0.0656888 0.247135
830 C 0.3654 0.45773 0.339967
831 H 0.0043 0.0656888 0.247135
832 C -0.2438 0.45773 0.339967
833 H 0.0642 0.0656888 0.264953
834 H 0.0642 0.0656888 0.264953
835 H 0.0642 0.0656888 0.264953
836 O -0.6761 0.880314 0.306647
837 H 0.4102 0 0
838 C 0.5973 0.359824 0.339967
839 O -0.5679 0.87864 0.295992
840 N -0.5192 0.71128 0.325
841 H 0.3055 0.0656888 0.106908
842 C -0.2059 0.45773 0.339967
843 H 0.1399 0.0656888 0.247135
844 C 0.0071 0.45773 0.339967
845 H -0.0078 0.0656888 0.264953
846 H -0.0078 0.0656888 0.264953
847 C 0.0675 0.45773 0.339967
848 H -0.0548 0.0656888 0.264953
849 H -0.0548 0.0656888 0.264953
850 C 0.8183 0.359824 0.339967
851 O -0.822 0.87864 0.295992
852 O -0.822 0.87864 0.295992
853 C 0.742 0.359824 0.339967
854 O -0.793 0.87864 0.295992
855 O -0.793 0.87864 0.295992
