-3.141593e+00 -3.141593e+00 -1.000000e+00
-3.141593e+00 -2.827433e+00 1.000000e-00
-3.141593e+00 -2.513274e+00 9.510565e-01
-3.141593e+00 -2.199115e+00 8.090170e-01
-3.141593e+00 -1.884956e+00 5.877853e-01
-3.141593e+00 -1.570796e+00 3.090170e-01
-3.141593e+00 -1.256637e+00 -1.836970e-16
-3.141593e+00 -9.424778e-01 -3.090170e-01
-3.141593e+00 -6.283185e-01 -5.877853e-01
-3.141593e+00 -3.141593e-01 -8.090170e-01
-3.141593e+00 0.000000e+00 -9.510565e-01
-3.141593e+00 3.141593e-01 -1.000000e+00
-3.141593e+00 6.283185e-01 -9.510565e-01
-3.141593e+00 9.424778e-01 -8.090170e-01
-3.141593e+00 1.256637e+00 -5.877853e-01
-3.141593e+00 1.570796e+00 -3.090170e-01
-3.141593e+00 1.884956e+00 -1.836970e-16
-3.141593e+00 2.199115e+00 3.090170e-01
-3.141593e+00 2.513274e+00 5.877853e-01
-3.141593e+00 2.827433e+00 8.090170e-01

-2.827433e+00 -3.141593e+00 9.510565e-01
-2.827433e+00 -2.827433e+00 6.909830e-01
-2.827433e+00 -2.513274e+00 6.420395e-01
-2.827433e+00 -2.199115e+00 5.000000e-01
-2.827433e+00 -1.884956e+00 2.787683e-01
-2.827433e+00 -1.570796e+00 -1.665335e-16
-2.827433e+00 -1.256637e+00 -3.090170e-01
-2.827433e+00 -9.424778e-01 -6.180340e-01
-2.827433e+00 -6.283185e-01 -8.968022e-01
-2.827433e+00 -3.141593e-01 -1.118034e+00
-2.827433e+00 0.000000e+00 -1.260074e+00
-2.827433e+00 3.141593e-01 -1.309017e+00
-2.827433e+00 6.283185e-01 -1.260074e+00
-2.827433e+00 9.424778e-01 -1.118034e+00
-2.827433e+00 1.256637e+00 -8.968022e-01
-2.827433e+00 1.570796e+00 -6.180340e-01
-2.827433e+00 1.884956e+00 -3.090170e-01
-2.827433e+00 2.199115e+00 -1.665335e-16
-2.827433e+00 2.513274e+00 2.787683e-01
-2.827433e+00 2.827433e+00 5.000000e-01

-2.513274e+00 -3.141593e+00 6.420395e-01
-2.513274e+00 -2.827433e+00 4.122147e-01
-2.513274e+00 -2.513274e+00 3.632713e-01
-2.513274e+00 -2.199115e+00 2.212317e-01
-2.513274e+00 -1.884956e+00 -2.220446e-16
-2.513274e+00 -1.570796e+00 -2.787683e-01
-2.513274e+00 -1.256637e+00 -5.877853e-01
-2.513274e+00 -9.424778e-01 -8.968022e-01
-2.513274e+00 -6.283185e-01 -1.175571e+00
-2.513274e+00 -3.141593e-01 -1.396802e+00
-2.513274e+00 0.000000e+00 -1.538842e+00
-2.513274e+00 3.141593e-01 -1.587785e+00
-2.513274e+00 6.283185e-01 -1.538842e+00
-2.513274e+00 9.424778e-01 -1.396802e+00
-2.513274e+00 1.256637e+00 -1.175571e+00
-2.513274e+00 1.570796e+00 -8.968022e-01
-2.513274e+00 1.884956e+00 -5.877853e-01
-2.513274e+00 2.199115e+00 -2.787683e-01
-2.513274e+00 2.513274e+00 -2.220446e-16
-2.513274e+00 2.827433e+00 2.212317e-01

-2.199115e+00 -3.141593e+00 3.632713e-01
-2.199115e+00 -2.827433e+00 1.909830e-01
-2.199115e+00 -2.513274e+00 1.420395e-01
-2.199115e+00 -2.199115e+00 -1.110223e-16
-2.199115e+00 -1.884956e+00 -2.212317e-01
-2.199115e+00 -1.570796e+00 -5.000000e-01
-2.199115e+00 -1.256637e+00 -8.090170e-01
-2.199115e+00 -9.424778e-01 -1.118034e+00
-2.199115e+00 -6.283185e-01 -1.396802e+00
-2.199115e+00 -3.141593e-01 -1.618034e+00
-2.199115e+00 0.000000e+00 -1.760074e+00
-2.199115e+00 3.141593e-01 -1.809017e+00
-2.199115e+00 6.283185e-01 -1.760074e+00
-2.199115e+00 9.424778e-01 -1.618034e+00
-2.199115e+00 1.256637e+00 -1.396802e+00
-2.199115e+00 1.570796e+00 -1.118034e+00
-2.199115e+00 1.884956e+00 -8.090170e-01
-2.199115e+00 2.199115e+00 -5.000000e-01
-2.199115e+00 2.513274e+00 -2.212317e-01
-2.199115e+00 2.827433e+00 -1.110223e-16

-1.884956e+00 -3.141593e+00 1.420395e-01
-1.884956e+00 -2.827433e+00 4.894348e-02
-1.884956e+00 -2.513274e+00 -1.110223e-16
-1.884956e+00 -2.199115e+00 -1.420395e-01
-1.884956e+00 -1.884956e+00 -3.632713e-01
-1.884956e+00 -1.570796e+00 -6.420395e-01
-1.884956e+00 -1.256637e+00 -9.510565e-01
-1.884956e+00 -9.424778e-01 -1.260074e+00
-1.884956e+00 -6.283185e-01 -1.538842e+00
-1.884956e+00 -3.141593e-01 -1.760074e+00
-1.884956e+00 0.000000e+00 -1.902113e+00
-1.884956e+00 3.141593e-01 -1.951057e+00
-1.884956e+00 6.283185e-01 -1.902113e+00
-1.884956e+00 9.424778e-01 -1.760074e+00
-1.884956e+00 1.256637e+00 -1.538842e+00
-1.884956e+00 1.570796e+00 -1.260074e+00
-1.884956e+00 1.884956e+00 -9.510565e-01
-1.884956e+00 2.199115e+00 -6.420395e-01
-1.884956e+00 2.513274e+00 -3.632713e-01
-1.884956e+00 2.827433e+00 -1.420395e-01

-1.570796e+00 -3.141593e+00 -1.110223e-16
-1.570796e+00 -2.827433e+00 0.000000e+00
-1.570796e+00 -2.513274e+00 -4.894348e-02
-1.570796e+00 -2.199115e+00 -1.909830e-01
-1.570796e+00 -1.884956e+00 -4.122147e-01
-1.570796e+00 -1.570796e+00 -6.909830e-01
-1.570796e+00 -1.256637e+00 -1.000000e+00
-1.570796e+00 -9.424778e-01 -1.309017e+00
-1.570796e+00 -6.283185e-01 -1.587785e+00
-1.570796e+00 -3.141593e-01 -1.809017e+00
-1.570796e+00 0.000000e+00 -1.951057e+00
-1.570796e+00 3.141593e-01 -2.000000e+00
-1.570796e+00 6.283185e-01 -1.951057e+00
-1.570796e+00 9.424778e-01 -1.809017e+00
-1.570796e+00 1.256637e+00 -1.587785e+00
-1.570796e+00 1.570796e+00 -1.309017e+00
-1.570796e+00 1.884956e+00 -1.000000e+00
-1.570796e+00 2.199115e+00 -6.909830e-01
-1.570796e+00 2.513274e+00 -4.122147e-01
-1.570796e+00 2.827433e+00 -1.909830e-01

-1.256637e+00 -3.141593e+00 -4.894348e-02
-1.256637e+00 -2.827433e+00 4.894348e-02
-1.256637e+00 -2.513274e+00 0.000000e+00
-1.256637e+00 -2.199115e+00 -1.420395e-01
-1.256637e+00 -1.884956e+00 -3.632713e-01
-1.256637e+00 -1.570796e+00 -6.420395e-01
-1.256637e+00 -1.256637e+00 -9.510565e-01
-1.256637e+00 -9.424778e-01 -1.260074e+00
-1.256637e+00 -6.283185e-01 -1.538842e+00
-1.256637e+00 -3.141593e-01 -1.760074e+00
-1.256637e+00 0.000000e+00 -1.902113e+00
-1.256637e+00 3.141593e-01 -1.951057e+00
-1.256637e+00 6.283185e-01 -1.902113e+00
-1.256637e+00 9.424778e-01 -1.760074e+00
-1.256637e+00 1.256637e+00 -1.538842e+00
-1.256637e+00 1.570796e+00 -1.260074e+00
-1.256637e+00 1.884956e+00 -9.510565e-01
-1.256637e+00 2.199115e+00 -6.420395e-01
-1.256637e+00 2.513274e+00 -3.632713e-01
-1.256637e+00 2.827433e+00 -1.420395e-01

-9.424778e-01 -3.141593e+00 0.000000e+00
-9.424778e-01 -2.827433e+00 1.909830e-01
-9.424778e-01 -2.513274e+00 1.420395e-01
-9.424778e-01 -2.199115e+00 -1.110223e-16
-9.424778e-01 -1.884956e+00 -2.212317e-01
-9.424778e-01 -1.570796e+00 -5.000000e-01
-9.424778e-01 -1.256637e+00 -8.090170e-01
-9.424778e-01 -9.424778e-01 -1.118034e+00
-9.424778e-01 -6.283185e-01 -1.396802e+00
-9.424778e-01 -3.141593e-01 -1.618034e+00
-9.424778e-01 0.000000e+00 -1.760074e+00
-9.424778e-01 3.141593e-01 -1.809017e+00
-9.424778e-01 6.283185e-01 -1.760074e+00
-9.424778e-01 9.424778e-01 -1.618034e+00
-9.424778e-01 1.256637e+00 -1.396802e+00
-9.424778e-01 1.570796e+00 -1.118034e+00
-9.424778e-01 1.884956e+00 -8.090170e-01
-9.424778e-01 2.199115e+00 -5.000000e-01
-9.424778e-01 2.513274e+00 -2.212317e-01
-9.424778e-01 2.827433e+00 -1.110223e-16

-6.283185e-01 -3.141593e+00 1.420395e-01
-6.283185e-01 -2.827433e+00 4.122147e-01
-6.283185e-01 -2.513274e+00 3.632713e-01
-6.283185e-01 -2.199115e+00 2.212317e-01
-6.283185e-01 -1.884956e+00 -1.110223e-16
-6.283185e-01 -1.570796e+00 -2.787683e-01
-6.283185e-01 -1.256637e+00 -5.877853e-01
-6.283185e-01 -9.424778e-01 -8.968022e-01
-6.283185e-01 -6.283185e-01 -1.175571e+00
-6.283185e-01 -3.141593e-01 -1.396802e+00
-6.283185e-01 0.000000e+00 -1.538842e+00
-6.283185e-01 3.141593e-01 -1.587785e+00
-6.283185e-01 6.283185e-01 -1.538842e+00
-6.283185e-01 9.424778e-01 -1.396802e+00
-6.283185e-01 1.256637e+00 -1.175571e+00
-6.283185e-01 1.570796e+00 -8.968022e-01
-6.283185e-01 1.884956e+00 -5.877853e-01
-6.283185e-01 2.199115e+00 -2.787683e-01
-6.283185e-01 2.513274e+00 -1.110223e-16
-6.283185e-01 2.827433e+00 2.212317e-01

-3.141593e-01 -3.141593e+00 3.632713e-01
-3.141593e-01 -2.827433e+00 6.909830e-01
-3.141593e-01 -2.513274e+00 6.420395e-01
-3.141593e-01 -2.199115e+00 5.000000e-01
-3.141593e-01 -1.884956e+00 2.787683e-01
-3.141593e-01 -1.570796e+00 -5.551115e-17
-3.141593e-01 -1.256637e+00 -3.090170e-01
-3.141593e-01 -9.424778e-01 -6.180340e-01
-3.141593e-01 -6.283185e-01 -8.968022e-01
-3.141593e-01 -3.141593e-01 -1.118034e+00
-3.141593e-01 0.000000e+00 -1.260074e+00
-3.141593e-01 3.141593e-01 -1.309017e+00
-3.141593e-01 6.283185e-01 -1.260074e+00
-3.141593e-01 9.424778e-01 -1.118034e+00
-3.141593e-01 1.256637e+00 -8.968022e-01
-3.141593e-01 1.570796e+00 -6.180340e-01
-3.141593e-01 1.884956e+00 -3.090170e-01
-3.141593e-01 2.199115e+00 -5.551115e-17
-3.141593e-01 2.513274e+00 2.787683e-01
-3.141593e-01 2.827433e+00 5.000000e-01

0.000000e+00 -3.141593e+00 6.420395e-01
0.000000e+00 -2.827433e+00 1.000000e+00
0.000000e+00 -2.513274e+00 9.510565e-01
0.000000e+00 -2.199115e+00 8.090170e-01
0.000000e+00 -1.884956e+00 5.877853e-01
0.000000e+00 -1.570796e+00 3.090170e-01
0.000000e+00 -1.256637e+00 -6.123234e-17
0.000000e+00 -9.424778e-01 -3.090170e-01
0.000000e+00 -6.283185e-01 -5.877853e-01
0.000000e+00 -3.141593e-01 -8.090170e-01
0.000000e+00 0.000000e+00 -9.510565e-01
0.000000e+00 3.141593e-01 -1.000000e+00
0.000000e+00 6.283185e-01 -9.510565e-01
0.000000e+00 9.424778e-01 -8.090170e-01
0.000000e+00 1.256637e+00 -5.877853e-01
0.000000e+00 1.570796e+00 -3.090170e-01
0.000000e+00 1.884956e+00 -6.123234e-17
0.000000e+00 2.199115e+00 3.090170e-01
0.000000e+00 2.513274e+00 5.877853e-01
0.000000e+00 2.827433e+00 8.090170e-01

3.141593e-01 -3.141593e+00 9.510565e-01
3.141593e-01 -2.827433e+00 1.309017e+00
3.141593e-01 -2.513274e+00 1.260074e+00
3.141593e-01 -2.199115e+00 1.118034e+00
3.141593e-01 -1.884956e+00 8.968022e-01
3.141593e-01 -1.570796e+00 6.180340e-01
3.141593e-01 -1.256637e+00 3.090170e-01
3.141593e-01 -9.424778e-01 -5.551115e-17
3.141593e-01 -6.283185e-01 -2.787683e-01
3.141593e-01 -3.141593e-01 -5.000000e-01
3.141593e-01 0.000000e+00 -6.420395e-01
3.141593e-01 3.141593e-01 -6.909830e-01
3.141593e-01 6.283185e-01 -6.420395e-01
3.141593e-01 9.424778e-01 -5.000000e-01
3.141593e-01 1.256637e+00 -2.787683e-01
3.141593e-01 1.570796e+00 -5.551115e-17
3.141593e-01 1.884956e+00 3.090170e-01
3.141593e-01 2.199115e+00 6.180340e-01
3.141593e-01 2.513274e+00 8.968022e-01
3.141593e-01 2.827433e+00 1.118034e+00

6.283185e-01 -3.141593e+00 1.260074e+00
6.283185e-01 -2.827433e+00 1.587785e+00
6.283185e-01 -2.513274e+00 1.538842e+00
6.283185e-01 -2.199115e+00 1.396802e+00
6.283185e-01 -1.884956e+00 1.175571e+00
6.283185e-01 -1.570796e+00 8.968022e-01
6.283185e-01 -1.256637e+00 5.877853e-01
6.283185e-01 -9.424778e-01 2.787683e-01
6.283185e-01 -6.283185e-01 0.000000e+00
6.283185e-01 -3.141593e-01 -2.212317e-01
6.283185e-01 0.000000e+00 -3.632713e-01
6.283185e-01 3.141593e-01 -4.122147e-01
6.283185e-01 6.283185e-01 -3.632713e-01
6.283185e-01 9.424778e-01 -2.212317e-01
6.283185e-01 1.256637e+00 0.000000e+00
6.283185e-01 1.570796e+00 2.787683e-01
6.283185e-01 1.884956e+00 5.877853e-01
6.283185e-01 2.199115e+00 8.968022e-01
6.283185e-01 2.513274e+00 1.175571e+00
6.283185e-01 2.827433e+00 1.396802e+00

9.424778e-01 -3.141593e+00 1.538842e+00
9.424778e-01 -2.827433e+00 1.809017e+00
9.424778e-01 -2.513274e+00 1.760074e+00
9.424778e-01 -2.199115e+00 1.618034e+00
9.424778e-01 -1.884956e+00 1.396802e+00
9.424778e-01 -1.570796e+00 1.118034e+00
9.424778e-01 -1.256637e+00 8.090170e-01
9.424778e-01 -9.424778e-01 5.000000e-01
9.424778e-01 -6.283185e-01 2.212317e-01
9.424778e-01 -3.141593e-01 0.000000e+00
9.424778e-01 0.000000e+00 -1.420395e-01
9.424778e-01 3.141593e-01 -1.909830e-01
9.424778e-01 6.283185e-01 -1.420395e-01
9.424778e-01 9.424778e-01 0.000000e+00
9.424778e-01 1.256637e+00 2.212317e-01
9.424778e-01 1.570796e+00 5.000000e-01
9.424778e-01 1.884956e+00 8.090170e-01
9.424778e-01 2.199115e+00 1.118034e+00
9.424778e-01 2.513274e+00 1.396802e+00
9.424778e-01 2.827433e+00 1.618034e+00

1.256637e+00 -3.141593e+00 1.760074e+00
1.256637e+00 -2.827433e+00 1.951057e+00
1.256637e+00 -2.513274e+00 1.902113e+00
1.256637e+00 -2.199115e+00 1.760074e+00
1.256637e+00 -1.884956e+00 1.538842e+00
1.256637e+00 -1.570796e+00 1.260074e+00
1.256637e+00 -1.256637e+00 9.510565e-01
1.256637e+00 -9.424778e-01 6.420395e-01
1.256637e+00 -6.283185e-01 3.632713e-01
1.256637e+00 -3.141593e-01 1.420395e-01
1.256637e+00 0.000000e+00 0.000000e+00
1.256637e+00 3.141593e-01 -4.894348e-02
1.256637e+00 6.283185e-01 0.000000e+00
1.256637e+00 9.424778e-01 1.420395e-01
1.256637e+00 1.256637e+00 3.632713e-01
1.256637e+00 1.570796e+00 6.420395e-01
1.256637e+00 1.884956e+00 9.510565e-01
1.256637e+00 2.199115e+00 1.260074e+00
1.256637e+00 2.513274e+00 1.538842e+00
1.256637e+00 2.827433e+00 1.760074e+00

1.570796e+00 -3.141593e+00 1.902113e+00
1.570796e+00 -2.827433e+00 2.000000e+00
1.570796e+00 -2.513274e+00 1.951057e+00
1.570796e+00 -2.199115e+00 1.809017e+00
1.570796e+00 -1.884956e+00 1.587785e+00
1.570796e+00 -1.570796e+00 1.309017e+00
1.570796e+00 -1.256637e+00 1.000000e-00
1.570796e+00 -9.424778e-01 6.909830e-01
1.570796e+00 -6.283185e-01 4.122147e-01
1.570796e+00 -3.141593e-01 1.909830e-01
1.570796e+00 0.000000e+00 4.894348e-02
1.570796e+00 3.141593e-01 0.000000e+00
1.570796e+00 6.283185e-01 4.894348e-02
1.570796e+00 9.424778e-01 1.909830e-01
1.570796e+00 1.256637e+00 4.122147e-01
1.570796e+00 1.570796e+00 6.909830e-01
1.570796e+00 1.884956e+00 1.000000e-00
1.570796e+00 2.199115e+00 1.309017e+00
1.570796e+00 2.513274e+00 1.587785e+00
1.570796e+00 2.827433e+00 1.809017e+00

1.884956e+00 -3.141593e+00 1.951057e+00
1.884956e+00 -2.827433e+00 1.951057e+00
1.884956e+00 -2.513274e+00 1.902113e+00
1.884956e+00 -2.199115e+00 1.760074e+00
1.884956e+00 -1.884956e+00 1.538842e+00
1.884956e+00 -1.570796e+00 1.260074e+00
1.884956e+00 -1.256637e+00 9.510565e-01
1.884956e+00 -9.424778e-01 6.420395e-01
1.884956e+00 -6.283185e-01 3.632713e-01
1.884956e+00 -3.141593e-01 1.420395e-01
1.884956e+00 0.000000e+00 1.110223e-16
1.884956e+00 3.141593e-01 -4.894348e-02
1.884956e+00 6.283185e-01 1.110223e-16
1.884956e+00 9.424778e-01 1.420395e-01
1.884956e+00 1.256637e+00 3.632713e-01
1.884956e+00 1.570796e+00 6.420395e-01
1.884956e+00 1.884956e+00 9.510565e-01
1.884956e+00 2.199115e+00 1.260074e+00
1.884956e+00 2.513274e+00 1.538842e+00
1.884956e+00 2.827433e+00 1.760074e+00

2.199115e+00 -3.141593e+00 1.902113e+00
2.199115e+00 -2.827433e+00 1.809017e+00
2.199115e+00 -2.513274e+00 1.760074e+00
2.199115e+00 -2.199115e+00 1.618034e+00
2.199115e+00 -1.884956e+00 1.396802e+00
2.199115e+00 -1.570796e+00 1.118034e+00
2.199115e+00 -1.256637e+00 8.090170e-01
2.199115e+00 -9.424778e-01 5.000000e-01
2.199115e+00 -6.283185e-01 2.212317e-01
2.199115e+00 -3.141593e-01 0.000000e+00
2.199115e+00 0.000000e+00 -1.420395e-01
2.199115e+00 3.141593e-01 -1.909830e-01
2.199115e+00 6.283185e-01 -1.420395e-01
2.199115e+00 9.424778e-01 0.000000e+00
2.199115e+00 1.256637e+00 2.212317e-01
2.199115e+00 1.570796e+00 5.000000e-01
2.199115e+00 1.884956e+00 8.090170e-01
2.199115e+00 2.199115e+00 1.118034e+00
2.199115e+00 2.513274e+00 1.396802e+00
2.199115e+00 2.827433e+00 1.618034e+00

2.513274e+00 -3.141593e+00 1.760074e+00
2.513274e+00 -2.827433e+00 1.587785e+00
2.513274e+00 -2.513274e+00 1.538842e+00
2.513274e+00 -2.199115e+00 1.396802e+00
2.513274e+00 -1.884956e+00 1.175571e+00
2.513274e+00 -1.570796e+00 8.968022e-01
2.513274e+00 -1.256637e+00 5.877853e-01
2.513274e+00 -9.424778e-01 2.787683e-01
2.513274e+00 -6.283185e-01 1.110223e-16
2.513274e+00 -3.141593e-01 -2.212317e-01
2.513274e+00 0.000000e+00 -3.632713e-01
2.513274e+00 3.141593e-01 -4.122147e-01
2.513274e+00 6.283185e-01 -3.632713e-01
2.513274e+00 9.424778e-01 -2.212317e-01
2.513274e+00 1.256637e+00 1.110223e-16
2.513274e+00 1.570796e+00 2.787683e-01
2.513274e+00 1.884956e+00 5.877853e-01
2.513274e+00 2.199115e+00 8.968022e-01
2.513274e+00 2.513274e+00 1.175571e+00
2.513274e+00 2.827433e+00 1.396802e+00

2.827433e+00 -3.141593e+00 1.538842e+00
2.827433e+00 -2.827433e+00 1.309017e+00
2.827433e+00 -2.513274e+00 1.260074e+00
2.827433e+00 -2.199115e+00 1.118034e+00
2.827433e+00 -1.884956e+00 8.968022e-01
2.827433e+00 -1.570796e+00 6.180340e-01
2.827433e+00 -1.256637e+00 3.090170e-01
2.827433e+00 -9.424778e-01 5.551115e-17
2.827433e+00 -6.283185e-01 -2.787683e-01
2.827433e+00 -3.141593e-01 -5.000000e-01
2.827433e+00 0.000000e+00 -6.420395e-01
2.827433e+00 3.141593e-01 -6.909830e-01
2.827433e+00 6.283185e-01 -6.420395e-01
2.827433e+00 9.424778e-01 -5.000000e-01
2.827433e+00 1.256637e+00 -2.787683e-01
2.827433e+00 1.570796e+00 5.551115e-17
2.827433e+00 1.884956e+00 3.090170e-01
2.827433e+00 2.199115e+00 6.180340e-01
2.827433e+00 2.513274e+00 8.968022e-01
2.827433e+00 2.827433e+00 1.118034e+00

3.141593e+00 -3.141593e+00 1.260074e+00
3.141593e+00 -2.827433e+00 1.000000e+00
3.141593e+00 -2.513274e+00 9.510565e-01
3.141593e+00 -2.199115e+00 8.090170e-01
3.141593e+00 -1.884956e+00 5.877853e-01
3.141593e+00 -1.570796e+00 3.090170e-01
3.141593e+00 -1.256637e+00 6.123234e-17
3.141593e+00 -9.424778e-01 -3.090170e-01
3.141593e+00 -6.283185e-01 -5.877853e-01
3.141593e+00 -3.141593e-01 -8.090170e-01
3.141593e+00 0.000000e+00 -9.510565e-01
3.141593e+00 3.141593e-01 -1.000000e-00
3.141593e+00 6.283185e-01 -9.510565e-01
3.141593e+00 9.424778e-01 -8.090170e-01
3.141593e+00 1.256637e+00 -5.877853e-01
3.141593e+00 1.570796e+00 -3.090170e-01
3.141593e+00 1.884956e+00 6.123234e-17
3.141593e+00 2.199115e+00 3.090170e-01
3.141593e+00 2.513274e+00 5.877853e-01
3.141593e+00 2.827433e+00 8.090170e-01

