          10
   0 .1035712E+01  99.7119
   1 .9354218E-03  99.8019
   2 .7114034E-03  99.8704
   3 .3610805E-03  99.9052
   4 .1918686E-03  99.9236
   5 .1684957E-03  99.9399
   6 .1381255E-03  99.9532
   7 .9159119E-04  99.9620
   8 .7401653E-04  99.9691
   9 .6646141E-04  99.9755
  10 .5869267E-04  99.9812
  11 .5250435E-04  99.9862
  12 .3374774E-04  99.9895
  13 .2865175E-04  99.9922
  14 .2494870E-04  99.9946
  15 .1821987E-04  99.9964
  16 .1092951E-04  99.9974
  17 .6185578E-05  99.9980
  18 .5114468E-05  99.9985
  19 .3745833E-05  99.9989
  20 .3626781E-05  99.9992
  21 .3245032E-05  99.9995
  22 .2447195E-05  99.9998
  23 .2338567E-05 100.0000
  24 .6182292E-14 100.0000
  25 .2248723E-14 100.0000
  26 .1082904E-14 100.0000
  27 ************ 100.0000
  28 ************ 100.0000
  29 ************ 100.0000
