   3.0028650000000003        1.1033462057057331E-003
   9.0027950000000008        1.1233464390417887E-003
   15.002725000000002        1.1916805696066454E-003
   21.002655000000001        1.2150141751653769E-003
   27.002585000000000        1.3200154001796688E-003
   33.002514999999995        1.5583515141009980E-003
   39.002444999999994        1.9400226335973920E-003
   45.002374999999994        2.2083590975228045E-003
   51.002304999999993        2.6983648142561664E-003
   57.002234999999992        2.8950337753940467E-003
   63.002164999999991        2.8900337170600322E-003
   69.002094999999997        2.9167006948414400E-003
   75.002024999999989        2.5500297503470871E-003
   81.001954999999995        2.2750265419763231E-003
   87.001884999999987        2.1016911863971743E-003
   93.001814999999993        2.1583585141826656E-003
   99.001745000000000        1.9833564724921790E-003
   105.00167499999999        2.0066900780509106E-003
   111.00160500000000        1.9333558891520401E-003
   117.00153499999999        2.0083567641622484E-003
   123.00146500000000        1.9633562391561236E-003
   129.00139500000000        1.8966887947026048E-003
   135.00132500000001        2.1166913613992161E-003
   141.00125500000001        2.1816921197413972E-003
   147.00118500000002        2.4783622475595549E-003
   153.00111500000000        2.9867015115176343E-003
   159.00104500000000        3.8917120699741496E-003
   165.00097500000001        5.3417289868381793E-003
   171.00090500000002        8.5184327150483428E-003
   177.00083500000000        1.1991806571076662E-002
   183.00076500000000        1.1998473315522014E-002
   189.00069500000001        8.2117624705621561E-003
   195.00062500000001        5.2683947979393084E-003
   201.00055500000002        3.8283779977433068E-003
   207.00048500000000        3.0350354087464353E-003
   213.00041500000000        2.5833634725738468E-003
   219.00034500000001        2.2766932280876609E-003
   225.00027500000002        2.1383582808466098E-003
   231.00020499999999        1.9466893780427437E-003
   237.00013500000000        1.9383559474860539E-003
   243.00006500000001        1.8816886197005633E-003
   248.99999500000001        1.9166890280386604E-003
   254.99992499999999        2.0616907197250635E-003
   260.99985500000003        2.0200235669416140E-003
   266.99978500000003        2.0283569974983043E-003
   272.99971500000004        2.1383582808466098E-003
   278.99964500000004        2.4383617808874437E-003
   284.99957500000005        2.5033625392296244E-003
   290.99950500000006        2.8667001115013011E-003
   296.99943500000006        2.9350342420661575E-003
   302.99936500000001        2.9383676142888332E-003
   308.99929500000002        2.6783645809201105E-003
   314.99922500000002        2.2583596808629434E-003
   320.99915500000003        1.8200212335810586E-003
   326.99908500000004        1.4983508140928310E-003
   332.99901500000004        1.2833483057302334E-003
   338.99894500000005        1.1816804529386177E-003
   344.99887500000006        1.2616813862828399E-003
   350.99880500000006        1.1716803362705900E-003
   356.99873500000001        1.1166796945964370E-003
