   3.2934300000000003        3.6278115754238778E-004
   9.2882899999999999        2.6510930743482182E-004
   15.283150000000001        3.7673427898632578E-004
   21.278009999999998        5.3021861486964364E-004
   27.272869999999998        5.3021861486964364E-004
   33.267730000000000        4.6045300764995369E-004
   39.262589999999996        7.5346855797265157E-004
   45.257449999999999        6.4184358642114755E-004
   51.252310000000001        9.4881225818778338E-004
   57.247169999999997        1.0464841082953493E-003
   63.242030000000007        8.6509352952415547E-004
   69.236890000000017        9.0695289385596943E-004
   75.231750000000019        7.8137480086052757E-004
   81.226610000000008        7.3951543652871351E-004
   87.221470000000011        5.8603110064539565E-004
   93.216330000000013        8.6509352952415547E-004
   99.211190000000016        5.5812485775751965E-004
   105.20605000000002        6.8370295075296161E-004
   111.20091000000001        7.3951543652871351E-004
   117.19577000000001        6.1393734353327155E-004
   123.19063000000001        6.5579670786508561E-004
   129.18548999999999        7.1160919364083761E-004
   135.18034999999998        6.6974982930902366E-004
   141.17520999999999        8.7904665096809342E-004
   147.17006999999998        8.0928104374840347E-004
   153.16493000000000        1.1162497155150393E-003
   159.15978999999999        1.2139215656226051E-003
   165.15464999999998        1.8976245163755668E-003
   171.14950999999999        2.7208586815679081E-003
   177.14436999999998        4.7440612909389170E-003
   183.13923000000000        2.0190166729378272E-002
   189.13408999999999        1.3074074792969898E-002
   195.12894999999997        8.1625760447037246E-003
   201.12380999999999        6.2649515283281576E-003
   207.11866999999998        4.9812643554858630E-003
   213.11353000000000        4.3394207690647156E-003
   219.10838999999999        3.6557178183117536E-003
   225.10324999999997        3.7952490327511335E-003
   231.09810999999999        3.2092179321057380E-003
   237.09296999999998        3.3208429036572415E-003
   243.08783000000000        3.5161866038723737E-003
   249.08268999999999        3.1534054463299857E-003
   255.07754999999997        3.1534054463299857E-003
   261.07240999999999        3.2929366607693661E-003
   267.06727000000001        3.3766553894329938E-003
   273.06212999999997        3.9068740043026375E-003
   279.05698999999998        4.1022177045177697E-003
   285.05185000000000        4.3254676476207777E-003
   291.04670999999996        4.4510457406162192E-003
   297.04156999999998        5.4277642416918790E-003
   303.03643000000000        4.8277800196025447E-003
   309.03129000000001        4.4649988620601572E-003
   315.02614999999997        3.5859522110920634E-003
   321.02100999999999        3.1952648106618000E-003
   327.01587000000001        2.4697024955770246E-003
   333.01072999999997        1.9952963664831330E-003
   339.00558999999998        2.2743587953618924E-003
   345.00045000000000        1.9255307592634429E-003
   350.99530999999996        2.0511088522588848E-003
   356.99016999999998        1.6325152089407449E-003
