   3.2934300000000003        3.9964252709821417E-003
   9.2882899999999999        2.3000753979242217E-003
   15.283150000000001        2.6306752784885728E-003
   21.278009999999998        3.1186716620571612E-003
   27.272869999999998        2.6774703662804469E-003
   33.267730000000000        2.0668072315283424E-003
   39.262589999999996        2.9600908111281992E-003
   45.257449999999999        2.2754709868120357E-003
   51.252310000000001        3.0367498156754287E-003
   57.247169999999997        3.0481162195614246E-003
   63.242030000000007        2.3195120486550146E-003
   69.236890000000017        2.2483410788575547E-003
   75.231750000000019        1.7913095551856085E-003
   81.226610000000008        1.5861471327103553E-003
   87.221470000000011        1.1761625792762465E-003
   93.216330000000013        1.6317895663952120E-003
   99.211190000000016        9.9517419923067420E-004
   105.20605000000002        1.1454245803905344E-003
   111.20091000000001        1.1720740767924523E-003
   117.19577000000001        9.2407829373830261E-004
   123.19063000000001        9.4082931044261293E-004
   129.18548999999999        9.7172244222550649E-004
   135.18034999999998        8.7455086524122305E-004
   141.17520999999999        1.1000690591606813E-003
   147.17006999999998        9.7035627187290431E-004
   153.16493000000000        1.2856130084772626E-003
   159.15978999999999        1.3467520509236239E-003
   165.15464999999998        2.0250781502820750E-003
   171.14950999999999        2.8015116282949061E-003
   177.14436999999998        4.7176014118761756E-003
   183.13923000000000        1.9475333869348084E-002
   189.13408999999999        1.2220830845090616E-002
   195.12894999999997        7.4037425394421260E-003
   201.12380999999999        5.5166309138161692E-003
   207.11866999999998        4.2625265644235253E-003
   213.11353000000000        3.6139743046543194E-003
   219.10838999999999        2.9669700376656000E-003
   225.10324999999997        3.0035513756784954E-003
   231.09810999999999        2.4826434645679801E-003
   237.09296999999998        2.5083988616915148E-003
   243.08783000000000        2.6001858258574866E-003
   249.08268999999999        2.2804218947565071E-003
   255.07754999999997        2.2374517503327860E-003
   261.07240999999999        2.2932128523435085E-003
   267.06727000000001        2.3078020170612806E-003
   273.06212999999997        2.6237343324114330E-003
   279.05698999999998        2.7094460921522749E-003
   285.05185000000000        2.8124576720724064E-003
   291.04670999999996        2.8512542411332385E-003
   297.04156999999998        3.4274695322326150E-003
   303.03643000000000        3.0088125494173359E-003
   309.03129000000001        2.7469298699218997E-003
   315.02614999999997        2.1803378227348113E-003
   321.02100999999999        1.9211791434662392E-003
   327.01587000000001        1.4698975455640323E-003
   333.01072999999997        1.1756504739059799E-003
   339.00558999999998        1.3276023126478353E-003
   345.00045000000000        1.1145781552863614E-003
   350.99530999999996        1.1777305892047521E-003
   356.99016999999998        9.3100589505009323E-004
