   0.0     0.0     0.0     0.0     0.0     0.0     0.0     0.0     0.0  
 -82.007 -61.765 179.103  54.437   0.0     0.0     0.0     0.0     0.0  
 -66.962 -39.717-179.871 -59.067   0.0     0.0     0.0     0.0     0.0  
 -66.309 -39.105-178.536 -59.170   0.0     0.0     0.0     0.0     0.0  
 -67.707 -41.104-179.367 -58.175   0.0     0.0     0.0     0.0     0.0  
 -65.519 -40.886-178.876 -59.160   0.0     0.0     0.0     0.0     0.0  
 -66.237 -40.389-177.878 -59.197   0.0     0.0     0.0     0.0     0.0  
 -68.027 -36.786-178.788 -59.255   0.0     0.0     0.0     0.0     0.0  
 -71.414 -37.093-179.060 -58.870   0.0     0.0     0.0     0.0     0.0  
 -69.930 -36.984 178.739 -59.041   0.0     0.0     0.0     0.0     0.0  
 -69.935 -32.990 178.767 -58.624   0.0     0.0     0.0     0.0     0.0  
   0.0     0.0     0.0     0.0     0.0     0.0     0.0     0.0     0.0  
