 60.472
 58.774
 61.944
 61.617
 60.973
 61.975
 61.203
 62.203
 61.793
 61.668
 61.558
 62.238
 62.021
 61.950
 61.286
 62.127
 61.639
 61.906
 60.918
 62.056
 62.029
 60.082
 62.150
 61.964
 61.081
 61.705
 61.666
 62.211
 62.224
 61.734
 61.685
 60.372
 61.205
 60.498
 60.481
 60.460
 60.630
 60.622
 60.413
 60.578
 52.431
 59.334
 56.490
 60.178
 59.918
 57.069
 59.936
 58.230
 53.723
 54.070
 59.214
 59.214
 58.380
 59.102
 59.793
 59.461
 57.514
 59.590
 53.949
 58.730
 52.396
 51.800
 58.755
 56.389
 57.006
 58.652
 58.938
 55.500
