 29.711
  9.336
 37.715
 34.867
 29.899
 38.656
 31.008
 39.729
 35.824
 34.901
 33.928
 39.661
 38.712
 37.770
 31.037
 39.603
 33.095
 37.714
 30.734
 39.606
 38.709
 29.484
 37.891
 38.623
 33.513
 37.486
 37.344
 39.667
 38.870
 39.295
 36.606
 29.607
 31.826
 29.371
 27.551
 26.709
 29.426
 28.458
 28.396
 29.394
  1.000
  4.635
  1.901
 21.894
 10.058
  1.901
 20.053
  1.901
  1.000
  1.000
  1.901
  7.544
  6.556
  7.528
 10.303
 10.306
  6.512
 10.266
  2.853
  6.479
  1.929
  1.000
  1.904
  1.000
  1.904
  4.665
  4.623
  1.000
