 48.003
 41.183
 56.938
 54.103
 53.491
 56.976
 52.036
 57.190
 55.935
 54.139
 54.912
 58.052
 57.872
 57.796
 52.947
 57.940
 54.980
 57.765
 53.412
 57.047
 57.036
 44.251
 57.975
 57.798
 52.728
 57.536
 58.320
 58.038
 58.068
 57.563
 57.539
 46.221
 52.850
 52.142
 52.946
 51.287
 53.098
 53.926
 52.062
 52.196
 24.286
 45.957
 40.664
 53.500
 51.557
 38.785
 48.237
 39.983
 33.837
 36.746
 40.885
 50.004
 31.547
 49.910
 54.758
 51.924
 33.176
 53.740
 13.320
 42.802
 11.485
 13.139
 47.031
 13.198
 25.141
 46.091
 50.593
 10.459
