 66.815
 66.731
 69.285
 69.271
 69.213
 69.142
 69.134
 68.649
 68.299
 69.166
 67.830
 68.300
 69.195
 68.347
 69.216
 69.167
 69.162
 69.198
 69.241
 69.279
 69.111
 69.158
 69.216
 69.274
 69.007
 68.253
 69.090
 69.045
 69.221
 68.419
 69.178
 69.089
 68.701
 68.138
 68.794
 68.976
 68.745
 68.845
 69.257
 68.913
 68.107
 68.297
 68.974
 68.524
 68.763
 68.988
 68.638
 68.939
 68.516
 69.207
 68.672
 68.321
 68.671
 68.272
 68.533
 68.558
 66.802
 65.895
 66.076
 67.999
 68.286
 67.926
 65.258
 66.450
 65.913
 66.962
 67.129
 68.095
 63.978
 64.276
 67.558
