 62.351
 62.272
 69.285
 69.271
 69.213
 69.142
 69.134
 68.649
 67.404
 69.166
 66.046
 67.403
 69.195
 67.449
 69.216
 69.167
 69.162
 69.198
 69.241
 69.279
 69.111
 69.158
 69.216
 69.274
 69.007
 67.357
 69.090
 69.045
 69.221
 67.520
 69.178
 69.089
 68.701
 67.239
 68.794
 68.976
 68.745
 68.845
 69.257
 68.913
 68.107
 68.297
 68.974
 68.524
 68.763
 68.988
 68.638
 68.939
 67.617
 69.207
 67.774
 66.523
 68.671
 66.484
 68.533
 67.658
 64.114
 62.371
 62.541
 66.204
 68.286
 67.926
 60.872
 64.684
 62.393
 65.192
 65.355
 68.095
 41.744
 51.919
 65.769
