 74.663
 75.025
 74.984
 77.834
 77.798
 77.671
 77.727
 77.662
 76.756
 77.105
 76.329
 77.696
 77.678
 77.717
 76.792
 77.683
 77.828
 76.784
 77.804
 77.553
 77.744
 77.749
 77.685
 77.733
 76.566
 77.681
 77.760
 77.745
 76.827
 77.415
 77.594
 77.227
 77.521
 77.038
 77.336
 77.653
 77.154
 76.404
 77.240
 77.347
 76.752
 77.559
 76.957
 77.015
 77.386
 76.964
 77.132
 77.069
 77.158
 77.677
 77.019
 76.715
 77.167
 76.534
 76.758
 75.871
 75.748
 76.660
 76.510
 75.560
 74.170
 76.902
 76.711
 76.849
 77.569
 77.617
 77.444
 77.410
 77.076
 74.957
 74.080
 74.217
 76.091
 72.930
 74.772
 74.084
 74.935
 75.598
 71.543
 71.764
