 70.221
 70.585
 70.547
 76.934
 76.899
 76.773
 76.829
 75.864
 75.867
 75.315
 74.558
 76.797
 76.780
 76.818
 75.902
 76.783
 76.928
 75.893
 76.904
 76.653
 76.845
 76.850
 76.786
 76.834
 75.675
 76.784
 76.861
 76.846
 75.937
 77.415
 76.695
 75.432
 75.723
 76.141
 75.543
 76.754
 75.359
 75.507
 75.444
 76.448
 74.966
 75.761
 75.163
 76.117
 76.490
 75.169
 76.234
 75.278
 76.263
 76.778
 75.236
 74.940
 75.379
 74.745
 74.972
 74.098
 73.070
 75.767
 74.726
 73.790
 68.850
 75.108
 74.921
 75.053
 76.673
 76.719
 76.547
 75.615
 75.287
 72.293
 68.798
 68.926
 74.296
 64.149
 73.019
 68.806
 73.192
 73.836
  7.315
 34.439
