 73.780
 73.847
 70.731
 72.996
 72.881
 74.284
 72.805
 73.357
 73.472
 73.095
 74.036
 73.209
 73.457
 72.847
 73.301
 72.808
 71.639
 71.694
 71.484
 74.018
 72.652
 72.497
 73.842
 73.511
 72.674
 72.672
 72.308
 73.915
 72.648
 70.907
 70.317
 71.583
 73.444
 71.608
 72.098
 68.568
 68.343
 73.719
 67.589
 70.677
 71.068
 63.061
 67.712
 69.013
 68.965
 70.851
 69.573
 66.983
 67.520
 69.585
 66.341
 66.515
 66.918
 70.129
  1.802
 72.508
 71.094
 68.434
 66.332
 64.192
 25.416
 65.764
 67.565
 66.830
 67.044
 69.094
 68.677
 68.472
 68.279
 67.824
 67.223
 63.937
 55.358
 67.520
 69.775
 67.404
 69.516
 68.431
 68.425
  1.000
  1.851
 17.143
 61.585
 69.475
  1.000
  1.802
  3.419
 38.244
