 36.556
 37.461
 18.414
 32.536
 36.693
 41.559
 33.938
 38.045
 37.224
 37.659
 41.452
 42.212
 41.553
 36.647
 40.559
 35.690
 37.032
 30.667
 35.062
 41.373
 37.418
 30.619
 38.640
 34.715
 34.754
 35.663
 32.829
 39.478
 34.808
 30.296
 19.289
 22.122
 36.494
 24.835
 32.560
  7.434
 13.773
 40.154
  8.341
 29.552
 22.863
  1.000
  6.482
  5.579
  6.438
 30.105
 18.381
  5.591
  2.810
 19.298
  1.907
  1.907
  2.827
  8.285
  1.000
 36.197
 30.375
  5.562
  2.859
  2.870
  1.000
  1.921
  8.362
  8.336
  7.388
  6.578
  8.390
  8.354
 11.092
  5.619
  3.718
  6.481
  1.000
  8.367
  7.441
  7.406
  4.683
  2.833
  1.000
  1.000
  1.000
  1.000
  1.000
  7.329
  1.000
  1.000
  1.000
  1.000
