 62.976
 65.695
 65.814
 64.279
 65.416
 65.815
 64.053
 64.577
 66.888
 66.263
 64.892
 65.674
 64.677
 66.096
 65.208
 65.981
 65.164
 64.281
 64.962
 66.022
 65.555
 65.633
 65.937
 65.618
 64.352
 65.803
 64.257
 63.883
 64.241
 64.012
 65.600
 65.583
 62.266
 61.475
 63.789
 64.310
 63.129
 59.667
 61.342
 58.968
 60.066
 58.588
 60.161
 59.485
 64.900
 61.763
 61.507
 61.380
 61.577
 60.614
 61.074
 59.654
 60.391
 61.973
 59.972
 61.075
 61.746
 59.787
 63.018
 62.428
 63.086
 60.373
 61.220
 61.153
  1.000
 13.871
 43.441
 58.681
 63.184
  1.801
  1.804
 26.825
 62.423
 61.678
 40.874
