 77.038
 78.847
 78.059
 78.823
 79.331
 79.251
 79.530
 79.258
 78.529
 79.513
 80.303
 79.450
 80.181
 80.444
 78.569
 80.088
 79.697
 79.614
 80.023
 80.064
 80.328
 78.034
 80.471
 80.152
 81.079
 79.419
 80.177
 80.463
 80.193
 79.084
 79.642
 79.098
 79.005
 77.233
 79.788
 79.808
 80.060
 78.745
 78.044
 77.621
 75.830
 76.187
 76.892
 79.872
 79.791
 77.423
 77.525
 78.426
 79.990
 79.356
 77.409
 80.543
 75.270
 77.233
 79.604
 77.973
 80.152
 77.377
 75.200
 79.390
 77.339
 78.128
 76.868
 79.852
 79.065
 79.956
 78.014
 75.843
 72.705
 77.633
 78.657
 76.641
 76.022
 75.775
 78.556
 73.748
 77.926
  1.000
 77.005
 77.820
 74.377
  1.808
  5.853
  2.630
 79.218
 79.186
 79.776
 78.702
 78.902
 78.236
 76.018
 77.050
