 10.354
 34.975
 13.990
 33.129
 42.492
 41.551
 47.028
 46.751
 24.789
 47.938
 46.174
 34.917
 42.523
 46.249
 27.479
 42.521
 38.625
 38.613
 44.148
 44.189
 46.188
 11.221
 48.085
 41.659
 47.816
 33.980
 49.518
 46.258
 46.109
 38.796
 38.508
 41.141
 42.317
  8.238
 41.297
 43.951
 41.608
 22.943
 11.114
 12.972
  8.328
  9.321
 10.222
 43.144
 34.772
 13.835
 13.783
 24.612
 44.153
 17.553
  5.531
 55.173
  3.755
 10.216
 34.828
 21.110
 44.992
 11.942
  7.457
 34.669
 12.908
 14.649
  5.530
 45.721
 41.160
 42.010
 11.924
  3.756
  1.000
 14.675
 33.706
  5.558
  2.906
  2.911
 21.201
  1.000
 15.544
  1.000
  3.721
 18.360
  1.000
  1.000
  1.000
  1.000
 41.545
 39.744
 40.585
 26.513
 32.590
 19.233
  1.000
  5.535
