 65.421
 65.483
 50.681
 61.294
 62.862
 62.581
 61.145
 65.062
 61.779
 63.045
 61.521
 64.016
 64.244
 61.982
 62.407
 63.651
 64.120
 52.492
 62.304
 61.512
 60.091
 55.834
 61.338
 60.157
 62.693
 60.989
 57.302
 62.226
 59.301
 63.461
 53.608
 63.327
 59.259
 62.501
 58.771
 49.432
 52.502
 63.779
 45.976
 53.975
 55.247
  1.855
 50.244
 62.347
 55.620
 60.861
 57.032
 41.377
 38.495
 55.365
 36.454
 50.612
 44.374
 60.152
  1.000
 63.334
 60.212
 54.208
 35.558
 17.490
  1.851
 17.667
 24.056
 35.145
 22.190
 60.691
 56.934
 55.110
 48.294
 45.323
 26.228
 33.141
  4.435
 27.436
 63.100
 28.151
 63.716
 40.760
 55.911
  1.000
  1.851
  1.000
  6.140
 60.265
  1.000
  1.000
  1.000
  1.851
