 60.485
 62.420
 62.532
 61.845
 62.935
 62.547
 62.399
 61.277
 63.649
 63.828
 61.588
 63.243
 62.201
 62.812
 62.740
 62.701
 62.695
 60.988
 62.500
 62.738
 62.269
 62.364
 62.652
 62.341
 61.070
 62.519
 60.978
 61.447
 60.958
 61.519
 62.325
 62.312
 58.976
 58.141
 60.443
 61.854
 59.800
 51.234
 58.854
 48.037
 59.246
 51.848
 57.660
 55.281
 60.792
 60.101
 59.858
 58.054
 59.947
 58.943
 58.591
 58.816
 52.890
 60.317
 59.150
 58.599
 60.934
 58.959
 60.551
 59.960
 60.605
 55.309
 59.558
 58.677
  1.000
  1.000
  1.000
 34.588
 60.714
  1.000
  1.000
  1.000
 59.978
 59.186
  3.559
