 63.586
 73.827
 73.009
 73.778
 74.293
 74.220
 77.008
 75.875
 75.153
 76.984
 77.806
 76.119
 77.694
 77.945
 74.351
 75.065
 75.539
 73.766
 77.523
 77.576
 77.829
 72.167
 77.977
 76.818
 77.768
 76.089
 77.676
 77.961
 77.704
 73.209
 76.306
 77.410
 74.810
 68.043
 77.296
 77.301
 75.888
 75.369
 73.829
 74.255
 58.322
 59.532
 68.582
 77.377
 76.438
 73.206
 74.152
 75.906
 77.507
 75.184
 67.377
 77.186
 47.793
 68.861
 77.114
 72.944
 77.646
 74.853
 54.322
 76.054
 74.829
 74.742
 68.434
 77.345
 77.379
 77.461
 74.680
 54.834
  8.808
 72.588
 72.759
 68.248
 54.074
 48.851
 76.018
 14.030
 75.392
  1.000
 71.194
 73.604
 20.768
  1.000
  1.000
  1.000
 74.195
 74.166
 74.770
 75.333
 73.026
 73.185
 57.580
 68.665
