 33.425
 40.485
 39.718
 45.181
 45.318
 36.938
 39.531
 43.697
 42.457
 42.653
 40.428
 37.744
 41.922
 42.548
 42.438
 41.634
 43.373
 38.883
 40.493
 40.715
 37.639
 38.573
 41.583
 37.723
 40.652
 40.501
 36.973
 34.139
 39.646
 37.681
 37.739
 38.557
 17.480
 21.948
 42.957
 38.026
 34.372
  6.530
 18.337
  5.558
 13.886
  1.000
 12.975
  9.257
 37.877
 15.719
 15.723
 18.247
 16.618
 18.483
 10.195
  7.370
  7.437
 31.194
  9.355
 10.235
 18.449
  8.353
 30.688
 12.909
 42.166
 16.547
  7.444
 10.072
  1.000
  1.000
  1.000
  1.000
 41.174
  1.000
  1.000
  1.000
 14.751
 21.164
  1.000
