 45.531
 63.400
 67.602
 72.581
 71.686
 70.614
 69.385
 67.703
 69.554
 68.594
 70.651
 65.505
 60.610
 73.462
 73.512
 66.798
 72.234
 74.566
 55.694
 70.387
 64.959
 71.664
 72.051
 72.563
 56.095
 73.721
 71.738
 74.396
 66.562
 71.851
 73.605
 69.657
 64.910
 70.305
 73.659
 66.763
 51.166
 70.175
 69.424
 70.736
 74.511
 65.246
 34.246
 17.675
 33.239
 26.509
 70.365
 78.018
 29.958
 53.126
 67.590
 71.172
 74.297
 54.087
 75.053
 12.257
 54.811
 70.151
 53.457
 65.435
 50.373
 28.088
 68.325
 38.436
 63.660
 28.548
 70.467
 70.122
 69.163
 56.900
 26.015
  5.278
 59.319
 63.540
 37.358
 21.812
 22.684
 67.456
  6.152
 59.229
  1.000
 47.525
 54.986
  3.558
  1.000
  1.000
  1.000
 67.758
 68.020
 70.723
 56.865
 52.264
 68.568
 66.726
 40.642
 32.125
 20.747
 59.348
  1.000
  1.861
  1.000
  1.861
  1.000
  1.000
  1.000
  1.000
  1.000
