  6.597
  9.280
 19.387
 37.615
 37.654
 30.576
 32.761
 19.389
 19.494
 17.668
 30.278
 12.830
  4.656
 34.027
 38.655
 33.758
 35.692
 39.646
  3.769
 33.786
 34.492
 39.365
 35.538
 36.763
  6.504
 41.451
 35.958
 38.508
 32.688
 36.050
 37.770
 35.668
 25.552
 34.635
 14.703
 28.373
  1.000
 32.748
 33.708
 36.763
  7.434
  5.562
  7.401
  2.836
  5.620
  6.483
 33.737
  7.439
  6.492
  3.745
  1.000
 35.523
  6.524
  2.812
 26.530
  1.000
  5.559
 33.661
 11.019
 29.658
  1.915
  3.796
 32.612
  6.438
  2.820
  1.000
 33.659
 16.502
  4.657
  3.710
  2.812
  1.000
  4.724
  9.194
  2.804
  2.881
  2.888
  4.673
  1.000
  3.776
  1.000
  1.000
  3.770
  1.000
  1.000
  1.000
  1.000
 17.676
 36.667
  3.752
 26.519
  1.903
 18.534
  5.546
  1.000
  1.000
  1.000
  4.738
  1.000
  1.000
  1.000
  1.000
  1.000
  1.000
  1.000
  1.000
  1.000
