 78.775
 80.964
 83.439
 86.744
 86.705
 85.580
 86.067
 83.554
 81.241
 81.906
 84.861
 82.979
 81.506
 84.330
 86.856
 85.968
 85.543
 87.088
 79.685
 84.607
 84.095
 86.654
 84.552
 86.725
 79.486
 87.082
 86.740
 86.888
 84.974
 84.360
 87.765
 84.709
 82.371
 85.345
 83.667
 84.236
 78.632
 85.992
 86.913
 86.565
 82.787
 81.066
 80.316
 75.740
 77.206
 77.398
 86.227
 83.738
 80.036
 80.787
 82.640
 84.492
 82.566
 78.098
 85.838
 67.801
 79.827
 85.978
 80.185
 84.628
 80.572
 72.984
 85.832
 79.466
 81.993
 78.649
 86.295
 83.490
 82.530
 80.298
 78.586
 51.526
 80.991
 81.041
 79.912
 80.007
 78.268
 82.425
 55.849
 80.966
  1.000
 78.290
 80.860
 71.651
  4.270
  3.413
  2.617
 81.109
 85.551
 82.369
 80.268
 81.309
 81.078
 82.476
 79.600
 76.825
 75.645
 80.181
  2.639
 30.612
  1.000
  4.277
 48.383
  1.000
  2.640
  1.000
 31.364
