 85.516
 83.822
 86.493
 91.690
 91.475
 90.684
 90.642
 90.806
 90.390
 90.682
 91.734
 90.477
 91.724
 90.521
 90.710
 90.425
 90.465
 91.611
 90.753
 90.492
 90.376
 91.748
 90.539
 91.714
 90.325
 91.654
 91.706
 91.638
 90.449
 90.456
 90.640
 91.641
 91.432
 91.634
 90.314
 89.515
 90.586
 89.698
 91.263
 90.389
 91.386
 91.224
 91.205
 89.120
 91.270
 91.248
 91.263
 91.184
 91.154
 88.998
 87.063
 86.925
 91.200
 91.387
 91.363
 90.134
 90.785
 90.260
 90.781
 91.230
 91.200
 90.388
 89.940
 89.810
 88.232
 89.370
 90.528
 90.038
 89.547
 90.324
 90.423
 88.767
 90.071
 91.135
 88.589
 90.616
 91.302
 91.109
 89.740
 91.032
 89.745
 77.912
 90.017
 90.325
 90.366
 89.535
 88.359
 91.298
 89.875
 84.793
 84.950
 90.107
 71.787
 37.107
