 84.819
 79.910
 81.475
 94.626
 93.491
 94.665
 94.826
 94.707
 94.783
 92.151
 94.716
 93.593
 91.668
 93.763
 94.868
 94.826
 93.836
 93.704
 94.808
 91.447
 94.794
 93.631
 94.879
 92.781
 93.982
 94.772
 93.078
 94.731
 94.706
 93.577
 91.687
 93.787
 91.454
 91.725
 94.571
 93.426
 92.821
 91.710
 93.614
 90.047
 91.363
 91.702
 93.708
 91.719
 91.281
 91.827
 91.313
 91.608
 91.402
 91.757
 91.795
 91.884
 91.718
 90.314
 90.896
 91.811
 86.412
 91.903
 89.981
 90.077
 91.381
 89.760
 90.334
 90.148
 86.376
 89.654
 91.319
 89.623
 92.878
 91.457
 91.459
 94.310
 92.430
 91.616
 91.700
 93.323
 94.045
 90.157
 91.089
 92.419
 90.520
 90.220
 88.591
 90.440
 91.709
 92.014
 90.240
 77.460
  3.728
 81.042
 40.123
 28.105
 83.751
 80.683
  8.245
 86.329
 65.536
  7.317
 21.753
 87.750
 78.454
