 94.402
 95.123
 98.544
 98.749
 98.356
 98.567
 98.625
 98.419
 97.869
 98.543
 98.712
 98.798
 98.518
 98.670
 98.631
 98.643
 98.669
 98.770
 98.068
 98.445
 98.266
 98.738
 98.638
 98.773
 97.965
 97.921
 97.666
 98.767
 97.959
 98.657
 98.637
 98.383
 97.215
 98.633
 97.976
 97.962
 98.400
 97.603
 97.884
 97.602
 98.012
 98.530
 98.526
 97.832
 98.508
 98.187
 98.566
 97.973
 98.472
 97.278
 98.401
 98.196
 97.856
 97.724
 98.339
 97.800
 97.130
 97.859
 97.681
 96.389
 97.499
 97.793
 97.462
 98.374
 97.839
 97.992
 96.960
 96.346
 96.365
 96.992
 97.965
 97.889
 97.547
 97.234
 97.574
 97.699
 97.577
 98.126
 98.206
 97.070
 97.869
 96.915
 96.955
 96.879
 96.871
 91.583
 98.163
 87.571
 97.616
 94.279
 92.224
 90.747
 98.282
 94.317
 93.952
 89.050
 94.654
 92.478
 90.269
 86.569
 95.143
 91.773
