 93.550
 89.533
 92.851
 97.304
 97.070
 97.342
 97.504
 97.381
 97.466
 96.622
 97.389
 97.158
 97.016
 97.328
 97.551
 97.510
 97.412
 97.267
 97.485
 96.798
 97.475
 97.206
 97.557
 97.242
 97.561
 97.455
 97.559
 97.416
 97.388
 97.139
 97.046
 97.361
 96.790
 97.066
 97.261
 96.989
 96.371
 97.052
 97.183
 96.276
 96.708
 97.075
 97.273
 97.077
 96.630
 97.194
 96.673
 96.961
 96.731
 97.103
 97.147
 97.253
 96.203
 96.546
 97.146
 97.165
 95.231
 97.270
 96.213
 96.309
 96.737
 95.999
 96.579
 96.381
 95.257
 95.862
 96.660
 95.832
 96.455
 96.809
 96.815
 97.000
 95.975
 96.959
 97.061
 96.880
 96.732
 96.385
 96.441
 95.959
 95.840
 96.451
 95.698
 95.775
 97.063
 96.459
 95.523
 91.478
 84.276
 92.403
 88.342
 87.724
 89.942
 91.253
 85.507
 94.332
 91.275
 85.476
 85.899
 93.898
 90.703
