 88.165
 87.362
 88.246
 91.690
 91.475
 91.584
 91.542
 91.706
 91.286
 91.581
 91.734
 91.375
 91.724
 91.419
 91.610
 91.325
 91.360
 91.611
 91.652
 91.388
 91.271
 91.748
 91.435
 91.714
 91.220
 91.654
 91.706
 91.638
 91.347
 91.352
 91.540
 91.641
 91.432
 91.634
 91.214
 90.402
 91.486
 90.595
 91.263
 91.289
 91.386
 91.224
 91.205
 90.915
 91.270
 91.248
 91.263
 91.184
 91.154
 90.794
 89.726
 88.702
 91.200
 91.387
 91.363
 91.033
 90.785
 91.160
 90.781
 91.230
 91.200
 91.287
 90.839
 90.709
 90.024
 90.269
 91.425
 90.937
 90.447
 91.224
 90.423
 90.566
 90.967
 91.135
 90.382
 90.616
 91.302
 91.109
 90.640
 91.032
 90.643
 85.846
 90.917
 90.325
 90.366
 90.432
 90.148
 91.298
 90.772
 88.323
 87.611
 91.005
 85.148
 84.475
