 83.897
 85.424
 94.962
 95.166
 94.774
 95.883
 95.046
 94.852
 94.295
 94.974
 95.126
 96.112
 94.953
 95.088
 95.053
 95.064
 95.090
 96.083
 94.512
 94.881
 94.715
 95.155
 95.054
 95.189
 94.410
 94.386
 94.134
 96.082
 94.424
 95.070
 95.948
 94.807
 91.874
 95.046
 94.412
 94.406
 94.836
 94.062
 94.334
 92.283
 94.470
 94.960
 94.956
 94.273
 96.716
 94.634
 95.886
 94.404
 94.904
 91.059
 94.827
 94.646
 94.310
 94.182
 94.780
 94.252
 93.569
 94.295
 94.131
 90.135
 93.949
 94.237
 93.909
 94.801
 94.284
 95.321
 92.520
 88.404
 91.042
 93.455
 94.390
 94.346
 93.974
 95.458
 95.782
 94.143
 94.903
 94.564
 94.638
 93.502
 94.313
 91.551
 93.399
 92.448
 92.427
 76.538
 94.597
  3.728
 94.060
 81.971
 84.305
 77.480
 95.606
 87.322
 86.057
  8.253
 87.579
 79.259
 14.549
  4.642
 89.861
 79.415
