124.252
110.296
125.506
120.205
129.510
129.047
129.468
129.183
129.205
129.348
129.453
129.327
128.642
129.228
129.347
129.420
129.387
129.188
129.405
128.505
128.496
129.550
129.278
129.041
129.534
129.393
128.236
128.192
129.438
129.612
127.908
129.595
129.551
128.555
128.878
129.191
129.593
127.577
127.883
127.839
128.630
128.571
128.540
128.476
128.036
128.625
129.358
126.939
127.503
128.710
128.456
129.058
127.463
128.079
126.913
129.058
127.760
128.683
124.242
127.534
128.839
128.812
127.436
128.125
127.338
126.502
128.634
128.435
128.067
128.022
127.116
128.129
109.842
117.675
113.248
124.108
119.407
127.491
128.100
128.364
128.264
114.988
114.177
109.830
126.814
117.753
126.760
104.408
127.805
128.139
110.422
127.164
127.516
114.051
126.775
114.072
120.831
100.556
100.270
113.132
118.196
121.017
107.416
104.462
121.267
114.381
117.165
126.805
120.229
106.857
128.259
118.679
120.107
111.347
120.534
118.979
102.017
 96.348
114.769
109.470
114.817
122.074
119.335
122.025
110.563
127.067
105.237
122.139
 99.756
 96.436
127.763
116.090
127.214
102.435
105.755
118.401
119.712
 92.789
