 82.335
 80.803
 86.191
 82.836
100.311
 98.955
 99.374
100.880
 98.336
 99.280
 99.331
 99.255
 98.578
100.100
 99.287
 99.338
 99.338
 99.195
 99.320
 94.243
 94.201
101.223
100.943
 97.334
 99.467
 99.261
 90.326
 90.483
 99.398
100.370
 90.199
 99.494
 99.405
 94.300
 97.000
100.913
104.770
 89.814
 88.289
 94.350
 91.530
 96.804
 93.265
 94.020
 92.095
 95.230
103.640
 88.184
 89.652
 99.635
 95.034
 97.340
 93.409
 93.789
 84.636
 99.059
 86.163
 92.555
 84.108
 87.941
 95.311
 95.224
 87.847
 93.712
 85.932
 84.567
 93.311
 94.884
 93.808
 94.500
 85.851
 96.255
  6.502
 23.947
 19.299
 70.905
 16.473
 86.883
 96.366
 92.095
 97.234
 13.742
 17.529
  6.502
 88.073
 21.966
 91.016
  7.356
 90.814
 92.142
  8.268
 86.632
 93.017
 58.350
 83.784
 13.800
 54.430
  8.248
 11.995
  6.497
 19.270
 78.919
 10.081
  4.686
 60.920
 68.603
 15.607
 84.664
  5.530
 12.009
 93.029
 10.115
 79.716
 52.145
 24.691
 72.368
  9.247
 12.872
 11.951
 12.854
 10.145
 17.308
 78.914
 63.863
  8.225
 90.313
  7.420
 67.528
 62.948
  5.542
 88.784
 82.252
 90.082
 21.161
 15.727
 50.381
 47.407
 10.095
