125.089
123.798
126.354
125.290
129.510
129.047
129.468
129.183
129.205
129.348
129.453
129.327
128.642
129.228
129.347
129.420
129.387
129.188
129.405
128.505
128.496
129.550
129.278
129.041
129.534
129.393
128.236
128.192
129.438
129.612
127.908
129.595
129.551
128.555
128.878
129.191
129.593
127.577
127.883
127.839
128.630
128.571
128.540
128.476
128.036
128.625
129.358
126.939
127.503
128.710
128.456
129.058
127.463
128.079
126.913
129.058
127.760
128.683
125.941
127.534
128.839
128.812
127.436
128.125
127.338
126.502
128.634
128.435
128.067
128.022
127.116
128.129
120.718
122.716
121.603
124.108
122.802
127.491
128.100
128.364
128.264
121.677
121.708
120.704
126.814
122.802
126.760
120.294
127.805
128.139
120.458
127.164
127.516
123.323
126.775
121.599
123.345
119.752
120.396
121.533
122.400
124.396
120.811
120.392
123.806
123.662
122.211
126.805
121.919
120.250
128.259
122.049
124.337
123.116
123.071
124.050
119.577
120.409
121.506
120.338
121.509
122.923
124.412
123.723
120.652
127.067
120.335
123.838
122.366
119.782
127.763
125.378
127.214
121.676
121.691
123.480
123.098
119.352
