  -1.379   -3.046 
  -1.164   -3.108 
  -1.238   -2.999 
  -1.457   -3.114 
  -1.425    3.035 
  -1.401   -3.127 
  -1.477    3.129 
  -1.231   -3.001 
  -1.154   -3.116 
  -1.576    3.006 
  -1.121    2.845 
  -1.286    3.137 
  -1.625    2.998 
  -1.506    2.922 
  -1.501    2.589 
  -1.262    2.480 
  -1.343    3.030 
  -1.225    2.906 
  -1.350    3.073 
  -1.322    2.974 
  -1.211    3.078 
  -0.889    2.852 
  -1.102    2.791 
  -1.182    2.841 
  -1.410    2.631 
  -1.391    2.473 
  -1.105    2.263 
  -1.138    2.450 
  -1.187    2.641 
  -1.134    2.758 
  -1.286    2.785 
  -1.635    2.890 
  -1.672    2.996 
  -1.978    3.097 
  -1.785    3.046 
  -1.695    2.967 
  -1.569   -3.041 
  -1.159    3.034 
  -1.153    3.052 
  -1.399    2.816 
  -1.723    2.618 
  -1.524    2.679 
  -1.069    2.481 
  -1.417    2.605 
  -1.868    3.022 
  -2.417    2.924 
  -1.925    2.939 
  -1.479    2.690 
  -1.574    2.760 
  -1.805    2.707 
  -1.859    2.613 
  -1.304    2.816 
  -1.067    2.636 
  -1.391    2.484 
  -1.552    2.561 
  -1.727    2.792 
  -2.013    2.489 
  -2.436    2.267 
  -2.311    2.680 
  -2.032    2.735 
  -1.921    2.717 
  -2.235    2.855 
  -2.339   -3.130 
  -2.287    3.007 
  -2.113    2.586 
  -2.442    2.573 
  -2.220    2.859 
  -2.632    2.932 
  -2.377    2.931 
  -2.837    2.832 
  -2.772    2.941 
  -2.690    2.810 
  -2.507    2.938 
  -2.602    3.008 
  -2.045   -3.044 
  -1.959    3.028 
  -2.603    2.644 
  -2.448    2.642 
  -2.460    2.589 
  -2.580    2.423 
  -2.365    2.434 
  -2.486    2.754 
  -2.733    2.768 
  -2.858    3.051 
  -2.672    3.032 
  -2.609   -3.136 
  -2.482    2.829 
  -2.826    2.399 
  -2.034    2.409 
  -1.801    2.436 
  -1.639    2.614 
  -1.790    2.679 
  -1.759    2.924 
  -1.587    2.967 
  -1.698    2.818 
  -1.569    2.604 
  -1.606    2.750 
  -1.527    2.867 
  -1.465    2.954 
  -1.285    2.905 
  -1.454    2.679 
  -1.508    2.990 
  -1.587    2.955 
  -1.451    2.979 
  -1.071    2.705 
  -1.018    2.692 
  -1.232    2.518 
  -1.249    2.636 
  -1.192    2.621 
  -1.377    2.640 
  -1.183    2.607 
  -0.978    2.445 
  -1.020    2.262 
  -1.289    2.243 
  -0.971    2.415 
  -1.147    2.644 
  -1.245    2.494 
  -1.100    2.144 
  -1.210    2.161 
  -1.223    2.214 
  -1.552    2.331 
  -1.177    2.473 
  -1.011    2.360 
  -0.955    1.880 
  -1.100    2.259 
  -0.640    2.244 
  -0.900    2.529 
  -0.933    2.380 
  -0.999    2.480 
  -1.087    2.412 
  -1.048    2.568 
  -1.241    2.696 
  -1.187    2.894 
  -0.764    2.621 
  -1.454    2.699 
  -1.016    2.765 
  -1.158    2.678 
  -0.960    2.365 
  -1.170    2.494 
  -1.607    2.860 
  -1.518    2.853 
  -1.390    2.547 
  -1.750    2.409 
  -1.764    2.573 
  -1.598    2.695 
  -1.538    2.424 
  -1.481    2.305 
  -1.285    2.395 
  -1.181    2.928 
  -1.425    3.030 
  -2.091    2.944 
  -1.673    2.740 
  -1.529    2.932 
  -1.592    3.082 
  -1.394    2.676 
  -1.910    2.577 
  -1.761    3.028 
  -1.675    3.043 
  -1.517    3.018 
  -1.016    3.090 
  -1.166    2.917 
  -1.176    2.717 
  -1.215    2.928 
  -1.505   -3.059 
  -1.806    3.141 
  -1.998    2.899 
  -2.353    2.833 
  -2.188    2.999 
  -2.504    2.848 
  -2.249    3.112 
  -1.939    3.026 
  -1.943    2.853 
  -2.331    2.836 
  -2.678    2.876 
  -2.629    2.914 
  -2.715    2.531 
  -2.156    2.589 
  -1.798    2.859 
  -1.750    2.708 
  -1.980    2.731 
  -1.903    2.828 
  -1.838    2.814 
  -1.487    2.892 
  -1.760    2.914 
  -2.029    3.044 
  -2.047    2.860 
  -1.712    3.095 
  -1.874    2.807 
  -2.239    2.749 
  -1.885    2.825 
  -1.804    2.697 
  -1.480    2.733 
  -1.913    2.829 
  -1.975    2.790 
  -1.721    2.494 
  -1.456    2.759 
  -2.341    2.898 
  -2.408    2.968 
  -2.151    2.895 
  -1.971    2.783 
  -1.835    3.060 
  -2.239    3.010 
  -2.669    2.915 
  -2.058    2.805 
  -2.046    2.810 
  -1.832    3.068 
  -2.202    2.874 
  -2.297    2.769 
  -2.576    2.747 
  -2.464    2.894 
  -2.802    2.988 
  -2.574    2.597 
  -2.238    2.939 
  -2.412    3.044 
  -2.743    2.702 
  -2.192    2.672 
  -2.203    2.509 
  -2.340    2.692 
  -2.640    2.666 
  -2.500    2.700 
  -2.462    3.124 
  -2.243   -3.008 
  -2.332    2.908 
  -2.333    2.449 
  -2.235    2.590 
  -2.192    2.882 
  -2.216    2.589 
  -2.173    2.862 
  -2.374    2.530 
  -2.305    2.609 
  -2.429    2.681 
  -2.575    2.931 
  -2.826    2.982 
  -2.728   -3.070 
  -2.431    2.783 
  -1.806    2.577 
  -1.656    2.766 
  -1.323    2.742 
  -1.531    2.622 
  -1.537    2.317 
  -1.824    2.388 
  -1.693    2.387 
  -1.664    2.413 
  -1.701    2.343 
  -1.715    2.276 
  -1.414    2.521 
  -1.031    2.622 
  -1.456    2.450 
  -1.530    2.359 
  -1.300    2.704 
  -1.826    2.463 
  -2.145    2.425 
  -1.714    2.359 
  -1.337    2.298 
  -1.279    1.794 
  -1.817    1.648 
  -2.164    1.479 
  -2.146    1.326 
  -2.546    1.125 
  -2.341    0.839 
  -2.416    0.693 
  -2.918    0.595 
  -2.587    0.714 
  -2.692    0.570 
  -2.581    0.157 
  -2.302   -0.337 
  -2.351   -0.075 
  -2.624    0.435 
  -2.624    0.573 
  -2.613    0.290 
  -2.588    0.010 
  -2.294    0.234 
  -2.478    0.407 
  -2.534    0.194 
  -2.365    0.216 
  -2.352   -0.064 
  -2.319    0.072 
  -2.893   -0.221 
  -2.600   -0.231 
  -2.053   -0.253 
  -1.535   -0.249 
  -1.632   -0.788 
  -1.332   -0.436 
  -1.104   -0.297 
  -0.674   -0.398 
  -1.578   -0.244 
  -2.056   -0.095 
  -2.295    0.053 
  -2.263    0.331 
  -2.384    0.315 
  -2.347    0.409 
  -2.526    0.063 
  -2.079    0.117 
  -2.512    0.469 
  -2.711    0.523 
  -2.351    0.252 
  -2.360    0.189 
  -2.276    0.386 
  -2.145    0.160 
  -2.269    0.036 
  -2.378    0.153 
  -2.205    0.498 
  -2.125    0.418 
  -2.241    0.274 
  -1.845    0.349 
  -1.578    0.325 
  -1.391   -0.286 
  -1.299   -0.586 
  -1.015   -0.361 
  -1.330   -0.039 
  -1.354   -0.143 
  -1.051   -0.648 
  -1.140   -0.458 
  -1.239    0.007 
  -1.204   -0.077 
  -1.405   -0.161 
  -1.144   -0.273 
  -1.127   -0.332 
  -1.038   -0.220 
  -1.284    0.213 
  -1.597    0.149 
  -1.549    0.188 
  -1.623    0.258 
  -1.907    0.527 
  -1.575    0.796 
  -1.261    0.522 
  -1.518    0.380 
  -1.395    0.665 
  -1.486    0.319 
  -1.385    0.057 
  -1.051   -0.335 
  -1.110   -0.452 
  -1.101   -0.210 
  -1.374   -0.198 
  -1.011   -0.206 
  -1.254   -0.095 
  -1.137   -0.279 
  -1.568   -0.241 
  -1.357   -0.033 
  -1.060   -0.206 
  -0.795   -0.428 
  -0.919   -0.435 
  -1.326   -0.127 
  -1.707   -0.041 
  -1.542   -0.192 
  -1.217   -0.285 
  -1.385   -0.123 
  -1.610   -0.044 
  -1.488   -0.463 
  -1.039   -0.644 
  -1.175   -0.395 
  -1.139   -0.376 
  -1.334   -0.175 
  -1.402   -0.131 
  -1.291   -0.141 
  -1.264   -0.161 
  -1.470   -0.285 
  -1.026   -0.608 
  -1.160   -0.417 
  -1.219   -0.409 
  -1.585   -0.344 
  -1.542   -0.306 
  -1.415   -0.263 
  -1.288   -0.183 
  -1.592   -0.089 
  -1.645   -0.300 
  -1.661    0.158 
  -1.593    0.574 
  -1.608    0.562 
  -1.739    0.286 
  -1.531   -0.084 
  -1.262   -0.165 
  -1.187    0.064 
  -1.130    0.353 
  -1.690    0.318 
  -1.500   -0.136 
  -1.419   -0.366 
  -1.419   -0.613 
  -1.645   -0.435 
  -1.957   -0.325 
  -2.200   -0.300 
  -1.824   -0.457 
  -2.011   -0.712 
  -2.378   -0.685 
  -2.277   -0.834 
  -2.150   -0.627 
  -2.180   -0.733 
  -2.325    0.065 
  -2.350    0.536 
  -2.213   -0.009 
  -2.592   -0.367 
  -2.645    0.102 
  -2.619    0.123 
  -2.578    0.021 
  -2.698    0.141 
  -2.676    0.242 
  -2.333    0.080 
  -2.501   -0.063 
  -2.502   -0.015 
  -2.200    0.204 
  -2.627    0.277 
  -2.685    0.290 
  -2.558    0.018 
  -2.731    0.106 
  -2.585   -0.303 
  -2.621   -0.333 
  -2.734   -0.132 
  -2.644    0.237 
  -2.472    0.162 
  -2.578    0.200 
  -2.842    0.193 
  -2.727    0.282 
  -2.492   -0.063 
  -2.250   -0.113 
  -2.331    0.346 
  -2.402    0.495 
  -2.320    0.374 
  -2.443    0.295 
  -2.501    0.126 
  -2.801    0.100 
  -2.561    0.083 
  -2.197   -0.357 
  -2.105   -0.635 
  -2.314   -0.509 
  -2.375   -0.256 
  -2.645   -0.264 
  -2.354   -0.172 
  -2.593   -0.063 
  -2.375   -0.187 
  -2.353   -0.002 
  -2.195    0.075 
  -2.497    0.153 
  -2.283   -0.039 
  -2.129   -0.154 
  -1.449   -0.319 
  -1.454    0.103 
  -1.473   -0.344 
  -1.494   -0.088 
  -1.655    0.171 
  -1.495    0.182 
  -1.777    0.459 
  -1.622    0.208 
  -1.592   -0.247 
  -1.635    0.085 
  -1.565    0.106 
  -1.412    0.204 
  -1.764    0.063 
  -2.001    0.196 
  -2.109    0.195 
  -1.819    0.126 
  -1.578    0.205 
  -1.392    0.054 
  -1.656   -0.198 
  -1.743   -0.045 
  -1.676    0.077 
  -1.038   -0.324 
  -1.224   -0.303 
  -1.301   -0.311 
  -1.155   -0.376 
  -1.475   -0.294 
  -1.591   -0.244 
  -1.854   -0.115 
  -2.020   -0.382 
  -1.358   -0.622 
  -1.656   -0.674 
  -1.595   -0.498 
  -1.087   -0.512 
  -1.321   -0.590 
  -1.805   -0.309 
  -1.569   -0.443 
  -1.621   -0.517 
  -1.863   -0.428 
  -1.386   -0.592 
  -1.379   -0.902 
  -1.427   -0.747 
  -1.283   -0.771 
  -1.289   -0.678 
  -1.221   -0.723 
  -1.274   -0.603 
  -1.012   -0.784 
  -1.202   -0.794 
  -1.172   -1.234 
  -0.987   -1.049 
  -1.458   -0.587 
  -1.081   -0.257 
  -1.324   -0.161 
  -1.149   -0.431 
  -1.515   -0.177 
  -1.743    0.425 
  -1.913    0.246 
  -2.034    0.006 
  -2.166   -0.378 
  -2.378   -0.125 
  -2.017    0.000 
  -1.895    0.015 
  -1.676   -0.068 
  -1.557   -0.350 
  -1.264   -0.254 
  -1.191   -0.147 
  -1.262   -0.174 
  -1.821    0.091 
  -1.971    0.082 
  -2.168   -0.221 
  -2.015   -0.606 
  -1.613   -0.819 
  -1.783   -0.518 
  -1.883   -0.184 
  -2.104   -0.298 
  -1.917   -0.430 
  -1.819   -0.250 
  -1.610   -0.360 
  -1.886   -0.402 
  -2.020   -0.289 
  -1.993   -0.466 
  -1.561   -0.625 
  -1.225   -0.572 
  -1.027   -0.869 
  -1.270   -0.663 
  -1.259   -0.102 
  -1.242   -0.153 
  -1.439   -0.204 
  -1.264   -0.478 
  -1.177   -0.444 
  -1.372   -0.132 
  -1.543   -0.348 
  -1.529   -0.495 
  -1.758    0.049 
  -1.948    0.613 
  -1.887    0.923 
  -1.620    0.646 
  -1.493    0.401 
  -1.698    0.401 
  -1.702   -0.001 
  -1.505   -0.049 
  -1.558    0.101 
  -1.336    0.201 
  -1.616    0.199 
  -1.907   -0.005 
  -1.966    0.038 
  -1.954    0.062 
  -1.592    0.104 
  -1.243   -0.045 
  -1.563    0.094 
  -1.653   -0.180 
  -1.589   -0.227 
  -1.512   -0.202 
  -1.599   -0.068 
  -1.411    0.094 
  -1.332    0.041 
  -1.298   -0.106 
  -1.488   -0.370 
  -1.298   -0.174 
  -1.338   -0.223 
  -1.447   -0.276 
  -1.452    0.123 
  -1.581   -0.001 
  -1.460   -0.079 
  -1.277   -0.072 
  -1.113   -0.327 
  -1.065   -0.689 
  -1.376   -0.491 
  -1.383   -0.301 
  -1.227   -0.130 
  -1.170    0.080 
  -1.579   -0.225 
  -1.669   -0.380 
  -2.171   -0.465 
  -2.002   -0.502 
  -1.929   -0.631 
  -1.520   -0.755 
  -1.771   -0.757 
  -1.534   -0.713 
  -1.282   -0.649 
  -1.155   -0.378 
  -1.460   -0.379 
  -1.147   -0.175 
  -1.322   -0.178 
  -1.362   -0.036 
  -1.585   -0.097 
  -1.200    0.034 
  -1.309    0.037 
  -1.330   -0.350 
  -1.252   -0.509 
  -1.253   -0.353 
  -1.194   -0.470 
  -1.123   -0.588 
  -1.134   -0.036 
  -1.062   -0.066 
  -1.391    0.285 
  -1.593    0.257 
  -1.764    0.371 
  -1.961    0.321 
  -1.824    0.223 
  -1.778    0.267 
  -1.422    0.111 
  -2.027    0.264 
  -2.215    0.456 
  -1.760    0.270 
  -1.528    0.071 
  -1.937    0.098 
  -1.632    0.187 
  -1.611    0.088 
  -1.618   -0.113 
  -1.894   -0.102 
  -1.915   -0.104 
  -2.163   -0.047 
  -2.184   -0.361 
  -1.380   -0.737 
  -1.653   -0.439 
  -2.245    0.130 
  -2.665    0.292 
  -2.447    0.175 
  -2.586    0.084 
  -2.786    0.176 
  -2.512   -0.084 
  -2.678    0.157 
  -2.555    0.220 
  -2.041    0.107 
  -2.109   -0.104 
  -2.390   -0.158 
  -2.215    0.334 
  -2.453    0.451 
  -3.037    0.294 
  -2.721    0.295 
  -2.582   -0.051 
  -2.596    0.040 
  -2.810   -0.201 
  -2.729   -0.034 
  -2.480    0.054 
  -2.108    0.086 
  -2.163   -0.072 
  -2.375   -0.518 
  -2.676   -0.262 
  -2.578   -0.056 
  -2.575   -0.048 
  -2.640   -0.217 
  -2.834   -0.317 
  -2.805   -0.404 
  -2.883   -0.027 
  -2.245   -0.066 
  -2.234    0.058 
  -2.613   -0.115 
  -2.763   -0.041 
  -2.583    0.056 
  -2.441   -0.269 
  -2.058   -0.476 
  -2.320   -0.502 
  -2.857   -0.917 
  -2.575   -0.760 
  -2.603   -0.493 
  -2.366   -0.387 
  -2.734   -0.599 
  -2.535   -0.283 
  -2.504   -0.546 
  -2.321   -0.244 
  -2.676   -0.481 
  -2.574   -0.495 
  -2.139   -0.973 
  -2.371   -0.875 
  -2.466   -0.539 
  -2.739   -0.823 
  -2.208   -0.986 
  -2.446   -0.518 
  -2.796   -0.571 
  -2.518   -0.829 
  -2.481   -0.990 
  -2.147   -0.825 
  -2.287   -0.663 
  -2.825   -1.221 
  -2.562   -1.198 
  -2.284   -1.389 
  -2.026   -1.384 
  -2.186   -1.357 
  -2.243   -1.405 
  -2.639   -1.427 
  -2.635   -1.323 
  -2.585   -0.777 
  -2.488   -0.778 
  -2.029   -0.946 
  -2.282   -0.746 
  -2.826   -1.135 
  -2.011   -1.229 
  -1.858   -1.327 
  -2.106   -1.338 
  -2.719   -1.242 
  -2.377   -1.032 
  -2.144   -1.317 
  -1.991   -1.075 
  -2.594   -1.283 
  -2.188   -1.129 
  -1.795   -1.191 
  -1.869   -1.328 
  -2.176   -0.952 
  -2.647   -0.402 
  -2.447   -0.593 
  -2.226   -0.792 
  -2.050   -1.012 
  -2.018   -0.740 
  -1.841   -0.489 
  -1.778   -0.298 
  -1.392   -0.371 
  -1.315   -0.459 
  -0.984   -0.344 
  -1.147   -0.284 
  -1.065   -0.522 
  -1.022   -0.677 
  -1.176   -0.620 
  -0.834   -0.621 
  -1.130   -0.419 
  -1.666    0.260 
  -2.012    0.148 
  -1.962   -0.243 
  -1.868   -0.629 
  -1.817   -0.669 
  -1.342   -0.316 
  -1.093   -0.459 
  -0.894   -0.405 
  -1.493   -0.359 
  -1.684   -0.554 
  -1.466   -0.926 
  -1.228   -0.858 
  -1.209   -0.375 
  -1.276   -0.451 
  -1.490   -0.290 
  -1.758   -0.259 
  -1.570   -0.491 
  -1.307   -0.623 
  -0.925   -0.836 
  -1.262   -0.369 
  -1.351   -0.382 
  -1.226   -0.432 
  -0.952   -0.592 
  -1.312   -0.626 
  -1.079   -0.556 
  -1.178   -0.449 
  -1.039   -0.740 
  -1.143   -0.929 
  -1.156   -0.942 
  -1.319   -0.797 
  -1.184   -0.782 
  -1.184   -0.711 
  -1.037   -0.703 
  -1.246   -0.306 
  -1.232   -0.377 
  -1.314   -0.328 
  -1.562   -0.572 
  -1.371   -0.590 
  -1.235   -0.567 
  -1.035   -0.744 
  -0.780   -0.645 
  -1.003   -0.748 
  -0.944   -0.809 
  -0.782   -1.447 
  -1.497   -1.114 
  -1.939   -1.067 
  -1.936   -1.086 
  -1.610   -1.057 
  -1.104   -1.122 
  -1.379   -0.865 
  -1.114   -1.091 
  -1.280   -1.218 
  -1.233   -0.935 
  -1.404   -0.293 
  -1.084   -0.498 
  -0.952   -0.816 
  -1.330   -0.734 
  -1.355   -0.859 
  -1.346   -0.824 
  -1.650   -0.906 
  -1.969   -0.680 
  -2.066   -0.643 
  -2.235   -0.755 
  -2.033   -0.614 
  -2.391   -0.625 
  -2.272   -0.688 
  -1.999   -0.997 
  -1.861   -0.831 
  -1.603   -0.645 
  -1.277   -0.543 
  -1.646   -0.659 
  -2.022   -0.611 
  -1.886   -0.869 
  -2.248   -0.571 
  -2.229   -0.342 
  -2.125   -0.244 
  -2.191   -0.406 
  -2.658   -0.388 
  -2.486   -0.273 
  -2.327   -0.469 
  -2.242   -0.621 
  -2.324   -0.476 
  -2.672   -0.080 
  -2.473   -0.015 
  -2.202   -0.101 
  -2.299   -0.138 
  -1.844   -0.535 
  -2.057   -0.454 
  -2.563    0.173 
  -2.379    0.406 
  -1.761   -0.187 
  -1.680   -0.601 
  -1.157   -0.527 
  -1.179   -0.560 
  -1.238   -0.371 
  -1.048   -0.163 
  -1.353   -0.457 
  -1.518   -0.577 
  -1.859   -0.279 
  -1.854   -0.176 
  -2.231    0.183 
  -2.304   -0.064 
  -2.100    0.051 
  -2.368    0.043 
  -2.335    0.097 
  -2.554    0.004 
  -2.724   -0.028 
  -2.548   -0.065 
  -2.511    0.050 
  -2.514    0.039 
  -2.156   -0.008 
  -2.252   -0.229 
  -2.502   -0.244 
  -2.461    0.033 
  -2.359   -0.027 
  -2.452   -0.292 
  -2.246   -0.156 
  -2.095   -0.155 
  -2.479   -0.519 
  -2.627   -0.726 
  -2.419   -0.511 
  -2.587   -0.478 
  -2.673   -0.397 
  -2.055   -0.245 
  -1.739    0.088 
  -2.247   -0.046 
  -2.481   -0.072 
  -2.500    0.039 
  -2.869   -0.219 
  -2.495   -0.314 
  -2.561   -0.232 
  -2.775    0.433 
  -2.848    0.611 
  -2.719    0.280 
  -2.598   -0.077 
  -2.755    0.270 
  -2.675    0.296 
  -2.676    0.132 
  -2.563    0.133 
  -2.622    0.175 
  -1.941    0.306 
  -2.152    0.462 
  -2.550    0.402 
  -2.505    0.362 
  -2.194    0.673 
  -1.990    0.717 
  -2.153    0.625 
  -1.972    0.352 
  -1.608    0.112 
  -1.562    0.040 
  -1.735    0.432 
  -1.838    0.334 
  -1.109    0.049 
  -1.366   -0.053 
  -1.441   -0.547 
  -1.469   -0.758 
  -1.518   -0.754 
  -0.843   -0.718 
  -1.012   -0.573 
  -1.470   -0.478 
  -1.791   -0.522 
  -1.638   -0.228 
  -1.537   -0.123 
  -1.212   -0.166 
  -1.146   -0.311 
  -1.003   -0.499 
  -1.089   -0.119 
  -1.509   -0.041 
  -1.352   -0.132 
  -1.054   -0.251 
  -0.716   -0.489 
  -1.398   -0.304 
  -1.225   -0.457 
  -2.000   -0.127 
  -2.328   -0.144 
  -1.878   -0.239 
  -1.515   -0.317 
  -1.516   -0.233 
  -1.524   -0.113 
  -1.733    0.035 
  -1.628    0.171 
  -1.452   -0.231 
  -1.142   -0.520 
  -1.289   -0.432 
  -1.409   -0.299 
  -1.569   -0.412 
  -1.250   -0.235 
  -1.340   -0.236 
  -1.513   -0.080 
  -1.384   -0.233 
  -1.634   -0.111 
  -1.474    0.176 
  -1.328   -0.040 
  -1.425   -0.105 
  -1.676    0.383 
  -1.645    0.727 
  -1.477    0.812 
  -1.388    0.694 
  -1.329    0.364 
  -1.455    0.186 
  -1.687   -0.047 
  -1.663    0.390 
  -0.945    0.037 
  -1.340    0.247 
  -1.666    0.247 
  -1.951    0.380 
  -1.876    0.277 
  -1.870    0.332 
  -2.056    0.294 
  -2.049    0.362 
  -1.951    0.309 
  -1.644   -0.169 
  -1.676    0.153 
  -1.775    0.070 
  -1.933    0.259 
  -1.873   -0.036 
  -1.937   -0.220 
  -1.495   -0.313 
  -1.295   -0.258 
  -1.006   -0.269 
  -1.270    0.230 
  -1.322    0.169 
  -1.187    0.305 
  -1.470    0.463 
  -1.240    0.070 
  -1.111   -0.050 
  -1.569   -0.014 
  -1.243    0.253 
  -1.417    0.656 
  -1.542    0.820 
  -1.476    0.731 
  -1.336    0.899 
  -1.574    1.167 
  -1.459    1.056 
  -1.525    1.115 
  -1.346    1.206 
  -1.274    1.226 
  -1.435    1.143 
  -1.787    1.008 
  -1.768    0.823 
  -1.554    0.642 
  -1.565    1.097 
  -1.356    1.195 
  -1.323    1.099 
  -1.368    1.251 
  -1.380    1.111 
  -1.355    0.995 
  -1.469    0.824 
  -1.443    0.107 
  -1.392   -0.095 
  -1.580    0.008 
  -1.715   -0.068 
  -1.572    0.178 
  -1.404    0.533 
  -1.316    0.568 
  -1.453    0.629 
  -1.648    0.115 
  -1.720   -0.350 
  -1.651   -0.381 
  -1.427   -0.002 
  -1.744   -0.159 
  -1.720   -0.226 
  -1.631   -0.186 
  -1.833    0.012 
  -1.762    0.090 
  -1.618   -0.194 
  -1.511   -0.263 
  -1.294   -0.255 
  -1.308    0.069 
  -1.486   -0.384 
  -1.619   -0.608 
  -1.755   -0.600 
  -2.224    0.031 
  -1.932   -0.271 
  -1.706   -0.451 
  -1.672   -0.275 
  -1.917   -0.273 
  -1.604   -0.166 
  -1.658   -0.166 
  -1.940    0.077 
  -2.211    0.060 
  -2.390    0.069 
  -2.671   -0.242 
  -2.246   -0.031 
  -2.124   -0.010 
  -2.473    0.463 
  -2.283    0.430 
  -2.303   -0.141 
  -2.504   -0.389 
  -2.304   -0.450 
  -1.829   -0.540 
  -1.510   -0.412 
