         138
   0 .1175799E+02  85.0453
   1 .1872812E+01  98.5913
   2 .2669799E-01  98.7844
   3 .2275483E-01  98.9490
   4 .1675446E-01  99.0702
   5 .1319891E-01  99.1656
   6 .1234985E-01  99.2550
   7 .9273290E-02  99.3220
   8 .7244683E-02  99.3744
   9 .6039582E-02  99.4181
  10 .4946099E-02  99.4539
  11 .4226286E-02  99.4845
  12 .3838960E-02  99.5122
  13 .3573518E-02  99.5381
  14 .3299812E-02  99.5620
  15 .3257950E-02  99.5855
  16 .3091605E-02  99.6079
  17 .2946748E-02  99.6292
  18 .2890775E-02  99.6501
  19 .2661113E-02  99.6693
  20 .2549836E-02  99.6878
  21 .2296715E-02  99.7044
  22 .2222698E-02  99.7205
  23 .2170618E-02  99.7362
  24 .1882554E-02  99.7498
  25 .1869514E-02  99.7633
  26 .1800077E-02  99.7763
  27 .1683118E-02  99.7885
  28 .1580889E-02  99.7999
  29 .1495043E-02  99.8108
  30 .1468829E-02  99.8214
  31 .1324435E-02  99.8310
  32 .1315409E-02  99.8405
  33 .1238332E-02  99.8494
  34 .1114484E-02  99.8575
  35 .1057117E-02  99.8651
  36 .9776814E-03  99.8722
  37 .9122955E-03  99.8788
  38 .8408100E-03  99.8849
  39 .7364238E-03  99.8902
  40 .6975474E-03  99.8953
  41 .6491355E-03  99.9000
  42 .6250048E-03  99.9045
  43 .6025861E-03  99.9088
  44 .5670329E-03  99.9129
  45 .5428468E-03  99.9169
  46 .5023772E-03  99.9205
  47 .4805125E-03  99.9240
  48 .4642049E-03  99.9273
  49 .4416716E-03  99.9305
  50 .4232299E-03  99.9336
  51 .4184152E-03  99.9366
  52 .4006578E-03  99.9395
  53 .3761574E-03  99.9422
  54 .3584198E-03  99.9448
  55 .3374314E-03  99.9473
  56 .3169204E-03  99.9496
  57 .3081156E-03  99.9518
  58 .2811425E-03  99.9538
  59 .2627750E-03  99.9557
  60 .2548552E-03  99.9576
  61 .2450006E-03  99.9593
  62 .2351793E-03  99.9610
  63 .2010949E-03  99.9625
  64 .1928952E-03  99.9639
  65 .1855556E-03  99.9652
  66 .1786282E-03  99.9665
  67 .1644659E-03  99.9677
  68 .1597970E-03  99.9689
  69 .1484472E-03  99.9699
  70 .1385249E-03  99.9709
  71 .1194248E-03  99.9718
  72 .1144438E-03  99.9726
  73 .1075088E-03  99.9734
  74 .1011968E-03  99.9741
  75 .9608903E-04  99.9748
  76 .9006220E-04  99.9755
  77 .8785895E-04  99.9761
  78 .8414539E-04  99.9767
  79 .7860088E-04  99.9773
  80 .7577892E-04  99.9779
  81 .7205656E-04  99.9784
  82 .6936734E-04  99.9789
  83 .6572421E-04  99.9794
  84 .6429647E-04  99.9798
  85 .6188439E-04  99.9803
  86 .6071079E-04  99.9807
  87 .6022872E-04  99.9811
  88 .5807262E-04  99.9816
  89 .5686410E-04  99.9820
  90 .5476130E-04  99.9824
  91 .5430781E-04  99.9828
  92 .5344555E-04  99.9831
  93 .5201236E-04  99.9835
  94 .5104127E-04  99.9839
  95 .5021066E-04  99.9843
  96 .4914533E-04  99.9846
  97 .4719931E-04  99.9850
  98 .4713092E-04  99.9853
  99 .4596979E-04  99.9856
 100 .4244932E-04  99.9859
 101 .4137177E-04  99.9862
 102 .3978524E-04  99.9865
 103 .3943385E-04  99.9868
 104 .3875837E-04  99.9871
 105 .3811702E-04  99.9874
 106 .3720991E-04  99.9876
 107 .3670586E-04  99.9879
 108 .3607734E-04  99.9882
 109 .3389947E-04  99.9884
 110 .3279107E-04  99.9886
 111 .3255605E-04  99.9889
 112 .3094341E-04  99.9891
 113 .3088962E-04  99.9893
 114 .3033318E-04  99.9895
 115 .2879564E-04  99.9897
 116 .2864383E-04  99.9900
 117 .2749756E-04  99.9902
 118 .2648618E-04  99.9903
 119 .2634861E-04  99.9905
 120 .2568696E-04  99.9907
 121 .2522038E-04  99.9909
 122 .2424005E-04  99.9911
 123 .2366506E-04  99.9913
 124 .2312987E-04  99.9914
 125 .2227793E-04  99.9916
 126 .2141283E-04  99.9917
 127 .2098243E-04  99.9919
 128 .2089118E-04  99.9920
 129 .2046144E-04  99.9922
 130 .1993945E-04  99.9923
 131 .1973593E-04  99.9925
 132 .1935220E-04  99.9926
 133 .1882265E-04  99.9927
 134 .1849064E-04  99.9929
 135 .1800254E-04  99.9930
 136 .1765444E-04  99.9931
 137 .1682262E-04  99.9933
 138 .1654338E-04  99.9934
 139 .1616836E-04  99.9935
 140 .1577284E-04  99.9936
 141 .1555937E-04  99.9937
 142 .1517294E-04  99.9938
 143 .1494591E-04  99.9939
 144 .1471506E-04  99.9940
 145 .1427023E-04  99.9942
 146 .1399818E-04  99.9943
 147 .1371981E-04  99.9944
 148 .1329486E-04  99.9944
 149 .1316321E-04  99.9945
 150 .1253305E-04  99.9946
 151 .1240401E-04  99.9947
 152 .1229589E-04  99.9948
 153 .1208185E-04  99.9949
 154 .1197706E-04  99.9950
 155 .1163534E-04  99.9951
 156 .1143447E-04  99.9952
 157 .1135424E-04  99.9952
 158 .1104551E-04  99.9953
 159 .1096624E-04  99.9954
 160 .1075125E-04  99.9955
 161 .1047378E-04  99.9955
 162 .1018952E-04  99.9956
 163 .1010903E-04  99.9957
 164 .1000661E-04  99.9958
 165 .9883239E-05  99.9958
 166 .9855576E-05  99.9959
 167 .9520271E-05  99.9960
 168 .9361575E-05  99.9960
 169 .9288710E-05  99.9961
 170 .9171318E-05  99.9962
 171 .8951890E-05  99.9962
 172 .8792435E-05  99.9963
 173 .8704598E-05  99.9964
 174 .8553096E-05  99.9964
 175 .8458463E-05  99.9965
 176 .8312727E-05  99.9966
 177 .8224015E-05  99.9966
 178 .7898932E-05  99.9967
 179 .7881759E-05  99.9967
 180 .7791710E-05  99.9968
 181 .7655596E-05  99.9968
 182 .7609628E-05  99.9969
 183 .7387991E-05  99.9970
 184 .7221242E-05  99.9970
 185 .7038246E-05  99.9971
 186 .6975044E-05  99.9971
 187 .6880532E-05  99.9972
 188 .6786184E-05  99.9972
 189 .6775152E-05  99.9973
 190 .6535872E-05  99.9973
 191 .6461050E-05  99.9973
 192 .6430641E-05  99.9974
 193 .6240308E-05  99.9974
 194 .6185060E-05  99.9975
 195 .6149308E-05  99.9975
 196 .5943443E-05  99.9976
 197 .5894536E-05  99.9976
 198 .5814426E-05  99.9977
 199 .5734322E-05  99.9977
 200 .5599138E-05  99.9977
 201 .5570569E-05  99.9978
 202 .5440921E-05  99.9978
 203 .5399537E-05  99.9979
 204 .5258966E-05  99.9979
 205 .5209694E-05  99.9979
 206 .5153376E-05  99.9980
 207 .5097969E-05  99.9980
 208 .5036262E-05  99.9980
 209 .4946006E-05  99.9981
 210 .4805642E-05  99.9981
 211 .4749910E-05  99.9981
 212 .4718180E-05  99.9982
 213 .4667052E-05  99.9982
 214 .4605923E-05  99.9982
 215 .4561209E-05  99.9983
 216 .4479783E-05  99.9983
 217 .4378247E-05  99.9983
 218 .4326179E-05  99.9984
 219 .4278323E-05  99.9984
 220 .4142902E-05  99.9984
 221 .4025450E-05  99.9985
 222 .3997026E-05  99.9985
 223 .3924380E-05  99.9985
 224 .3844072E-05  99.9986
 225 .3830870E-05  99.9986
 226 .3706473E-05  99.9986
 227 .3692746E-05  99.9986
 228 .3642617E-05  99.9987
 229 .3576332E-05  99.9987
 230 .3538281E-05  99.9987
 231 .3449189E-05  99.9987
 232 .3420431E-05  99.9988
 233 .3380816E-05  99.9988
 234 .3332496E-05  99.9988
 235 .3272829E-05  99.9988
 236 .3253559E-05  99.9989
 237 .3122480E-05  99.9989
 238 .3056867E-05  99.9989
 239 .2963518E-05  99.9989
 240 .2842799E-05  99.9989
 241 .2829031E-05  99.9990
 242 .2808912E-05  99.9990
 243 .2655524E-05  99.9990
 244 .2633326E-05  99.9990
 245 .2547934E-05  99.9990
 246 .2528305E-05  99.9991
 247 .2466303E-05  99.9991
 248 .2425383E-05  99.9991
 249 .2363346E-05  99.9991
 250 .2345523E-05  99.9991
 251 .2317601E-05  99.9991
 252 .2249627E-05  99.9992
 253 .2190273E-05  99.9992
 254 .2141758E-05  99.9992
 255 .2108495E-05  99.9992
 256 .2064809E-05  99.9992
 257 .2041387E-05  99.9992
 258 .1994452E-05  99.9993
 259 .1981029E-05  99.9993
 260 .1922417E-05  99.9993
 261 .1906576E-05  99.9993
 262 .1869817E-05  99.9993
 263 .1848454E-05  99.9993
 264 .1798688E-05  99.9993
 265 .1745294E-05  99.9993
 266 .1734620E-05  99.9994
 267 .1683679E-05  99.9994
 268 .1667923E-05  99.9994
 269 .1653930E-05  99.9994
 270 .1648545E-05  99.9994
 271 .1634576E-05  99.9994
 272 .1566978E-05  99.9994
 273 .1559031E-05  99.9994
 274 .1517627E-05  99.9995
 275 .1491445E-05  99.9995
 276 .1454889E-05  99.9995
 277 .1445325E-05  99.9995
 278 .1425011E-05  99.9995
 279 .1366876E-05  99.9995
 280 .1344216E-05  99.9995
 281 .1317671E-05  99.9995
 282 .1289471E-05  99.9995
 283 .1285184E-05  99.9995
 284 .1262214E-05  99.9996
 285 .1232367E-05  99.9996
 286 .1218245E-05  99.9996
 287 .1201434E-05  99.9996
 288 .1164905E-05  99.9996
 289 .1160594E-05  99.9996
 290 .1120448E-05  99.9996
 291 .1109484E-05  99.9996
 292 .1085754E-05  99.9996
 293 .1065535E-05  99.9996
 294 .1059610E-05  99.9996
 295 .1040630E-05  99.9996
 296 .1010692E-05  99.9996
 297 .1002838E-05  99.9997
 298 .9868756E-06  99.9997
 299 .9721075E-06  99.9997
 300 .9561703E-06  99.9997
 301 .9429108E-06  99.9997
 302 .9174005E-06  99.9997
 303 .8941875E-06  99.9997
 304 .8924611E-06  99.9997
 305 .8797594E-06  99.9997
 306 .8679477E-06  99.9997
 307 .8423340E-06  99.9997
 308 .8318464E-06  99.9997
 309 .8123118E-06  99.9997
 310 .7947249E-06  99.9997
 311 .7929711E-06  99.9997
 312 .7745542E-06  99.9998
 313 .7618720E-06  99.9998
 314 .7542861E-06  99.9998
 315 .7446683E-06  99.9998
 316 .7172688E-06  99.9998
 317 .7050424E-06  99.9998
 318 .6949763E-06  99.9998
 319 .6907624E-06  99.9998
 320 .6810023E-06  99.9998
 321 .6640322E-06  99.9998
 322 .6460762E-06  99.9998
 323 .6255696E-06  99.9998
 324 .6215479E-06  99.9998
 325 .6140163E-06  99.9998
 326 .6072165E-06  99.9998
 327 .5901303E-06  99.9998
 328 .5752355E-06  99.9998
 329 .5714399E-06  99.9998
 330 .5588678E-06  99.9998
 331 .5556100E-06  99.9998
 332 .5504572E-06  99.9998
 333 .5449051E-06  99.9998
 334 .5245390E-06  99.9999
 335 .5152745E-06  99.9999
 336 .5018967E-06  99.9999
 337 .4953304E-06  99.9999
 338 .4929519E-06  99.9999
 339 .4770315E-06  99.9999
 340 .4753840E-06  99.9999
 341 .4679826E-06  99.9999
 342 .4552153E-06  99.9999
 343 .4455607E-06  99.9999
 344 .4420712E-06  99.9999
 345 .4407008E-06  99.9999
 346 .4350604E-06  99.9999
 347 .4170287E-06  99.9999
 348 .4141272E-06  99.9999
 349 .4023055E-06  99.9999
 350 .3977787E-06  99.9999
 351 .3936099E-06  99.9999
 352 .3889730E-06  99.9999
 353 .3805450E-06  99.9999
 354 .3758541E-06  99.9999
 355 .3714755E-06  99.9999
 356 .3596431E-06  99.9999
 357 .3541055E-06  99.9999
 358 .3477482E-06  99.9999
 359 .3411149E-06  99.9999
 360 .3374931E-06  99.9999
 361 .3336567E-06  99.9999
 362 .3230863E-06  99.9999
 363 .3156522E-06  99.9999
 364 .3115427E-06  99.9999
 365 .3099145E-06  99.9999
 366 .3068957E-06  99.9999
 367 .3039525E-06  99.9999
 368 .2875756E-06  99.9999
 369 .2829033E-06 100.0000
 370 .2812112E-06 100.0000
 371 .2788569E-06 100.0000
 372 .2749939E-06 100.0000
 373 .2602160E-06 100.0000
 374 .2579318E-06 100.0000
 375 .2548495E-06 100.0000
 376 .2512439E-06 100.0000
 377 .2446517E-06 100.0000
 378 .2409699E-06 100.0000
 379 .2343371E-06 100.0000
 380 .2306315E-06 100.0000
 381 .2242177E-06 100.0000
 382 .2184944E-06 100.0000
 383 .2128803E-06 100.0000
 384 .2054838E-06 100.0000
 385 .2009022E-06 100.0000
 386 .1979354E-06 100.0000
 387 .1949209E-06 100.0000
 388 .1836586E-06 100.0000
 389 .1805404E-06 100.0000
 390 .1706230E-06 100.0000
 391 .1648555E-06 100.0000
 392 .1600803E-06 100.0000
 393 .1513826E-06 100.0000
 394 .1482165E-06 100.0000
 395 .1435022E-06 100.0000
 396 .1388537E-06 100.0000
 397 .1244349E-06 100.0000
 398 .1218771E-06 100.0000
 399 .1215586E-06 100.0000
 400 .1124561E-06 100.0000
 401 .1065463E-06 100.0000
 402 .1005255E-06 100.0000
 403 .9558301E-07 100.0000
 404 .9313160E-07 100.0000
 405 .8828896E-07 100.0000
 406 .8296345E-07 100.0000
 407 .6972690E-07 100.0000
 408 .6607648E-09 100.0000
 409 .6494409E-14 100.0000
 410 .2943004E-14 100.0000
 411 .7787199E-15 100.0000
 412 ************ 100.0000
 413 ************ 100.0000
