   0 .5599800E+00  26.509574
   1 .4542804E+00  48.015308
   2 .3558296E+00  64.860358
   3 .2947614E+00  78.814426
   4 .1799116E+00  87.331482
   5 .1238727E+00  93.195640
   6 .5894452E-01  95.986086
   7 .3001291E-01  97.406904
   8 .2809271E-01  98.736819
   9 .1178375E-01  99.294664
  10 .6697936E-02  99.611746
  11 .4679036E-02  99.833253
  12 .2551086E-02  99.954022
  13 .9712322E-03 100.000000
   1  -0.122222  0.009083
   2   0.325325 -0.034051
   3  -0.214537  0.032400
   4   0.271198 -0.016404
   5   0.469397 -0.055324
   6  -0.063849  0.021221
   7  -0.705112  0.071194
   8   0.074376  0.067800
   9  -0.076984 -0.141835
  10  -0.142456 -0.235393
  11  -0.014891  0.545570
  12   0.012723  0.231201
  13   0.016539  0.269931
  14  -0.075165 -0.696257
