 -0.3442  -0.3860
 -0.6912   1.1019
 -0.2133   1.6668
 -0.6590  -0.0735
  0.5454  -0.0182
  0.1364   0.3101
 -0.0597   0.0017
 -1.7129   1.4716
  0.9463   0.6442
 -1.2787   0.0754
 -0.6090  -0.1246
 -0.0769  -0.1027
 -0.1263   1.8828
 -1.2198  -0.2837
 -1.0312  -0.6329
 -0.0295   1.1596
  0.3916   0.0572
 -0.7519  -0.6154
 -0.3153   1.1789
 -1.8678   1.2918
 -0.9752  -0.3169
 -1.9742   0.4194
  0.1081   0.5189
 -0.8700  -0.7577
 -0.0374  -0.5920
  0.5117   1.1156
 -0.7811   0.8018
 -1.3004  -0.4597
 -0.7964   0.0245
  0.0769   1.2482
  0.0600   0.3995
 -1.3654  -0.6731
 -1.0057   0.2927
  0.0956   1.0291
 -0.4582  -0.2946
 -1.9103   0.8168
 -0.3867   0.1319
 -1.3831   0.3369
  0.2405  -0.5270
 -0.2294   1.2364
  1.1521   1.0914
 -0.7013   0.4877
 -0.8326   1.1002
 -1.0851  -0.1556
 -1.2085   0.3097
 -0.8123  -0.7400
  0.9117   0.7074
 -0.8954   1.9599
 -0.7689   0.2655
 -1.5800  -0.3417
 -0.3139  -0.0146
 -1.1264  -0.7081
 -0.0187   0.0175
  0.1915   1.3587
  0.8219   0.8816
 -0.3166   0.3890
 -0.7646   0.0895
 -1.8608   0.8682
 -0.4121   0.0678
 -0.8221  -0.7914
  0.1591   1.3217
 -0.4744   0.0995
 -0.0939  -0.7884
 -1.7850   1.2636
 -0.7059   1.0488
 -0.9635  -0.0444
 -0.4076  -0.7521
 -0.7332   1.6184
  0.8840   1.5229
 -0.3894  -0.5858
 -0.9250   0.0702
 -1.5885   1.7259
 -0.1133   0.1536
 -1.5378  -0.4658
 -0.4930  -0.2810
 -1.2198   0.3761
  0.2656   0.0774
 -1.0932   0.3573
 -1.3787   1.4650
 -0.6850  -0.2317
 -0.8867  -0.2180
  0.0606   0.0576
  1.1813   0.5956
 -0.3194  -0.7576
 -0.9779   1.2317
 -1.6647   1.9111
 -1.3599   0.3108
 -1.2456   0.0600
 -0.1114  -0.7029
 -1.9740   0.4792
 -0.8623   0.4621
 -1.8592   1.4055
 -0.8674   1.4900
 -0.8929  -0.2030
 -0.3739  -0.1762
 -0.4150  -0.1466
  0.3122   1.4970
 -0.5426  -0.8658
 -1.0062   0.5338
 -0.8970  -0.3565
 -1.3839   0.5279
 -1.7829  -0.3532
 -1.5410   0.0536
 -1.7693   1.0994
 -0.3012   0.1633
 -0.6020  -0.5872
  0.2829  -0.1327
  0.0368   0.2715
  0.1905   0.3246
  0.3515   0.7745
 -0.7868   1.1227
 -0.3257  -0.7943
  0.2188  -0.1773
  0.0112  -0.6298
  0.6002   0.3497
 -0.3859   0.5030
 -1.1039   0.7641
  0.6354   0.9400
 -0.3817  -1.3787
 -1.0461  -0.4949
  0.0548  -0.8748
 -0.6732   0.0170
 -0.8484  -0.6520
  0.2099   0.6348
  0.2361  -0.4786
 -0.4687   0.3794
 -0.9077   0.2791
 -0.7140   0.4666
 -0.3760  -1.1739
 -0.8872  -0.7407
 -1.0262   0.3310
  0.0350   2.1749
  0.2733  -0.7003
 -1.1550  -0.6710
 -0.6367  -1.3958
 -0.8084  -0.3233
 -0.9361  -1.2914
  0.7811   1.1203
 -1.4631  -0.6750
 -0.2760  -0.0781
 -0.4041  -0.7462
 -0.0575   0.2266
 -0.0192  -0.7831
 -1.0130   0.3737
 -0.1081   0.9188
  0.7734   0.9804
  0.4477  -1.0355
 -0.3675  -0.1106
 -0.2486  -1.1454
 -0.7185  -0.3964
 -0.9200  -1.0421
  0.6685   0.3541
 -0.7533   0.6080
 -0.6615  -0.4965
 -1.2836  -0.0268
 -0.4700  -0.2071
 -1.1753  -0.5704
 -0.5397   0.5351
 -0.3460   1.1460
 -1.5293   0.4232
 -0.3488  -1.1693
 -0.3906  -0.2146
 -0.0328  -0.8872
 -0.8957   0.0576
 -0.6945  -0.9740
 -1.4660   2.0146
  0.7543  -0.3495
 -0.6517   0.1772
 -1.1879   0.1453
 -0.7610  -0.5721
 -1.4271  -0.4423
 -0.2451  -0.3128
  0.4475  -0.5684
  0.4978   0.4784
  0.2425   0.2013
 -1.6787  -0.1189
  0.1509  -0.0232
 -0.5450  -0.1183
  0.5148  -0.2207
 -0.7765   1.9443
  0.8616   0.7777
 -0.4966  -0.5675
 -0.9229   0.5270
 -1.4548   0.5648
  0.0647   0.0720
 -0.0472   0.1201
  0.3776   1.0341
 -1.3049   1.6875
 -0.2603   0.3917
 -0.3364   0.3625
 -1.6090   1.6386
 -0.3914   0.4374
 -0.1301   0.2518
 -1.4210   1.5475
  0.5270  -0.0906
 -0.9471  -0.3867
 -1.5587   0.3823
 -1.2542   1.0196
  0.2106  -0.5890
 -1.0097   0.4560
 -0.7705   1.8114
 -0.2718   1.0404
 -0.1674  -0.7613
 -1.8745   1.0715
  0.1664   0.7765
 -1.1765  -0.7760
  0.0278  -0.5553
 -0.1506   1.4434
 -0.7113   0.5225
 -1.5359  -0.6081
 -1.4637   0.4807
  0.0848   0.4743
 -0.0330   0.1317
 -1.5190   0.3355
 -0.7656  -0.3460
 -1.5800   0.8347
 -0.4977   0.1340
 -1.5158   0.8361
  0.6126   0.7810
 -0.9229  -0.7911
 -0.1679   0.2718
 -0.9614   1.0061
  1.1632   0.4534
  0.0599  -0.2901
 -1.1111  -0.6533
 -0.2806   0.1071
 -1.0200  -0.5813
 -0.8279  -0.8380
  0.4357  -0.5709
 -1.8681   1.5212
 -0.7989  -0.6554
 -1.3768  -0.6910
  0.0672   0.0671
 -1.2915  -0.7015
 -1.1290  -0.8236
 -1.7521   0.6840
 -0.8068   1.3566
 -1.2271   0.0089
 -1.5886   1.2419
 -1.2789  -0.6954
 -0.9647   0.2581
 -1.5108  -0.6374
 -0.8357   1.4239
 -1.9521   0.1498
 -0.3636   0.0727
 -0.5398  -0.0983
 -0.3794   0.1767
 -0.9301   0.2547
 -0.4863   0.2267
 -1.5005   0.9367
 -0.0666   0.2339
 -0.7895  -0.0116
 -0.0368  -0.4540
 -1.2645  -0.3709
  0.0774  -0.7322
 -0.5625  -0.5763
  1.1681   1.1431
 -1.5196   0.2111
 -0.9006  -0.6237
 -1.6930   0.9408
 -1.0609   0.3304
 -0.9227   2.0205
  0.1514  -0.8051
 -1.1940   1.8776
 -1.5826   0.4372
 -1.6117   0.0776
 -0.7559   1.3244
 -1.1977  -0.1443
  0.0143   0.1729
 -1.0945  -0.3081
 -0.4998   1.9479
 -1.0121   1.2542
 -0.5985   0.2352
 -1.8322   1.2418
 -0.4749  -0.0456
 -1.6754  -0.0766
 -1.1988   0.1675
 -0.9435   1.8877
 -0.2301   2.1199
 -1.5338  -0.4761
 -1.1483   1.0257
 -0.9907  -0.3456
 -0.7918  -0.7159
 -0.8047   0.0511
  0.3045   0.8748
 -1.9306   0.7351
 -0.5404  -0.6369
 -1.7367   1.5811
 -0.8707  -0.6658
 -1.0147   0.1113
 -0.1318  -0.8063
  0.2103  -0.2542
  0.9967  -0.1017
 -0.5192  -0.5016
 -0.8880   0.3753
 -0.7985   0.0971
 -0.8367  -1.1982
 -0.9807  -0.3125
 -0.7391   0.7390
 -0.6092   1.1197
 -0.4644  -0.6662
 -1.5874   0.7380
 -1.1664  -0.9456
 -0.6901   0.4114
 -0.6332  -0.7844
  0.6113   1.1636
 -1.0244   0.0650
 -0.9090  -0.7881
 -0.8765  -0.9824
 -0.4727  -0.3821
 -0.2359  -0.7653
 -0.3017  -0.6209
  0.5904   1.5578
  0.1924   1.2607
 -0.0529   0.2182
 -1.1288  -0.5565
 -0.1597   0.2842
 -1.1680  -0.0269
 -1.1114   0.6094
 -1.2127   0.2575
 -0.2495   2.3051
 -0.4648  -0.3711
 -0.8682   0.6723
 -0.5590  -0.1567
 -0.6124  -0.0128
 -0.2628  -0.1528
  0.9367   0.9420
 -1.1945   0.9786
 -0.3051   0.4006
 -0.6366  -0.1799
  0.0618  -0.2713
 -0.4066  -0.7829
 -0.8524   0.0443
 -1.6073   0.0637
 -0.9709   0.6193
 -1.1151   0.2512
 -1.5716   1.0540
 -0.4588  -0.4691
  0.2190   0.3513
 -0.3091   0.4995
  0.3754   0.6631
 -0.4291   1.3352
 -0.2817  -1.2306
 -0.2889  -0.0717
 -0.3186  -0.8376
 -0.3597   0.1283
 -1.1322  -1.2843
 -1.0133  -0.3624
 -0.7805  -0.6803
 -0.5574  -0.7224
 -1.6007  -1.0134
 -0.2690  -0.4875
 -0.2213  -0.9437
 -0.4146   0.4904
  1.1646   1.5878
  0.0598   1.5663
  0.1669   0.1644
 -1.2656   0.2083
 -0.2057   0.1784
 -0.7884   0.3300
 -1.4146   0.5467
 -1.2031  -0.0505
  0.1044   1.8117
 -0.4198   0.4085
 -0.9230   1.4514
 -0.4402   0.5492
 -1.1435   0.3820
 -0.2233   0.0768
  1.0735   1.6611
  0.5525   1.1847
 -0.5036  -0.7107
 -1.6706   0.3157
 -1.1241  -0.8649
 -0.2944   0.5475
 -0.8928  -0.8906
 -1.1894   1.7151
 -0.8846  -0.5508
 -0.9158  -0.2731
 -0.8964   0.4755
 -1.0689   0.6088
 -0.4512  -0.9230
 -0.4164   0.3647
  0.6179  -0.6668
 -0.9534   1.3322
 -0.8532  -0.5510
 -1.3887   0.2587
 -0.1269  -0.8203
 -1.0175  -0.5924
 -0.4942   0.1055
  0.0246   1.8744
 -1.4787   0.6573
 -1.6617  -0.1193
 -1.4046   1.2885
 -0.8183  -0.7272
 -1.1145  -0.8144
 -1.0886   0.4481
 -0.9702   0.2358
  0.3357  -0.0673
  0.3272  -0.1227
 -1.1084   0.9643
 -0.9129   0.0247
 -1.0081   0.2382
 -0.3421   0.0017
 -0.0729   1.1545
  0.7906   0.1639
 -0.1877  -0.4837
 -0.7701   0.1370
 -0.7376  -0.6889
 -0.1171  -0.3348
  0.1923  -0.2364
  0.6405   1.1286
 -1.1195   1.5660
 -0.6587   0.2807
 -0.5117  -0.2131
 -0.1936   0.2011
 -0.4292   0.1891
  0.1633   0.2870
  0.5693   1.0421
 -0.7987   0.9803
 -0.9817  -0.1122
 -1.4982   0.4871
 -0.2894  -0.7284
 -0.6635  -0.3065
 -0.3535  -0.8321
  0.8525   0.8830
 -0.0284   1.1061
 -0.3803  -0.9005
 -0.6644   0.3883
  0.0364   0.1484
 -0.5841  -0.3785
 -0.6453   0.2850
 -0.7246   0.0811
 -0.9541  -0.1150
 -0.8271   0.2883
 -1.6274   0.0103
  0.4017   0.5646
 -0.9987   0.4468
 -0.8678   0.2978
 -0.8013  -0.3591
  0.4475   0.3024
 -0.1164  -1.1585
 -1.3305   1.4090
  0.6014  -0.2454
 -0.6402   0.3485
 -0.2809  -0.8358
 -1.3344   1.2465
 -0.0261   0.6432
 -0.7408  -0.8790
 -0.8707   0.7037
  0.3939   0.1564
 -0.3898  -1.3531
 -0.9513  -0.5863
 -1.4640  -0.3624
  0.5959   1.3476
 -0.2014   0.0987
 -1.5877   0.7623
  0.3152   1.1968
 -0.9472  -0.7294
 -0.4859   0.1685
  0.0743  -0.1006
 -0.9954   1.1171
 -0.9163  -0.4467
 -0.5704   0.0440
 -0.2011   0.9101
 -0.4297  -0.5808
 -0.4143   0.3378
  0.4782   1.0069
  0.5145   0.4959
  0.4492  -0.6582
 -1.2815  -0.5634
  0.7564   0.7612
 -0.7952  -0.8180
 -0.6251  -1.2450
 -1.1474   2.1212
  1.1775   1.2576
 -0.2472   0.1023
 -1.0926   0.9229
  0.7708   1.2639
 -0.5401  -0.1004
 -0.3978  -0.4836
 -0.4266   0.9556
 -1.6390   0.4753
 -0.7705  -1.3013
 -0.4751   0.4223
  0.3422   0.4472
 -0.4804  -0.5758
 -0.8393  -0.4813
 -0.4866  -0.7588
 -1.0033   0.0612
 -1.0609  -0.6757
 -1.0647   0.4239
  0.2313   1.2964
 -0.0161   0.2203
 -0.4994  -0.3677
 -0.3899   0.0111
  0.3023   0.9216
  0.4872   0.0690
 -0.3458  -0.7844
  0.8046   1.1607
 -0.4018  -0.7016
 -0.2323   0.1074
 -0.6510   1.3897
 -0.5665   1.8929
 -0.4208   0.3577
 -0.4663   0.1949
  0.2864   0.8691
 -0.1345  -0.0206
 -0.4276   0.2710
  0.5332   1.1549
 -0.1673   1.6428
 -0.8215  -0.3641
 -1.3833   1.3000
  0.7879   1.3065
 -0.4086   0.1545
  0.5592   0.3264
 -0.1071   2.1978
 -0.8687   1.8637
 -1.0201   0.0332
 -0.8118   0.2491
 -1.2059   0.7946
  0.7778   0.1620
 -0.5109  -0.3926
 -0.8999   1.5980
 -1.3074   1.0761
 -0.4145  -0.2039
 -1.5174   0.1447
 -0.9384   1.5995
 -0.5420   1.5641
  0.4846   0.2335
 -0.9425   1.5191
 -0.2050   0.1123
 -1.0358  -0.6603
 -0.9049   1.1258
 -1.1291   1.5204
  0.2132   2.2420
 -0.6579   0.0033
 -0.7907   1.0669
 -0.2279  -0.3959
 -0.5280   0.3716
 -1.4655   0.1691
 -0.6593   1.9570
  0.2174   1.7340
 -0.0122  -0.5894
 -0.5750   1.1339
 -0.7436   0.8804
 -1.1237   0.2478
 -0.8743   1.2808
 -1.4377   1.9074
 -0.0860   1.5661
 -0.4509  -0.2985
  0.6647   0.7023
 -1.1567   1.2863
 -0.3358  -0.4232
 -1.8989  -0.0988
 -1.0665   0.9886
  0.0840   1.8081
  0.3155  -0.1056
  0.4944   0.6532
 -1.4899   1.1218
 -1.0645   0.3398
 -0.9334  -0.0133
 -1.0316   1.1967
  0.5557   2.1805
  0.1718  -0.5808
  1.1573   1.4250
  0.4387   1.2308
  0.4389   0.3609
 -1.0922   0.6922
 -1.6198   0.0390
  0.3297   2.3880
  0.4829  -0.9423
  0.2359   1.0699
  0.2065   0.0791
 -0.1137  -0.7762
 -1.2542  -0.2947
 -1.0864   1.0402
  0.0278   1.2837
  0.1876  -0.4924
  0.7083   0.5529
 -0.1950   2.0019
  0.0568  -1.2736
 -0.6377   0.4332
 -1.0134   1.0389
 -0.3645   1.0019
 -0.5376   0.1477
 -1.4303   2.0344
 -0.6189   1.7007
 -0.9397   0.2489
 -0.8109  -0.5816
 -1.6038   1.2789
 -0.0078  -0.4704
 -0.7910  -0.3697
 -0.2777   1.9848
  0.0880  -0.3906
 -0.1999  -0.1473
 -1.2084   0.6916
 -0.5305   1.6657
 -1.2786  -0.2942
 -0.7775  -0.2406
 -1.4582  -0.4059
 -0.8978   0.3702
 -1.1575  -0.4436
 -1.2563  -0.1981
 -1.5966   1.4861
  0.9252   0.8558
 -0.6420  -0.1349
 -1.0191   0.9658
 -0.6484   2.4918
 -0.9101  -0.4599
 -1.9618   0.3702
 -1.5978   0.6661
 -0.6148   1.8353
  0.0382  -0.2663
  0.1853  -0.5989
 -0.6564   0.5406
 -1.0331  -0.1398
 -0.7929  -1.0089
 -1.2261   1.3581
  1.0581   0.4808
 -0.4860   0.3668
 -0.8395   0.3580
  0.1579  -0.3305
 -0.1574  -0.6149
 -0.6334  -0.7383
  0.5792   0.3879
  0.2544   1.0861
 -0.1234  -0.8181
 -1.3831  -0.1460
 -1.4433   0.4733
 -1.0621   0.1063
 -1.7287  -0.5552
  0.7530   0.2740
  0.5407   0.9574
  0.2195   0.5151
  0.3848  -0.4882
 -1.0470   0.8250
 -0.9139  -0.7693
 -0.6011  -0.7624
  1.0865   0.4454
  0.0353   0.9641
  0.7251  -0.6315
 -0.3718   1.9230
  0.3626   1.0476
  0.0121  -0.7960
 -1.1911  -0.6882
  0.3324   0.9807
  0.2444   1.1369
 -0.2695   0.3745
 -0.8383   1.2611
 -1.5125   0.3646
 -1.0209  -0.8036
 -0.0775   0.2359
  0.7351   0.2158
 -0.1119   1.9913
 -0.1142  -0.9260
 -0.9540   1.3386
 -0.2463   1.2126
 -0.8976  -0.5488
 -1.7047  -0.0395
  0.4654   0.7027
  0.0891   0.9977
 -0.0629  -0.2969
  0.6803  -0.6212
 -0.3974   1.2345
 -0.2944  -0.7343
 -1.5144   0.2697
 -0.5949   0.9132
  0.2174   1.8272
 -0.0748  -0.5399
  0.1747   0.7676
  0.2636   0.0036
 -0.6662   0.4233
 -1.2502   0.0255
 -1.0288   2.0854
  0.3715   0.5753
 -0.3836   0.1353
 -1.7177   0.4302
  0.4535  -0.0798
  0.1881  -1.1151
 -1.4360  -0.0865
 -0.9179   0.8265
  0.1328   1.5445
  0.1944  -0.7484
 -1.2222  -0.4492
 -1.6201  -0.5433
 -1.4035  -0.4234
 -1.0666   0.4088
 -0.8966   1.6826
 -0.2348   1.3582
  0.5903  -0.2481
  0.4732   1.0410
 -1.5393   1.2438
 -1.1639  -0.5557
 -0.8917  -0.4810
 -1.7106   0.6388
 -0.3578   2.4795
 -0.2720  -0.9933
 -0.3854  -0.7905
  0.1678   1.0432
 -0.5460   0.5564
 -0.8252  -0.2715
 -0.9104   1.7339
  0.6523   0.8251
 -0.0458   0.4215
  0.4016  -0.7094
 -1.5123   1.1078
 -0.7242  -0.6309
 -1.2590   0.9912
 -1.1225   0.6034
  0.2916   2.2018
  0.7970  -0.7485
  0.6583   1.2505
  0.9767  -0.2053
  0.0475  -0.7382
 -1.6803  -0.2564
 -1.0259   1.4000
 -0.1750  -0.8705
 -0.5384   0.2872
  0.5234  -0.4732
 -0.8380   0.3394
 -0.6033  -0.8994
 -1.4171   1.0413
  0.6149   0.5144
 -0.9400  -0.5984
 -0.4513  -1.0806
 -0.9855   1.1633
 -0.5284  -0.5912
 -0.7686  -0.7839
 -0.7223   0.4318
 -0.0759   2.1177
  0.9106   0.7363
 -0.6741  -0.5919
 -0.2523  -0.0348
 -0.1210   0.9433
  0.2309  -0.7824
 -1.0468  -0.0384
  0.3207   1.1428
 -0.1144   1.0758
  0.0202   0.0782
 -0.6617  -0.6407
 -0.8656   1.2206
 -1.3231   0.4315
 -0.9113   1.0352
 -0.1473   1.2424
  0.2053   2.1397
 -0.2725   0.2588
  0.9343   1.1890
  0.0982   1.3049
  0.0866  -0.7880
 -1.5650   0.4114
  0.4785   0.1538
 -0.7644   1.2566
  0.3543   0.2224
 -0.2341  -0.5402
  0.8522   0.2869
 -1.1301  -0.7185
 -1.1858   0.5948
  0.2776   1.5451
  0.0697   0.8403
 -0.7576  -0.5495
 -0.4291   0.1007
 -0.3279   1.4555
 -1.0255  -0.2578
 -1.7965   1.2213
  0.3419   0.6683
 -0.3097   1.5783
  0.0804   0.4365
 -0.0024   1.8758
 -1.1210   1.7845
 -1.5175   0.1195
 -0.8961   1.1489
 -0.0417   1.8724
 -0.2541   0.6897
 -0.2280  -0.8596
 -1.0128   0.2504
 -0.5696   1.7258
 -1.1334  -1.1966
 -0.9216   1.3143
  0.6809   0.6901
 -0.3911   2.2320
 -0.8861  -1.0209
 -1.0064   1.7872
 -1.8011   0.3359
 -1.3201  -0.4585
 -0.9505   0.2745
 -0.6054   0.5377
  0.1030   1.9985
  0.1459   0.2504
 -1.0702   0.5292
 -1.3385  -0.3937
 -0.5456   0.4753
 -1.4258   0.4057
 -0.5939   0.2399
 -0.2895   1.9604
  0.2088   0.3525
  0.0595   0.9369
 -0.6325   0.3147
 -0.8371  -0.5728
 -0.7688   0.6510
 -0.9347  -0.7047
  0.0524   1.6822
 -0.8270  -0.2492
 -1.0934   0.4529
 -1.9482   0.5124
 -0.7632   0.0028
 -0.8296   0.0513
  0.5071   0.1254
 -0.0158   0.6078
  0.9878   0.4282
  0.0225   0.1639
 -1.3397   1.9888
 -1.1498  -0.2732
 -0.8264   0.2006
 -1.6928   1.9240
  0.0682   1.2437
 -0.1186   0.2797
 -1.0730   1.3269
  0.1064   1.0087
  0.0539  -0.8688
 -1.3155  -0.4641
 -1.5679   0.7584
  0.0618   1.6407
  0.0636  -0.6350
  0.6029   0.6856
 -0.8774   0.1813
 -0.9493  -0.7729
 -1.2154  -1.1674
 -1.5880   0.3294
 -0.0045   0.5426
 -0.6627  -0.8813
 -1.3081  -0.4380
 -1.1247   1.1708
 -0.3437  -0.7587
 -1.5942  -0.2353
 -1.4756   2.0103
 -0.3995   1.2609
 -0.2310   0.2045
 -1.3623   1.0525
  0.1625   2.1153
 -0.5656   0.3613
 -0.4648  -0.0351
 -1.7031   1.0248
  0.1978   1.9209
 -0.2835   0.3227
 -0.8747   1.4947
  0.5117   0.7044
  0.5799   0.0492
 -0.5150  -0.5930
 -1.1245   1.3271
  0.0972   2.3307
  0.4000  -0.0409
 -0.3480   1.2144
 -0.5039   1.5184
 -0.3734   0.1589
  0.1043   0.0419
 -1.4079   0.6026
  0.6568  -0.0156
  0.7495   0.4965
  0.4025   1.2220
  0.2601   1.1871
  0.2958   0.7026
 -0.3451  -0.0633
 -1.4863   0.9999
  0.3481   0.4089
 -0.6333   0.2624
 -0.3684   0.0918
 -0.8895   1.0511
 -0.6480   0.1395
 -1.3476   0.5801
 -0.8916   2.1466
 -0.1356   0.1620
 -1.0681   0.2601
 -1.5952   0.0042
 -1.0431   2.0530
 -0.8329   0.1885
 -1.3601   0.0660
 -0.7309   1.8694
 -0.9913  -0.3305
 -0.1688   0.2308
 -0.7817   0.1956
  0.4963   2.0794
 -0.4580  -0.7489
 -0.7620   1.3815
 -1.0267   1.3644
 -0.3808   0.2398
 -0.1875  -0.0765
  0.3322   0.9771
  0.6451   1.5012
 -0.2783   0.0205
 -0.9159   0.6979
 -0.6693   1.5972
 -0.1487  -0.5630
 -0.5189   0.4122
 -1.0443   1.0819
 -1.1820   0.7861
 -0.3227  -0.2186
 -0.1014  -0.1010
 -1.1227   0.6865
  0.0621   0.2514
 -0.2532  -0.5001
 -0.2091   2.1525
 -1.0425   1.5765
  0.0228   0.2120
 -0.2573  -0.1279
 -1.3944   1.3677
 -0.0410  -0.6948
 -0.2694   0.2281
 -0.9638   1.9811
 -0.1487   2.1405
 -0.3362  -0.1925
 -1.6188   0.8492
  0.3096   0.9296
 -1.2297  -0.5385
 -0.2130   0.1760
 -0.1601   1.0596
 -1.0910   0.7510
 -1.2723  -0.5038
 -1.3269   0.7835
  0.8497   0.5311
 -0.4709  -0.4492
 -0.7331  -1.1262
 -0.6449  -0.1577
  0.7574  -0.5057
 -0.0087  -0.0230
 -1.3195   0.8605
 -1.7303   0.9470
 -0.3730   0.3475
 -0.9489  -0.6705
  0.6581   1.7585
 -0.1736   0.0475
 -0.4718   0.3373
 -1.2259   0.4973
 -1.3992   0.8026
 -0.2110  -0.7902
 -0.5312  -0.7201
  0.5091   1.3335
 -1.5593   0.0350
 -0.4984   0.2870
 -0.5930  -0.8343
 -1.3765   1.7952
 -0.3614  -0.7619
 -0.7838  -0.8448
 -1.2287  -0.5805
 -1.6751   0.1877
 -0.2278  -0.7814
 -0.6314  -0.1481
  0.5881   0.8593
 -0.8098  -0.2442
 -0.9576  -1.0073
 -0.6388   2.3171
 -0.9276  -0.2805
 -0.9947  -0.3818
 -0.8823   0.4429
 -1.2990   0.8717
 -0.5110  -1.1235
 -0.9636  -0.1689
 -0.5226  -1.1117
 -0.6190   1.5047
 -0.5209  -1.3542
 -1.4051   1.8905
  0.9530   0.7192
 -0.5827   0.2723
 -0.4506  -0.7794
 -1.1857   1.2051
 -0.3085   1.1739
 -0.4684  -0.2348
 -0.5696  -0.2088
 -0.3265   1.1774
 -0.7924  -0.1776
 -0.9156   0.5065
  0.4697   1.0251
  0.0025   0.2591
  0.3596   0.2320
 -0.5531  -0.3406
  0.6175   0.7402
 -0.5644  -0.2127
  0.0877  -0.3054
  0.0085   0.1680
  0.6411   1.9326
 -0.7905  -0.5245
 -0.7111   0.6590
  0.0865   1.3172
 -0.9112   0.0717
 -0.7034  -0.0584
  0.6602   1.0302
  0.0268   1.9431
  0.6273   0.0951
 -1.1841  -0.7914
  0.2001   1.0824
 -1.2203  -0.7374
 -0.4987  -0.0300
 -1.3345   1.5619
  0.5263   0.5137
 -1.0150  -0.7795
 -0.8746   0.8198
  0.2553   1.0589
 -0.6257  -0.0276
 -0.8335  -0.6741
 -0.6172   1.1725
 -1.1581   0.6125
 -0.6424   0.3775
 -0.4456  -0.7000
  0.1588   1.1013
 -0.2678  -0.7759
  0.1182   0.0567
  0.2443   1.2915
  0.3140   0.1487
  0.1533   0.0644
  0.1141   0.3590
  0.1412   1.7968
 -0.0392   0.3455
 -0.3248  -0.7391
  1.0965   1.2689
 -1.3821   1.5902
 -1.3740   0.5743
 -1.4130   0.4448
 -0.2115  -0.3572
 -1.4250  -0.0877
 -1.0747   0.7098
 -0.5326  -0.0699
 -0.9645   0.2412
 -0.9647  -0.7586
 -1.2135   0.3753
 -1.0043  -0.7665
 -0.1675   0.5239
 -0.6374  -0.8233
 -0.9997   0.3435
 -0.4011  -0.8631
 -0.4612  -0.7253
 -1.5885   0.6142
 -0.6662  -1.2714
 -0.6196  -0.0912
 -0.5279  -0.5030
 -1.2306   1.6270
 -1.5744   0.0627
 -0.9321  -0.7165
 -0.8033  -1.0825
  0.1743  -0.7746
 -0.3333  -0.7232
 -0.2051  -0.7491
  0.1788   0.5220
 -1.4685   0.0610
 -0.6098  -0.6160
 -1.4762   0.9748
 -0.1736  -1.0760
 -0.3919  -0.1227
 -0.1096   0.1445
 -1.2923   1.1541
 -0.7739   0.7055
 -1.4413  -0.2843
 -1.4687   1.7003
  0.0440   1.3095
 -0.8006  -0.1226
 -1.3242  -0.0337
  0.3525   0.2361
 -0.3351   0.4917
  0.1146   0.1319
 -1.8916   0.2254
  0.2124   1.2887
 -1.2068  -0.5564
  0.2195   0.1295
  0.0393   1.9496
 -0.3555   1.4764
 -0.4393  -0.6427
 -0.9899   0.7031
  0.4853   1.4069
 -0.6135  -0.6574
 -1.4497   0.6314
 -0.9035   0.8066
 -0.0319   0.0312
 -0.1591  -0.0004
 -1.8538   1.7312
  0.4096   1.5610
 -1.3309  -0.6222
 -0.1084  -0.1761
 -0.7470   2.0984
  0.2484   1.2506
  0.0313  -0.3779
 -0.4426  -0.0321
  0.1585   1.9069
 -0.3145  -0.6720
 -1.3127  -0.1184
 -0.0909   0.0543
  0.1034   0.3613
 -0.5442  -0.3658
 -1.9180   0.7228
 -1.2423   1.3645
 -1.1767  -0.2147
 -0.3288   0.2258
 -1.4064   0.0407
  0.4141   2.0285
 -0.1767  -0.0887
 -0.4014  -0.6471
 -1.1497   1.6110
  0.3262   0.1469
 -1.6442  -0.5884
 -1.0895  -0.2021
 -1.2141   1.0839
 -0.1598  -0.9354
 -1.2245   0.1761
 -1.0711   0.5535
 -1.2150   0.4015
  0.2056  -0.0063
 -0.1537   2.0802
 -1.4951  -0.0886
 -1.2106  -0.0253
 -0.6975   0.4062
  0.1672   1.5286
 -0.6705   0.1196
 -0.8861  -0.6414
 -0.8867   1.4976
  0.7461   0.9075
  0.7780   0.4448
 -0.3709   0.4778
  0.2849   1.7374
  0.5163   0.9803
 -0.2365  -0.5085
  0.5004   0.3796
 -0.2192   1.0307
 -0.7372   0.4625
 -0.2955  -0.8096
  0.4713   0.9833
  0.2854   0.7684
  0.3721  -0.3306
  0.3312   1.0513
  0.4274   0.5530
 -0.1448   0.2551
 -1.8065   1.4545
  0.9923   1.7536
 -0.5612   2.1283
 -0.4428  -0.0556
 -1.6422   1.9626
  0.8862   1.4269
 -0.4736  -0.0856
 -1.5567  -0.5593
 -0.0613   1.5856
 -0.2230  -0.5200
 -0.8598   0.2315
 -0.9963   1.3417
 -1.1565   2.3516
 -0.3885  -0.0226
 -1.1147   0.3577
 -0.8659   1.1308
 -1.4254   0.6194
 -0.7218   0.1428
 -1.7610   1.0472
  0.9625   0.8234
 -0.7816  -0.8220
 -1.4590   0.9534
 -1.3339   0.8151
  0.4833   0.9289
  0.2860  -0.2411
  0.8792   1.9580
  0.4279  -0.0444
 -0.4075   0.3063
 -1.1216   0.1456
 -1.3537   1.5925
 -0.3678   2.2868
  0.2046  -0.3444
 -1.3793   1.2318
  0.4449   1.2432
 -0.5381  -0.2677
 -1.1536  -0.2396
 -1.2220   1.9015
  0.8420   1.4137
 -0.5201  -0.5486
 -0.8510   1.8110
 -1.0767   1.3719
  0.1340   0.2879
 -1.0201  -0.7028
 -1.3359   0.3827
 -0.3128   1.7472
  0.3761   0.1827
 -1.7408   1.6477
  0.2536   1.6242
 -0.7243  -0.3115
 -0.7551   0.3683
 -1.2947   2.0051
  0.2519   1.0152
  0.2344  -0.3866
  0.3030   0.9562
  0.7078   0.1223
 -0.7002  -1.0683
 -1.0854   0.1603
 -1.3934   0.9531
  0.0434   1.8031
 -0.1011  -1.3827
  0.4076  -0.2375
 -0.5138   1.1329
 -0.3941  -0.7888
 -1.4445  -0.2214
 -1.3235   1.3047
  0.4143   2.0867
  0.0211  -0.8105
 -1.1444   1.9259
  0.7047   1.5013
  0.2233  -0.3670
 -0.9560  -0.5401
 -1.3425   1.6203
 -0.1509   1.4464
 -0.3736   0.1372
 -0.8572   0.2871
  0.2016   0.4951
 -0.0322  -0.3563
 -0.7463  -1.4962
 -1.3771   0.4779
  0.1986   0.4908
  0.2061  -0.0371
  1.0742   0.4945
 -0.6339   0.2332
  0.4975  -1.0662
 -0.0493  -0.5747
 -1.1891   0.1442
 -0.5798  -0.7589
 -0.2100  -1.2172
  0.5296  -0.6562
  0.7596  -0.8129
 -0.1841  -0.7448
 -0.6747  -0.5781
 -1.5805   0.8402
 -0.2193  -0.7119
 -1.2192   0.7174
 -0.9184  -1.2614
  0.3633   1.1036
 -0.0941  -0.3367
 -1.0334   0.4594
 -0.7757   1.5842
 -0.0608   0.4710
 -0.4961   0.3215
 -0.7887   0.2224
 -1.0236   1.4561
 -0.8491  -0.7876
 -0.5126   0.1037
 -1.5567   0.3867
 -0.6477   0.3603
 -0.2301   0.0609
  0.5961   1.2875
 -0.9999   2.1455
 -0.4405   0.2740
 -1.3036  -0.3518
 -1.1429   2.0761
 -0.3443  -0.6108
 -0.1676   0.0495
 -0.8164   2.1480
  0.3079   2.2579
  0.1811   0.1286
 -0.7234  -0.1809
 -1.1579   1.8554
  0.0116  -0.2996
  0.1626  -0.6329
  1.0829   1.6364
 -0.2202   1.5539
 -0.2672   0.3161
 -1.3188   0.7783
 -1.2559   2.0879
 -0.5449  -0.6651
 -0.0869  -0.2821
  0.8274   0.4427
  0.2176   1.5461
  0.2510   0.6312
 -0.5237   0.2651
 -1.2183   1.4471
 -0.0235  -0.0956
 -0.3944  -0.1776
 -1.3715   1.4181
 -0.9549   1.3188
  0.0216   0.1506
 -0.5198   0.1723
 -0.7840   0.5897
 -1.1661   0.6368
 -0.1203  -0.3618
  0.2638   2.0520
  0.2028   1.1324
 -0.7306  -0.7257
 -1.0556   0.2608
 -0.8829   1.9293
 -0.8904   0.1863
 -0.7410   0.3361
  0.9948   1.1036
  0.2991   1.5665
 -0.3181  -0.7364
 -1.0945  -0.1716
 -0.8384   0.4437
 -0.9252   0.2869
 -0.1686   0.1416
 -0.3396   1.6865
  0.0779   2.0508
 -0.4285   0.3704
 -0.8355   1.0866
 -0.8865   1.1764
 -1.0988   0.2332
 -0.1094  -0.3929
  0.8836   0.9142
  0.4981  -0.0894
  0.4389  -0.0937
 -1.4261   0.0678
 -0.9301   1.3358
  0.1139   0.0740
 -0.4787  -0.1175
 -1.3494  -0.3509
  0.3638   1.1748
  0.0342  -0.6783
 -0.8439   1.5209
 -1.0162   1.0394
  0.3561   0.1862
 -0.0099   0.4122
  0.4362   1.1026
 -1.2797   1.1746
 -0.5951   0.4328
 -0.9158   0.6434
 -1.4873   2.0670
 -0.9630   0.2939
 -0.1180  -0.3738
  0.2506   1.6922
  0.6737   0.5244
 -0.5179   0.2540
 -0.8972   1.4071
 -1.1576   0.8913
 -0.6277  -0.3103
 -1.0211   0.0341
 -0.8383   0.1592
 -1.5588   0.7221
 -0.3462   0.3602
 -1.3904   1.0857
  0.2149   1.0162
 -0.6217   0.1946
 -0.5356  -0.1137
 -1.0791   2.1832
  0.0595   1.3020
 -0.0857  -0.1700
 -1.5541   0.3466
  0.2625   1.9114
 -0.6943  -0.6607
 -0.5564   0.1350
  0.9126  -0.4472
  0.5078   0.3013
 -0.3343  -0.7117
 -1.4496   0.5121
 -0.4197  -0.6934
 -0.5127   0.3317
  0.2720  -1.1630
  0.4894  -0.0217
  0.0574   1.0192
  0.0225  -0.0149
 -1.0798  -0.9847
 -0.4613  -0.1743
 -1.5085   0.0112
 -1.2374  -0.2316
 -0.7726   0.6279
  0.1139   0.8607
  0.2741  -0.5727
 -1.3463  -0.4600
  0.2530  -0.1175
 -1.3025   0.1557
 -0.6161  -0.6088
 -1.9507   0.5477
  0.6492   2.0284
 -0.1180   0.3394
 -0.4789  -0.0741
 -0.8810  -0.6795
 -0.8983   0.1233
 -1.0140  -0.6962
  0.1549   2.0229
 -1.5904   1.5703
  0.0487  -0.0774
 -1.3083   0.0034
 -0.6061   0.0332
 -1.2104  -0.8328
 -0.0949  -0.3103
 -0.4928   0.5561
 -1.1015   1.9289
 -0.5535  -0.7659
 -0.7436   0.3537
 -1.1793   2.2204
 -0.0098   0.1554
 -1.3963   0.6340
 -1.4346   0.8053
 -1.5638  -0.2930
 -0.5356  -0.3192
 -1.8623   1.2851
 -0.9812   1.2147
 -1.4397  -0.1523
 -0.2725   0.1410
 -0.0048   0.0189
  0.8955   1.2668
 -0.1286  -0.4301
 -0.2901  -0.9703
 -1.6437   0.9006
  0.6033   1.9879
 -0.1843  -0.4538
  0.9766   1.3905
  0.1621   0.3925
  0.0677   0.0524
 -1.8655   1.5937
 -1.4163   0.6368
 -0.6455   1.7214
  0.1525   0.0835
 -1.4006   2.2782
  0.8011   0.6193
 -0.9769  -0.3381
 -1.6287   0.7191
 -1.8198   1.0467
  0.0660   1.8726
 -0.6790   0.2132
 -0.6494   0.1096
  0.2957   0.6784
 -0.3088   0.3463
 -1.8977   0.2603
 -1.0124   0.5903
 -0.8216   1.4964
 -0.2115  -0.8014
 -0.4033  -0.2642
 -0.9665   0.6735
 -1.3496  -0.7306
 -0.3324   0.1364
  0.0421   1.6363
  1.0113   1.2769
 -0.6896   0.2063
  0.5859  -0.9994
  0.4319   0.6534
 -0.2600  -1.3129
 -0.7500   0.2309
  0.1792   0.4370
  0.2844   0.9812
  0.0966  -1.2250
 -1.1652   1.3444
 -1.0495   0.1262
 -0.8583  -0.1876
 -0.3961   0.3290
  0.3323   1.4629
  0.0610   2.0938
 -0.0470   0.0388
 -1.2300   1.3880
  0.3904  -0.0052
  0.4636   0.3377
 -0.8005  -0.3747
  0.5898   1.8237
 -0.2483  -0.8520
  0.2509  -0.0774
 -0.0954   1.5378
  0.1764   0.3009
 -0.7705  -0.5795
 -1.2261  -0.1723
 -0.0463   1.1490
 -0.7310  -0.8503
 -1.1238  -0.2635
 -0.0974   1.4597
 -0.3629   0.5501
 -0.8536  -0.2529
 -1.9372   0.2685
  0.7008   1.8448
 -1.0223  -0.3304
 -0.4058  -0.3574
  0.0786   0.6205
  0.4517   0.3898
 -0.3946  -0.6350
 -0.0758  -0.7951
  0.5801   1.6344
 -0.2092  -0.7271
 -0.9445   0.5258
  0.3246  -0.6988
 -0.9172   1.5846
 -0.9237  -1.0660
 -1.1679   0.6727
 -0.5155   0.1521
 -0.7590   0.3687
 -1.0888  -0.2789
 -1.0396   2.0705
 -0.8048   0.6943
 -1.4003  -0.3135
 -0.7997   1.2503
 -1.0612  -0.5047
 -1.2490   0.0254
 -1.4999   0.5905
 -0.4203  -1.1141
 -0.6317   1.7344
 -0.7127  -0.5749
 -1.8017   0.0064
 -0.3732  -0.2262
 -0.6458   0.3251
 -0.0978   0.3739
 -0.0408  -0.1062
  0.1409  -0.4649
 -0.0150  -0.0282
 -0.3432  -0.6575
 -0.7589  -0.6895
 -0.1590   0.6838
 -0.0766   0.4537
 -1.5192  -0.0836
  0.1855   1.6801
 -0.1181  -0.7963
 -1.5042  -0.2704
 -0.0688  -1.2771
 -0.3698   1.2582
  0.8058  -0.4717
  0.4132   0.8134
  0.4303  -0.6567
 -0.3918   0.2035
 -1.3515   0.0073
 -0.6821   0.0677
  0.5325   1.9682
 -0.3705  -0.4125
 -0.7667   1.5591
 -1.2331   0.9469
 -0.6188  -1.3554
 -1.5166  -0.2336
 -0.1558  -0.5206
  0.0150   0.6349
 -0.2115   0.0607
 -0.0608  -0.0959
  0.6282   1.3522
 -0.3950  -0.3839
 -0.9104   1.4228
 -0.5875   0.1444
 -0.0391   2.2723
 -0.7948  -0.4257
 -1.4724   0.6570
  0.4076   0.2922
  0.5727   0.2753
 -0.9926  -0.7181
 -0.0255   0.1329
  0.2030   1.7252
  0.1802  -0.8104
 -1.4471   0.8219
 -1.0312   0.5979
 -0.3194  -0.5091
 -0.7257   0.6826
 -1.0553  -0.0217
 -0.1283   1.4693
 -0.8699  -0.4177
 -1.0306   0.7458
 -1.8542   0.7742
 -0.7514   0.2889
 -1.6602  -0.5052
 -0.4708   0.0564
 -0.2115   2.3317
 -0.3299  -0.2321
  0.0129   0.8084
 -0.9629   1.5877
 -1.2072  -0.0407
 -1.0656   0.5390
 -0.9693   0.2238
 -0.4173   0.9010
 -0.9091  -0.7283
 -1.4443   0.3167
  0.0214   0.4753
  0.2526  -0.4350
 -1.6372  -0.0028
 -0.7617  -0.2357
 -0.1632   1.0678
  0.0778  -0.2350
 -0.3617  -0.8058
 -0.1559   0.2952
 -0.6251   0.4087
 -0.7178   0.2558
 -0.6766  -0.7229
  0.2087   1.7893
 -0.8271  -0.7995
 -1.4548   0.6429
 -1.9362   0.0967
 -1.1932  -0.3179
 -1.3543  -0.7073
  0.1941  -0.5739
 -0.2192   1.7212
  0.7296   0.2479
  0.0535   0.6397
  0.6851  -0.0773
 -0.9333   0.0521
 -1.4980  -0.1253
 -0.5802  -0.4818
  0.2953   0.7367
  0.0345   0.5446
 -0.8321   1.1684
 -0.3959   2.4279
 -0.8012  -0.8606
 -1.8032   1.4632
 -0.2697   0.1283
 -0.7769   1.1199
  0.5434   0.1685
  0.0609   0.5236
 -0.9720  -1.0410
 -0.9762  -0.3327
 -1.2896   0.0814
 -0.0467   1.8889
  0.5456   2.0206
 -1.0674  -0.7423
 -0.6680  -0.1354
 -0.2417   1.4625
 -0.3097  -0.7039
 -1.7789   0.7777
  1.1330   1.1454
 -0.3451   1.6247
  0.4312   0.0371
 -0.1784  -0.3991
  1.1280   1.5652
 -0.7784   0.1472
 -1.5459   0.9283
 -0.1210   0.8911
 -0.2689   2.1613
 -0.7387   0.2595
 -0.7790   2.2952
 -1.5901   1.9502
 -1.1370  -0.6431
 -1.5141   0.1500
  0.6736   0.1171
 -0.1944   1.8631
  0.7014  -0.6783
 -0.5858   2.0480
  0.4220   0.8159
 -0.0091   0.5389
 -0.7511  -0.7374
  0.1440   0.7868
 -0.1176   0.7390
  0.1238   0.2262
 -0.1168   1.5880
  0.7191   1.2796
  0.1460   0.1657
 -1.4679   0.8658
  1.0379   1.1497
  0.1899   1.1240
 -0.1679   0.0535
 -1.3585   1.1538
 -0.7640   0.6701
  0.7395   0.5713
  0.4226   0.0912
  0.7377   0.7181
 -0.0967   2.0270
  0.6642  -0.1565
  0.9887   1.2036
 -1.3059   0.5327
  0.3329   0.2185
 -0.4339  -0.7489
  0.8018   1.8618
  0.3034   1.9405
  0.2575  -0.1886
 -1.0231   1.0231
 -0.2796   2.3521
 -0.7972  -0.0500
 -0.8660   0.8906
  0.4680   0.6295
  0.7486   1.3240
  0.2555  -0.1183
  0.7592   0.1293
  0.5933   0.6419
  0.8149   0.2785
  0.1477   0.3054
 -0.0063   1.4695
  0.5568   1.8818
  0.4742   0.2046
  0.7702   1.9107
 -0.7190   0.8265
 -0.9237   0.3947
 -1.2778   0.3933
  0.7234   1.7408
 -0.1190   1.8795
 -0.4413  -0.7649
 -0.4117   1.9612
  0.1775   1.5321
 -0.2671   0.3185
 -1.4756   1.5069
  0.7427   1.5191
 -0.7805   2.0994
  0.1530  -0.0461
 -0.0096   1.9210
  0.7164   2.1270
 -0.3597  -0.6498
 -1.1010   1.1332
  0.2812   0.9295
 -0.4406   2.0719
  0.6020  -0.5697
  1.1328   1.1687
  0.6031   0.0486
 -0.6345  -1.1642
 -0.9553   0.3356
  0.7491   0.2273
  0.4566   0.9844
  0.1232  -0.7062
 -0.5280   1.3490
 -0.8773   0.0064
 -0.6692   0.0489
 -1.6961  -0.8441
  0.6605   0.7816
  0.0528   0.3400
 -0.3302   0.3307
 -0.7712   1.1120
 -0.3200   1.8330
 -1.3071  -1.1711
 -0.9606   0.5663
  0.8036   0.1851
 -0.4502   1.8155
  0.1820  -0.6937
  0.3081   0.3308
 -0.9328   0.4747
 -1.1209  -0.6552
 -1.0581   0.5298
  0.6350   1.3478
  0.2349   1.0994
 -0.0997   0.3983
  0.7773   0.4976
 -1.3306   0.5655
 -1.3797  -0.4162
 -1.5200  -0.0550
  0.9800   1.6790
  0.2030   1.3549
 -0.0441  -1.1051
 -0.8559  -0.1764
  1.0658   0.5195
 -0.0760  -0.7533
 -0.5742  -0.6242
  0.4277   1.6217
 -0.0987   1.3049
 -0.9069  -0.3043
 -1.3673  -0.4099
  0.2425  -0.5680
 -0.8746  -0.6641
 -0.9864   0.3177
  0.8390   1.5896
 -0.1234   1.4067
  0.8878   0.4844
 -0.1079  -0.2185
  0.1599   0.9419
 -0.8783   0.3637
 -1.0401   0.8065
 -0.0029   0.5838
 -0.5913   0.6363
 -0.0039  -0.5950
  0.3637   1.2123
 -1.2827  -0.5500
 -0.6760  -0.5341
 -1.6725   0.3792
  0.2094   0.6858
 -0.4293   1.3946
 -0.6106  -1.2735
 -1.4476   0.6365
  0.4355   1.1446
 -0.6456  -0.7663
 -0.7827   0.5748
 -0.1615   0.7539
 -0.5080   0.1336
 -1.3647   0.2147
 -1.2445   0.8549
 -0.5193   1.3101
 -0.7363  -1.0313
 -1.5055   1.0172
  1.0015   0.9623
 -0.8723   0.3403
 -0.5460   0.1303
 -1.7329   1.1675
  0.0361  -0.3012
 -1.2045   0.4617
 -1.0526   1.3979
  0.0633   1.4722
  0.2257   0.1300
 -0.3401  -0.4812
 -0.5193   1.6506
  0.4324   1.2469
 -0.9920   0.2735
 -1.8426   1.2365
  0.2332   0.8990
 -0.4348  -0.7378
 -1.1870  -0.5142
 -1.1307   0.6616
 -0.8914   1.4645
 -1.3824  -0.2853
 -0.9362   1.2054
  0.3978   0.3022
 -0.2033  -0.2975
 -0.4024  -0.7483
 -0.5684   2.1434
 -0.7155   1.0714
 -1.3827   0.7607
 -1.4016   0.4896
  0.8301   1.4822
 -0.7810  -0.3514
 -0.4043   0.3726
 -0.3631  -0.7210
  0.4574   0.4836
 -0.7975  -0.7566
 -1.5859   1.2235
  0.3654   0.4278
  0.0829  -0.3898
 -0.3403   0.2505
  0.6971   0.4139
  0.0148   1.6780
  0.0573  -0.2592
 -0.4906  -0.0017
  0.8707   1.3802
 -0.2168  -0.7138
 -0.7333   0.4776
 -0.8684   0.2342
 -0.8623   0.7448
 -1.0929  -0.0528
 -1.2634   1.2160
  0.1134   0.9091
  0.1405   0.3133
 -0.6786  -0.8360
 -0.2659   2.1446
 -0.1985   1.1622
  0.1260  -0.2563
 -0.6629   0.0410
  0.7071   1.5634
 -1.1420  -0.5445
 -0.3941   0.3350
 -0.1893   2.0616
 -0.7723   2.1308
 -0.9339   0.1497
 -0.7279   0.8990
  0.3198   1.7533
 -0.6684   0.3263
 -0.0796  -0.1984
  0.8887   1.5574
  0.5047   0.4498
 -0.3165   0.1026
 -1.4249   1.1239
  0.4607   1.6665
 -0.5675   0.3650
 -0.0996   0.2457
 -0.1462   2.3922
 -0.9046   1.1195
 -0.9119  -0.8018
 -0.4952   0.2607
  0.3902   0.6290
 -0.8307   0.4478
 -0.7530  -0.8228
 -0.4188   1.5847
  0.3916   0.5548
  0.2185   0.2552
 -1.5462   0.9315
  0.7417   1.7469
 -0.8630   0.1223
 -1.5272   0.8650
 -1.3494   0.3077
 -0.3468   2.1548
 -1.0688  -0.2353
 -0.7899   1.1182
  0.2133   2.0291
  0.8262   0.5839
 -0.7662  -0.8446
 -1.2985   1.2911
  0.4928   0.4802
  0.1746   0.2332
 -1.2967   1.1694
  0.4243   1.4731
 -0.9449  -0.5290
 -0.5768   0.5323
 -0.8845   0.1044
 -0.8790   1.6536
 -1.0496  -0.0080
 -1.5506  -0.2335
  0.4805   0.4943
 -0.0147  -0.3454
 -0.0584  -0.1332
 -0.1841   1.1709
 -1.5681   1.4480
 -0.9171  -0.4746
 -1.3963   0.4945
  0.9727   0.5395
 -0.1896   2.2953
 -0.4100  -0.8344
 -0.0470  -0.4680
 -0.0349   0.9162
 -0.3217   0.4554
 -0.9504  -0.4226
  0.2885   1.7927
  0.7726   0.8200
  0.2827   0.1636
 -0.7570   0.8029
  0.5005   0.9031
 -0.0466  -0.8032
 -1.3067   0.2607
  0.3559   0.5862
  0.3263   0.7930
  0.4440  -1.0529
 -0.2772  -0.6317
  0.8671   1.6301
 -0.4258  -0.4225
 -1.3877   0.8434
  0.5640   1.1940
 -0.0364   2.1950
 -0.0346  -0.7194
  1.0382   1.0609
  0.6728   1.3311
 -0.7689   0.4148
 -1.4088   0.7577
  0.8247   0.9869
  0.0322   1.4426
  0.2557   0.2226
 -0.8679  -0.7202
 -0.0830   1.7264
 -1.1681  -0.5787
 -0.8632   1.1633
  0.5945   0.7729
 -0.0623   1.6669
 -0.4790  -0.3105
 -0.0511   0.2812
 -0.3048   1.8200
 -0.6633   0.2292
 -1.3543  -0.2807
  0.4185   1.3696
 -0.0374   1.5919
  0.3252  -0.2727
  0.4087   1.0389
 -1.2835   1.6249
 -0.8287  -0.1203
 -1.3668  -0.3823
  0.6721   1.2202
  0.4893   1.1681
 -0.4270  -0.6617
 -0.3788  -0.6700
  0.5407   1.1591
  0.0294  -0.7358
 -1.3598  -0.3230
  0.9669   0.5654
 -0.1429   2.0151
 -0.2627  -1.2943
 -0.0804   0.2062
  0.0659   0.9368
 -0.5095  -0.8432
 -0.8484  -0.9616
  0.2907   1.8817
  0.9942   0.6282
 -0.3418  -0.7959
 -0.9748   1.4532
 -1.5515  -0.0501
 -0.1101   0.3671
 -1.0598  -0.7334
  0.7638   1.8667
 -0.0032   1.0310
  0.0012   0.3947
  0.1883   0.3555
 -0.4465   1.9140
 -1.3685  -0.5227
 -1.2345  -0.0872
  0.0042   0.9048
  0.3030   2.0551
 -0.9114  -0.1298
 -0.5915  -0.5839
 -1.6245   0.9024
 -0.0759  -0.4250
 -0.5572  -0.1447
  1.0010   1.8373
  0.1358   0.9141
  0.6537   0.4533
 -0.1631   1.2270
 -0.5741   2.0026
 -0.6703   0.4065
 -1.0190   0.4640
  0.0196   0.7242
  0.0632   1.9836
 -0.4195  -0.2699
 -0.5908   0.5078
 -0.8882   1.6735
 -0.4460   0.2905
 -1.9089  -0.1726
  0.8216   1.6539
 -0.3196   2.0529
 -0.2444   0.2322
 -1.4603   2.0244
 -0.6552   1.9817
 -1.1228  -0.5294
 -0.3811  -0.3199
 -0.2369   1.5884
 -0.1977  -0.6862
 -0.9346  -0.7987
  0.2447   1.9602
 -0.0145   0.1736
 -0.3042   0.1979
 -1.9159   0.4084
  0.5201   1.7690
 -0.5680   0.3703
 -0.0743  -0.1098
 -1.4029   1.1419
 -0.0585   1.8514
 -1.2639   0.3557
 -1.4828   0.4357
 -1.3346  -0.6997
 -0.8628  -0.1398
 -1.4159  -0.5336
  0.2601   0.3410
  0.1676   0.0215
  0.2504   0.2525
 -1.8459   1.1747
 -0.7573   0.3629
 -1.0026   0.5196
  0.0234  -0.9062
 -0.6621   1.6000
 -0.7628  -0.5382
 -1.4221   0.6401
 -1.6286  -0.5295
 -0.4249  -0.0549
  0.1986  -0.7309
 -0.4772   0.1816
 -0.2272   0.7674
  0.5422   0.9283
  0.2153  -0.9482
 -0.4195  -0.8096
  0.1876  -0.7467
  0.0026  -0.5951
 -0.1800  -0.6474
 -1.3951   0.1813
 -1.0707  -0.1789
 -1.0306  -0.7578
