   1   8.93799973 714.03747559   2.99997568
   2   8.86007500 695.52410889   3.07982850
   3   8.88873863 702.29632568   3.05012989
   4   8.88824081 702.17834473   3.05064249
   5   8.89050102 702.71417236   3.04831624
   6   8.88856792 702.25585938   3.05030560
   7   8.88757801 702.02130127   3.05132484
   8   8.88845348 702.22875977   3.05042338
   9   8.88614368 701.68139648   3.05280304
  10   8.88844299 702.22625732   3.05043435
  11   8.88582802 701.60668945   3.05312800
  12   8.88841534 702.21972656   3.05046272
  13   8.88481331 701.36639404   3.05417395
  14   8.88387585 701.14434814   3.05514121
  15   8.88707066 701.90106201   3.05184746
  16   8.88809967 702.14489746   3.05078769
  17   8.88515949 701.44836426   3.05381703
  18   8.88732052 701.96026611   3.05159020
  19   8.89263153 703.21948242   3.04612589
  20   8.88925838 702.41955566   3.04959488
  21   8.88905430 702.37121582   3.04980469
  22   8.88818073 702.16412354   3.05070424
  23   8.89309597 703.32971191   3.04564834
  24   8.88381004 701.12878418   3.05520916
  25   8.88749790 702.00225830   3.05140758
  26   8.88410091 701.19763184   3.05490899
  27   8.88365936 701.09307861   3.05536461
  28   8.88684177 701.84686279   3.05208325
  29   8.88752937 702.00976562   3.05137491
  30   8.88525009 701.46978760   3.05372381
  31   8.88642883 701.74902344   3.05250859
  32   8.88740253 701.97967529   3.05150580
  33   8.88485336 701.37585449   3.05413294
  34   8.88714790 701.91937256   3.05176783
  35   8.88837624 702.21044922   3.05050302
  36   8.88549805 701.52850342   3.05346823
  37   8.88792324 702.10308838   3.05096936
  38   8.89100170 702.83288574   3.04780126
  39   8.89039707 702.68951416   3.04842305
  40   8.88659000 701.78717041   3.05234289
  41   8.88513947 701.44354248   3.05383801
  42   8.88687611 701.85498047   3.05204797
  43   8.88902473 702.36419678   3.04983521
  44   8.89132977 702.91070557   3.04746389
  45   8.88607693 701.66564941   3.05287147
  46   8.88798523 702.11779785   3.05090547
  47   8.88930321 702.43017578   3.04954863
  48   8.88907433 702.37591553   3.04978418
  49   8.88708305 701.90399170   3.05183482
  50   8.88989162 702.56970215   3.04894304
  51   8.88971710 702.52825928   3.04912281
  52   8.88735199 701.96771240   3.05155778
  53   8.88669968 701.81317139   3.05222964
  54   8.88477516 701.35729980   3.05421352
  55   8.88667583 701.80749512   3.05225444
  56   8.89250851 703.19030762   3.04625225
  57   8.89167023 702.99145508   3.04711390
  58   8.88706017 701.89855957   3.05185843
  59   8.88534451 701.49218750   3.05362630
  60   8.88871861 702.29156494   3.05015063
  61   8.88897514 702.35241699   3.04988647
  62   8.88880157 702.31127930   3.05006504
  63   8.89253616 703.19689941   3.04622364
  64   8.88665581 701.80273438   3.05227518
  65   8.89067078 702.75445557   3.04814148
  66   8.88872337 702.29272461   3.05014563
  67   8.88766384 702.04162598   3.05123639
  68   8.88559151 701.55065918   3.05337191
  69   8.88748932 702.00024414   3.05141640
  70   8.89186287 703.03710938   3.04691625
  71   8.88574696 701.58746338   3.05321169
  72   8.88528156 701.47723389   3.05369139
  73   8.88511944 701.43884277   3.05385876
  74   8.88516808 701.45037842   3.05380845
  75   8.88925362 702.41839600   3.04959965
  76   8.88820648 702.17022705   3.05067754
  77   8.88844395 702.22650146   3.05043316
  78   8.88623238 701.70245361   3.05271125
  79   8.88805485 702.13427734   3.05083370
  80   8.89202785 703.07629395   3.04674625
  81   8.88561535 701.55633545   3.05334711
  82   8.88798046 702.11663818   3.05091071
  83   8.88962746 702.50701904   3.04921508
  84   8.88759136 702.02447510   3.05131102
  85   8.88731098 701.95800781   3.05159998
  86   8.88220310 700.74835205   3.05686784
  87   8.88754272 702.01293945   3.05136108
  88   8.88507557 701.42840576   3.05390406
  89   8.88772869 702.05700684   3.05116963
  90   8.88741684 701.98309326   3.05149102
  91   8.88804817 702.13269043   3.05084062
  92   8.88768482 702.04663086   3.05121493
  93   8.88694000 701.87005615   3.05198240
  94   8.88421059 701.22363281   3.05479574
  95   8.88896847 702.35083008   3.04989338
  96   8.88453579 701.30059814   3.05446076
  97   8.88601685 701.65142822   3.05293322
  98   8.88794136 702.10736084   3.05095077
  99   8.89109612 702.85528564   3.04770422
 100   8.88554955 701.54071045   3.05341506
 101   8.88966656 702.51629639   3.04917502
 102 702.51629639  3.04917502
