 -0.51410000000000000       -2.1299999999999986E-002   0.0000000000000000     
 -0.51410000000000000       0.47870000000000001        0.0000000000000000     
 -0.51410000000000000       0.97869999999999990        0.0000000000000000     
 -0.51410000000000000        1.4786999999999999        4.0000000000000001E-003
 -0.51410000000000000        1.9786999999999999        0.0000000000000000     
 -0.51410000000000000        2.4786999999999999        0.0000000000000000     
 -0.51410000000000000        2.9786999999999999        4.0000000000000001E-003
  
  -1.4100000000000001E-002  -2.1299999999999986E-002   0.0000000000000000     
  -1.4100000000000001E-002  0.47870000000000001        4.0000000000000001E-003
  -1.4100000000000001E-002  0.97869999999999990        4.0000000000000001E-003
  -1.4100000000000001E-002   1.4786999999999999        4.0000000000000001E-003
  -1.4100000000000001E-002   1.9786999999999999        0.0000000000000000     
  -1.4100000000000001E-002   2.4786999999999999        0.0000000000000000     
  -1.4100000000000001E-002   2.9786999999999999        0.0000000000000000     
  
  0.48590000000000000       -2.1299999999999986E-002   0.0000000000000000     
  0.48590000000000000       0.47870000000000001        4.0000000000000001E-003
  0.48590000000000000       0.97869999999999990        8.0000000000000002E-003
  0.48590000000000000        1.4786999999999999        6.4000000000000001E-002
  0.48590000000000000        1.9786999999999999        4.8000000000000001E-002
  0.48590000000000000        2.4786999999999999       0.14399999999999999     
  0.48590000000000000        2.9786999999999999        5.6000000000000001E-002
  
  0.98590000000000000       -2.1299999999999986E-002   4.0000000000000001E-003
  0.98590000000000000       0.47870000000000001        3.5999999999999997E-002
  0.98590000000000000       0.97869999999999990        2.0000000000000000E-002
  0.98590000000000000        1.4786999999999999       0.17599999999999999     
  0.98590000000000000        1.9786999999999999       0.16000000000000000     
  0.98590000000000000        2.4786999999999999       0.41599999999999998     
  0.98590000000000000        2.9786999999999999        3.2000000000000001E-002
  
   1.4859000000000000       -2.1299999999999986E-002   1.2000000000000000E-002
   1.4859000000000000       0.47870000000000001        5.1999999999999998E-002
   1.4859000000000000       0.97869999999999990        6.8000000000000005E-002
   1.4859000000000000        1.4786999999999999       0.23999999999999999     
   1.4859000000000000        1.9786999999999999       0.15200000000000000     
   1.4859000000000000        2.4786999999999999       0.21199999999999999     
   1.4859000000000000        2.9786999999999999        1.2000000000000000E-002
  
   1.9859000000000000       -2.1299999999999986E-002   2.0000000000000000E-002
   1.9859000000000000       0.47870000000000001        8.7999999999999995E-002
   1.9859000000000000       0.97869999999999990       0.13200000000000001     
   1.9859000000000000        1.4786999999999999       0.37600000000000000     
   1.9859000000000000        1.9786999999999999       0.24800000000000000     
   1.9859000000000000        2.4786999999999999       0.16000000000000000     
   1.9859000000000000        2.9786999999999999        1.2000000000000000E-002
  
   2.4859000000000000       -2.1299999999999986E-002   2.0000000000000000E-002
   2.4859000000000000       0.47870000000000001        4.0000000000000001E-002
   2.4859000000000000       0.97869999999999990       0.10800000000000000     
   2.4859000000000000        1.4786999999999999       0.26800000000000002     
   2.4859000000000000        1.9786999999999999       0.18800000000000000     
   2.4859000000000000        2.4786999999999999       0.17599999999999999     
   2.4859000000000000        2.9786999999999999        4.0000000000000001E-003
  
   2.9859000000000000       -2.1299999999999986E-002   8.0000000000000002E-003
   2.9859000000000000       0.47870000000000001        2.0000000000000000E-002
   2.9859000000000000       0.97869999999999990        4.3999999999999997E-002
   2.9859000000000000        1.4786999999999999        6.8000000000000005E-002
   2.9859000000000000        1.9786999999999999        5.6000000000000001E-002
   2.9859000000000000        2.4786999999999999        1.2000000000000000E-002
   2.9859000000000000        2.9786999999999999        0.0000000000000000     
  
   3.4859000000000000       -2.1299999999999986E-002   0.0000000000000000     
   3.4859000000000000       0.47870000000000001        0.0000000000000000     
   3.4859000000000000       0.97869999999999990        0.0000000000000000     
   3.4859000000000000        1.4786999999999999        8.0000000000000002E-003
   3.4859000000000000        1.9786999999999999        4.0000000000000001E-003
   3.4859000000000000        2.4786999999999999        4.0000000000000001E-003
   3.4859000000000000        2.9786999999999999        0.0000000000000000     
  
