 -0.51410000000000000       -2.1299999999999986E-002   0.0000000000000000     
 -0.51410000000000000       0.47870000000000001        0.0000000000000000     
 -0.51410000000000000       0.97869999999999990        0.0000000000000000     
 -0.51410000000000000        1.4786999999999999        0.0000000000000000     
 -0.51410000000000000        1.9786999999999999        0.0000000000000000     
 -0.51410000000000000        2.4786999999999999        0.0000000000000000     
 -0.51410000000000000        2.9786999999999999        0.0000000000000000     
  
  -1.4100000000000001E-002  -2.1299999999999986E-002   0.0000000000000000     
  -1.4100000000000001E-002  0.47870000000000001        0.0000000000000000     
  -1.4100000000000001E-002  0.97869999999999990        0.0000000000000000     
  -1.4100000000000001E-002   1.4786999999999999        0.0000000000000000     
  -1.4100000000000001E-002   1.9786999999999999        0.0000000000000000     
  -1.4100000000000001E-002   2.4786999999999999        0.0000000000000000     
  -1.4100000000000001E-002   2.9786999999999999        0.0000000000000000     
  
  0.48590000000000000       -2.1299999999999986E-002   0.0000000000000000     
  0.48590000000000000       0.47870000000000001        0.0000000000000000     
  0.48590000000000000       0.97869999999999990      -0.69314718055994451     
  0.48590000000000000        1.4786999999999999       -2.7725887222397807     
  0.48590000000000000        1.9786999999999999       -2.4849066497879999     
  0.48590000000000000        2.4786999999999999       -3.5835189384561095     
  0.48590000000000000        2.9786999999999999       -2.6390573296152584     
  
  0.98590000000000000       -2.1299999999999986E-002   0.0000000000000000     
  0.98590000000000000       0.47870000000000001       -2.1972245773362187     
  0.98590000000000000       0.97869999999999990       -1.6094379124341001     
  0.98590000000000000        1.4786999999999999       -3.7841896339182606     
  0.98590000000000000        1.9786999999999999       -3.6888794541139358     
  0.98590000000000000        2.4786999999999999       -4.6443908991413725     
  0.98590000000000000        2.9786999999999999       -2.0794415416798357     
  
   1.4859000000000000       -2.1299999999999986E-002  -1.0986122886681091     
   1.4859000000000000       0.47870000000000001       -2.5649493574615363     
   1.4859000000000000       0.97869999999999990       -2.8332133440562157     
   1.4859000000000000        1.4786999999999999       -4.0943445622221004     
   1.4859000000000000        1.9786999999999999       -3.6375861597263857     
   1.4859000000000000        2.4786999999999999       -3.9702919135521215     
   1.4859000000000000        2.9786999999999999       -1.0986122886681091     
  
   1.9859000000000000       -2.1299999999999986E-002  -1.6094379124341001     
   1.9859000000000000       0.47870000000000001       -3.0910424533583152     
   1.9859000000000000       0.97869999999999990       -3.4965075614664798     
   1.9859000000000000        1.4786999999999999       -4.5432947822700038     
   1.9859000000000000        1.9786999999999999       -4.1271343850450908     
   1.9859000000000000        2.4786999999999999       -3.6888794541139358     
   1.9859000000000000        2.9786999999999999       -1.0986122886681091     
  
   2.4859000000000000       -2.1299999999999986E-002  -1.6094379124341001     
   2.4859000000000000       0.47870000000000001       -2.3025850929940455     
   2.4859000000000000       0.97869999999999990       -3.2958368660043287     
   2.4859000000000000        1.4786999999999999       -4.2046926193909657     
   2.4859000000000000        1.9786999999999999       -3.8501476017100584     
   2.4859000000000000        2.4786999999999999       -3.7841896339182606     
   2.4859000000000000        2.9786999999999999        0.0000000000000000     
  
   2.9859000000000000       -2.1299999999999986E-002 -0.69314718055994451     
   2.9859000000000000       0.47870000000000001       -1.6094379124341001     
   2.9859000000000000       0.97869999999999990       -2.3978952727983702     
   2.9859000000000000        1.4786999999999999       -2.8332133440562157     
   2.9859000000000000        1.9786999999999999       -2.6390573296152584     
   2.9859000000000000        2.4786999999999999       -1.0986122886681091     
   2.9859000000000000        2.9786999999999999        0.0000000000000000     
  
   3.4859000000000000       -2.1299999999999986E-002   0.0000000000000000     
   3.4859000000000000       0.47870000000000001        0.0000000000000000     
   3.4859000000000000       0.97869999999999990        0.0000000000000000     
   3.4859000000000000        1.4786999999999999      -0.69314718055994451     
   3.4859000000000000        1.9786999999999999        0.0000000000000000     
   3.4859000000000000        2.4786999999999999        0.0000000000000000     
   3.4859000000000000        2.9786999999999999        0.0000000000000000     
  
